datetime,open,close,high,low,volume,turnover,amplitude,pricelimit,change,turnoverratio
2010-01-04,8.21,8.23,8.36,8.14,356256,293994880.0,2.69,0.49,0.04,2.64
2010-01-05,8.19,7.95,8.2,7.66,518111,407823040.0,6.56,-3.4,-0.28,3.85
2010-01-06,7.82,7.84,7.95,7.72,412900,322429600.0,2.89,-1.38,-0.11,3.06
2010-01-07,7.77,7.67,7.8,7.55,371014,284271392.0,3.19,-2.17,-0.17,2.75
2010-01-08,7.6,7.77,7.84,7.55,239185,185280576.0,3.78,1.3,0.1,1.78
2010-01-11,7.88,7.53,7.88,7.4,282415,214384752.0,6.18,-3.09,-0.24,2.1
2010-01-12,7.52,7.58,7.63,7.29,365657,272702816.0,4.52,0.66,0.05,2.71
2010-01-13,7.37,7.35,7.43,7.29,258081,189491248.0,1.85,-3.03,-0.23,1.92
2010-01-14,7.35,7.44,7.46,7.28,220565,162733616.0,2.45,1.22,0.09,1.64
2010-01-15,7.44,7.95,8.0,7.43,681958,531407072.0,7.66,6.85,0.51,5.06
2010-01-18,7.95,8.29,8.4,7.83,676569,556326464.0,7.17,4.28,0.34,5.02
2010-01-19,8.35,8.26,8.42,8.15,476138,393789120.0,3.26,-0.36,-0.03,3.53
2010-01-20,8.28,8.15,8.41,8.04,397591,325978464.0,4.48,-1.33,-0.11,2.95
2010-01-21,8.11,8.29,8.32,8.05,343358,281053760.0,3.31,1.72,0.14,2.55
2010-01-22,8.21,7.89,8.26,7.88,356801,287487488.0,4.58,-4.83,-0.4,2.65
2010-01-25,7.88,7.76,7.93,7.61,204127,158273008.0,4.06,-1.65,-0.13,1.52
2010-01-26,7.75,7.6,7.89,7.45,186282,142216256.0,5.67,-2.06,-0.16,1.38
2010-01-27,7.53,7.55,7.71,7.48,184863,139689040.0,3.03,-0.66,-0.05,1.37
2010-01-28,7.51,7.64,7.64,7.37,169186,126472984.0,3.58,1.19,0.09,1.26
2010-01-29,7.55,7.64,7.71,7.49,162028,123378528.0,2.88,0.0,0.0,1.2
2010-02-01,7.54,7.71,7.74,7.38,200991,151412976.0,4.71,0.92,0.07,1.49
2010-02-02,7.73,7.86,8.05,7.69,314527,248516128.0,4.67,1.95,0.15,2.33
2010-02-03,7.87,7.99,8.04,7.49,273237,213389488.0,7.0,1.65,0.13,2.03
2010-02-04,7.9,8.06,8.11,7.83,242244,193211536.0,3.5,0.88,0.07,1.8
2010-02-05,7.88,7.8,8.05,7.73,228420,180103584.0,3.97,-3.23,-0.26,1.7
2010-02-08,7.81,7.8,7.86,7.67,81879,63487160.0,2.44,0.0,0.0,0.61
2010-02-09,7.78,7.71,7.83,7.54,100677,77347848.0,3.72,-1.15,-0.09,0.75
2010-02-10,7.72,7.93,7.95,7.67,130094,101743312.0,3.63,2.85,0.22,0.97
2010-02-11,7.92,8.08,8.17,7.88,218129,176176992.0,3.66,1.89,0.15,1.62
2010-02-12,8.12,8.19,8.23,8.01,170386,138765984.0,2.72,1.36,0.11,1.26
2010-02-22,8.15,8.01,8.15,7.98,125767,100961272.0,2.08,-2.2,-0.18,0.93
2010-02-23,8.0,7.87,8.02,7.7,152725,119145000.0,4.0,-1.75,-0.14,1.13
2010-02-24,7.77,7.95,7.98,7.7,128517,100760592.0,3.56,1.02,0.08,0.95
2010-02-25,8.0,8.18,8.22,7.91,275718,223900384.0,3.9,2.89,0.23,2.05
2010-02-26,8.24,8.19,8.36,8.13,346929,286525984.0,2.81,0.12,0.01,2.58
2010-03-01,8.15,8.18,8.29,8.07,190327,155417904.0,2.69,-0.12,-0.01,1.41
2010-03-02,8.22,8.33,8.35,8.15,282097,233640368.0,2.44,1.83,0.15,2.09
2010-03-03,8.4,8.44,8.52,8.28,355704,299122240.0,2.88,1.32,0.11,2.64
2010-03-04,8.5,8.28,8.63,8.1,332600,279541312.0,6.28,-1.9,-0.16,2.47
2010-03-05,8.27,8.25,8.32,8.08,173284,141659376.0,2.9,-0.36,-0.03,1.29
2010-03-08,8.2,8.27,8.33,8.12,154137,127151424.0,2.55,0.24,0.02,1.14
2010-03-09,8.26,8.5,8.67,8.12,491928,417181952.0,6.65,2.78,0.23,3.65
2010-03-10,8.5,8.48,8.56,8.32,241716,203952496.0,2.82,-0.24,-0.02,1.79
2010-03-11,8.46,8.47,8.57,8.28,176943,149209472.0,3.42,-0.12,-0.01,1.31
2010-03-12,8.48,8.37,8.54,8.29,197553,166034976.0,2.95,-1.18,-0.1,1.47
2010-03-15,8.33,8.28,8.48,8.19,142150,117867464.0,3.46,-1.08,-0.09,1.06
2010-03-16,8.35,8.26,8.35,8.01,134702,110033368.0,4.11,-0.24,-0.02,1.0
2010-03-17,8.24,8.44,8.45,8.18,207773,173637984.0,3.27,2.18,0.18,1.54
2010-03-18,8.44,8.67,8.78,8.4,458056,395886528.0,4.5,2.73,0.23,3.4
2010-03-19,8.69,8.7,8.78,8.58,244990,212773168.0,2.31,0.35,0.03,1.82
2010-03-22,8.73,8.85,8.91,8.69,291107,257051680.0,2.53,1.72,0.15,2.16
2010-03-23,8.71,8.72,8.77,8.62,224924,195330432.0,1.69,-1.47,-0.13,1.67
2010-03-24,8.72,8.98,9.06,8.6,333568,295082656.0,5.28,2.98,0.26,2.48
2010-03-25,8.9,9.05,9.14,8.88,433133,391515680.0,2.9,0.78,0.07,3.22
2010-03-26,9.18,9.2,9.37,8.95,452921,412628064.0,4.64,1.66,0.15,3.36
2010-03-29,9.18,9.1,9.27,9.04,258981,236649120.0,2.5,-1.09,-0.1,1.92
2010-03-30,9.08,9.13,9.29,9.06,269959,247480688.0,2.53,0.33,0.03,2.0
2010-03-31,9.1,9.06,9.13,8.95,208656,188563776.0,1.97,-0.77,-0.07,1.55
2010-04-01,9.1,9.35,9.38,9.05,353327,327280032.0,3.64,3.2,0.29,2.62
2010-04-02,9.38,9.7,9.74,9.25,330423,313600544.0,5.24,3.74,0.35,2.45
2010-04-06,9.7,9.59,9.78,9.43,360497,344721824.0,3.61,-1.13,-0.11,2.68
2010-04-07,9.53,9.5,9.55,9.26,381247,357777152.0,3.02,-0.94,-0.09,2.83
2010-04-08,9.46,9.5,9.67,9.37,523534,497791936.0,3.16,0.0,0.0,3.89
2010-04-09,9.52,9.21,9.58,9.02,637943,587417152.0,5.89,-3.05,-0.29,4.74
2010-04-12,9.25,8.97,9.29,8.71,761994,678800448.0,6.3,-2.61,-0.24,5.66
2010-04-13,9.09,8.73,9.1,8.45,858113,756692672.0,7.25,-2.68,-0.24,6.37
2010-04-14,8.7,8.78,8.84,8.62,296500,259593184.0,2.52,0.57,0.05,2.2
2010-04-15,8.74,8.5,8.74,8.45,384881,328367040.0,3.3,-3.19,-0.28,2.86
2010-04-16,8.4,8.56,8.71,8.37,290415,248635088.0,4.0,0.71,0.06,2.16
2010-04-19,8.4,7.99,8.45,7.97,396174,324928960.0,5.61,-6.66,-0.57,2.94
2010-04-20,7.99,7.87,8.06,7.69,274557,214683232.0,4.63,-1.5,-0.12,2.04
2010-04-21,7.84,7.93,7.99,7.77,420159,331254944.0,2.8,0.76,0.06,3.12
2010-04-22,7.85,7.65,7.86,7.51,441012,339184928.0,4.41,-3.53,-0.28,3.27
2010-04-23,7.65,7.72,7.8,7.62,262749,203093568.0,2.35,0.92,0.07,1.95
2010-04-26,7.77,7.63,7.79,7.6,235084,180427824.0,2.46,-1.17,-0.09,1.75
2010-04-27,7.53,7.6,7.7,7.4,311498,234986816.0,3.93,-0.39,-0.03,2.31
2010-04-28,7.55,7.68,7.78,7.51,236996,182059104.0,3.55,1.05,0.08,1.76
2010-04-29,7.72,7.59,7.75,7.56,242660,186089360.0,2.47,-1.17,-0.09,1.8
2010-04-30,7.56,7.55,7.62,7.41,208958,157055536.0,2.77,-0.53,-0.04,1.55
2010-05-04,7.41,7.28,7.51,7.13,256946,188226320.0,5.03,-3.58,-0.27,1.91
2010-05-06,7.43,7.0,7.47,6.99,308161,222647504.0,6.59,-3.85,-0.28,2.29
2010-05-07,6.78,6.95,7.08,6.72,192419,133424816.0,5.14,-0.71,-0.05,1.43
2010-05-10,6.98,7.04,7.13,6.9,153532,108005960.0,3.31,1.29,0.09,1.14
2010-05-11,7.15,6.72,7.18,6.6,202505,139447024.0,8.24,-4.55,-0.32,1.5
2010-05-12,6.68,6.9,6.93,6.53,300145,203254880.0,5.95,2.68,0.18,2.23
2010-05-13,6.88,6.9,6.92,6.68,256411,175115376.0,3.48,0.0,0.0,1.9
2010-05-14,6.83,6.8,6.9,6.76,188741,128678424.0,2.03,-1.45,-0.1,1.4
2010-05-17,6.67,6.25,6.75,6.23,216114,140846560.0,7.65,-8.09,-0.55,1.6
2010-05-18,6.25,6.65,6.74,6.21,415880,269220704.0,8.48,6.4,0.4,3.09
2010-05-19,6.52,6.54,6.66,6.4,280748,182638704.0,3.91,-1.65,-0.11,2.08
2010-05-20,6.43,6.37,6.6,6.3,173009,111503880.0,4.59,-2.6,-0.17,1.28
2010-05-21,6.18,6.57,6.62,6.12,291818,189053776.0,7.85,3.14,0.2,2.17
2010-05-24,6.71,6.95,7.2,6.66,611529,424559616.0,8.22,5.78,0.38,4.54
2010-05-25,6.81,6.9,6.95,6.69,308552,210462048.0,3.74,-0.72,-0.05,2.29
2010-05-26,6.97,7.01,7.08,6.85,353016,247303312.0,3.33,1.59,0.11,2.62
2010-05-27,6.93,7.08,7.12,6.84,256724,179726208.0,3.99,1.0,0.07,1.91
2010-05-28,7.13,7.08,7.16,7.0,238227,168120624.0,2.26,0.0,0.0,1.77
2010-05-31,7.03,6.97,7.12,6.96,235525,165729328.0,2.26,-1.55,-0.11,1.75
2010-06-01,3.55,3.56,3.69,3.49,413067,147675104.0,2.87,-48.92,-3.41,1.61
2010-06-02,3.55,3.67,3.68,3.52,475470,171504608.0,4.49,3.09,0.11,1.86
2010-06-03,3.7,3.54,3.7,3.54,434685,156660752.0,4.36,-3.54,-0.13,1.7
2010-06-04,3.51,3.57,3.61,3.43,392535,138357184.0,5.08,0.85,0.03,1.53
2010-06-07,3.46,3.51,3.52,3.45,291617,101618952.0,1.96,-1.68,-0.06,1.14
2010-06-08,3.49,3.48,3.53,3.45,232017,80724008.0,2.28,-0.85,-0.03,0.91
2010-06-09,3.49,3.6,3.61,3.45,473742,167481216.0,4.6,3.45,0.12,1.85
2010-06-10,3.55,3.52,3.58,3.49,378481,133865016.0,2.5,-2.22,-0.08,1.48
2010-06-11,3.53,3.56,3.59,3.51,312098,111007952.0,2.27,1.14,0.04,1.22
2010-06-17,3.57,3.53,3.59,3.5,272694,96559536.0,2.53,-0.84,-0.03,1.07
2010-06-18,3.53,3.45,3.63,3.41,474474,167822240.0,6.23,-2.27,-0.08,1.85
2010-06-21,3.47,3.57,3.63,3.4,567515,201594080.0,6.67,3.48,0.12,2.22
2010-06-22,3.58,3.57,3.59,3.5,359628,127452032.0,2.52,0.0,0.0,1.41
2010-06-23,3.53,3.63,3.65,3.51,517223,184835424.0,3.92,1.68,0.06,2.02
2010-06-24,3.61,3.68,3.69,3.59,716332,261176096.0,2.75,1.38,0.05,2.8
2010-06-25,3.63,3.62,3.7,3.54,443750,160883312.0,4.35,-1.63,-0.06,1.73
2010-06-28,3.6,3.53,3.65,3.53,313018,112090408.0,3.31,-2.49,-0.09,1.22
2010-06-29,3.54,3.27,3.56,3.22,458771,155530480.0,9.63,-7.37,-0.26,1.79
2010-06-30,3.24,3.15,3.27,3.13,252862,80672128.0,4.28,-3.67,-0.12,0.99
2010-07-01,3.14,3.24,3.35,3.13,512123,167046400.0,6.98,2.86,0.09,2.0
2010-07-02,3.22,3.32,3.35,3.15,526084,170668000.0,6.17,2.47,0.08,2.06
2010-07-05,3.26,3.27,3.31,3.19,385511,125155992.0,3.61,-1.51,-0.05,1.51
2010-07-06,3.25,3.31,3.33,3.23,374245,123302480.0,3.06,1.22,0.04,1.46
2010-07-07,3.3,3.3,3.31,3.25,239643,78797712.0,1.81,-0.3,-0.01,0.94
2010-07-08,3.31,3.32,3.37,3.28,437507,145406912.0,2.73,0.61,0.02,1.71
2010-07-09,3.31,3.37,3.41,3.27,565605,189387088.0,4.22,1.51,0.05,2.21
2010-07-12,3.33,3.45,3.53,3.31,789869,271306560.0,6.53,2.37,0.08,3.09
2010-07-13,3.37,3.3,3.38,3.28,448468,149246640.0,2.9,-4.35,-0.15,1.75
2010-07-14,3.3,3.32,3.36,3.22,360103,119204112.0,4.24,0.61,0.02,1.41
2010-07-15,3.3,3.27,3.35,3.23,281395,92802368.0,3.61,-1.51,-0.05,1.1
2010-07-16,3.24,3.32,3.34,3.21,298252,97865624.0,3.98,1.53,0.05,1.17
2010-07-19,3.26,3.37,3.38,3.26,415160,138946272.0,3.61,1.51,0.05,1.62
2010-07-20,3.36,3.44,3.46,3.34,451817,154355872.0,3.56,2.08,0.07,1.77
2010-07-21,3.45,3.42,3.47,3.39,446373,152694496.0,2.33,-0.58,-0.02,1.74
2010-07-22,3.44,3.51,3.55,3.41,711380,248296000.0,4.09,2.63,0.09,2.78
2010-07-23,3.5,3.48,3.51,3.43,421073,145812000.0,2.28,-0.85,-0.03,1.65
2010-07-26,3.48,3.49,3.53,3.45,315412,109966392.0,2.3,0.29,0.01,1.23
2010-07-27,3.49,3.49,3.54,3.46,371879,130668048.0,2.29,0.0,0.0,1.45
2010-07-28,3.49,3.63,3.66,3.46,841891,301706368.0,5.73,4.01,0.14,3.29
2010-07-29,3.67,3.99,3.99,3.63,2587303,1001771840.0,9.92,9.92,0.36,10.11
2010-07-30,3.97,4.09,4.18,3.85,2385764,963205632.0,8.27,2.51,0.1,9.32
2010-08-02,4.07,4.15,4.21,3.97,1633747,667842368.0,5.87,1.47,0.06,6.38
2010-08-03,4.12,4.06,4.2,4.06,1368903,565315712.0,3.37,-2.17,-0.09,5.35
2010-08-04,4.02,4.06,4.08,3.87,1506205,598281408.0,5.17,0.0,0.0,5.88
2010-08-05,4.0,3.99,4.02,3.9,942704,374212992.0,2.96,-1.72,-0.07,3.68
2010-08-06,3.94,3.98,3.99,3.87,911846,359196064.0,3.01,-0.25,-0.01,3.56
2010-08-09,3.96,4.05,4.08,3.9,1240552,498115648.0,4.52,1.76,0.07,4.85
2010-08-10,4.04,3.87,4.04,3.85,893238,352852736.0,4.69,-4.44,-0.18,3.49
2010-08-11,3.84,3.9,3.94,3.81,477209,185194048.0,3.36,0.78,0.03,1.86
2010-08-12,3.86,3.91,4.03,3.83,757556,299314816.0,5.13,0.26,0.01,2.96
2010-08-13,3.91,3.95,3.96,3.83,543513,212401712.0,3.32,1.02,0.04,2.12
2010-08-16,3.92,3.99,4.07,3.9,815257,324918176.0,4.3,1.01,0.04,3.19
2010-08-17,3.98,3.99,4.02,3.91,857658,340278304.0,2.76,0.0,0.0,3.35
2010-08-18,3.99,3.91,3.99,3.88,673853,264770656.0,2.76,-2.01,-0.08,2.63
2010-08-19,3.91,3.9,3.95,3.86,585731,228749968.0,2.3,-0.26,-0.01,2.29
2010-08-20,3.88,3.83,3.94,3.82,593180,229177248.0,3.08,-1.79,-0.07,2.32
2010-08-23,3.82,3.78,3.86,3.76,522949,198588384.0,2.61,-1.31,-0.05,2.04
2010-08-24,3.75,3.81,3.85,3.75,434573,166256656.0,2.65,0.79,0.03,1.7
2010-08-25,3.8,3.66,3.8,3.65,618705,230019456.0,3.94,-3.94,-0.15,2.42
2010-08-26,3.64,3.68,3.76,3.64,286991,105784160.0,3.28,0.55,0.02,1.12
2010-08-27,3.68,3.68,3.74,3.63,312619,115337440.0,2.99,0.0,0.0,1.22
2010-08-30,3.7,3.7,3.73,3.65,334824,123355176.0,2.17,0.54,0.02,1.31
2010-08-31,3.67,3.64,3.69,3.63,399852,145998816.0,1.62,-1.62,-0.06,1.56
2010-09-01,3.64,3.57,3.67,3.55,501004,180643552.0,3.3,-1.92,-0.07,1.96
2010-09-02,3.59,3.57,3.61,3.54,483164,172423776.0,1.96,0.0,0.0,1.89
2010-09-03,3.57,3.49,3.58,3.46,502745,176495232.0,3.36,-2.24,-0.08,1.96
2010-09-06,3.49,3.56,3.59,3.49,403616,143169344.0,2.87,2.01,0.07,1.58
2010-09-07,3.57,3.59,3.62,3.55,385421,138290080.0,1.97,0.84,0.03,1.51
2010-09-08,3.58,3.53,3.59,3.5,387963,136970592.0,2.51,-1.67,-0.06,1.52
2010-09-09,3.52,3.44,3.53,3.43,387192,134643232.0,2.83,-2.55,-0.09,1.51
2010-09-10,3.44,3.41,3.45,3.35,328880,111459424.0,2.91,-0.87,-0.03,1.28
2010-09-13,3.4,3.5,3.55,3.36,645525,224014384.0,5.57,2.64,0.09,2.52
2010-09-14,3.48,3.43,3.48,3.41,379566,130442400.0,2.0,-2.0,-0.07,1.48
2010-09-15,3.42,3.4,3.45,3.38,259907,88582816.0,2.04,-0.87,-0.03,1.02
2010-09-16,3.39,3.32,3.43,3.31,338777,114012832.0,3.53,-2.35,-0.08,1.32
2010-09-17,3.33,3.34,3.36,3.31,205912,68726856.0,1.51,0.6,0.02,0.8
2010-09-20,3.34,3.29,3.37,3.28,233614,77285008.0,2.69,-1.5,-0.05,0.91
2010-09-21,3.3,3.3,3.33,3.27,161440,53358024.0,1.82,0.3,0.01,0.63
2010-09-27,3.3,3.32,3.33,3.24,320967,105427272.0,2.73,0.61,0.02,1.25
2010-09-28,3.29,3.22,3.29,3.2,316130,102798536.0,2.71,-3.01,-0.1,1.24
2010-09-29,3.22,3.2,3.25,3.19,311224,100285632.0,1.86,-0.62,-0.02,1.22
2010-09-30,3.17,3.33,3.37,3.15,517925,170055776.0,6.88,4.06,0.13,2.02
2010-10-08,3.3,3.35,3.4,3.26,540876,180895776.0,4.2,0.6,0.02,2.11
2010-10-11,3.34,3.45,3.48,3.33,693831,236517552.0,4.48,2.99,0.1,2.71
2010-10-12,3.43,3.4,3.48,3.39,541972,185549472.0,2.61,-1.45,-0.05,2.12
2010-10-13,3.41,3.56,3.59,3.37,1027545,361995424.0,6.47,4.71,0.16,4.01
2010-10-14,3.58,3.48,3.59,3.42,843981,295642816.0,4.78,-2.25,-0.08,3.3
2010-10-15,3.44,3.44,3.49,3.4,538420,185162224.0,2.59,-1.15,-0.04,2.1
2010-10-18,3.44,3.53,3.6,3.44,818079,288154624.0,4.65,2.62,0.09,3.2
2010-10-19,3.54,3.54,3.57,3.46,559796,196208048.0,3.12,0.28,0.01,2.19
2010-10-20,3.45,3.4,3.45,3.35,692095,235569568.0,2.82,-3.95,-0.14,2.7
2010-10-21,3.4,3.35,3.41,3.33,524247,176339504.0,2.35,-1.47,-0.05,2.05
2010-10-22,3.36,3.39,3.4,3.34,486176,164119760.0,1.79,1.19,0.04,1.9
2010-10-25,3.39,3.43,3.45,3.38,477057,163099568.0,2.06,1.18,0.04,1.86
2010-10-26,3.43,3.46,3.52,3.39,693981,240166720.0,3.79,0.87,0.03,2.71
2010-10-27,3.45,3.45,3.56,3.4,736270,256810784.0,4.62,-0.29,-0.01,2.88
2010-10-28,3.43,3.51,3.53,3.42,706477,246912320.0,3.19,1.74,0.06,2.76
2010-10-29,3.5,3.44,3.5,3.41,450189,155034816.0,2.56,-1.99,-0.07,1.76
2010-11-01,3.44,3.43,3.45,3.4,593020,202698832.0,1.45,-0.29,-0.01,2.32
2010-11-02,3.43,3.45,3.48,3.36,819716,279909088.0,3.5,0.58,0.02,3.2
2010-11-03,3.43,3.42,3.47,3.4,544582,187089968.0,2.03,-0.87,-0.03,2.13
2010-11-04,3.42,3.41,3.44,3.38,641275,218472528.0,1.75,-0.29,-0.01,2.51
2010-11-08,3.46,3.52,3.52,3.45,983597,344259712.0,2.05,3.23,0.11,3.84
2010-11-09,3.52,3.48,3.53,3.46,763746,266496048.0,1.99,-1.14,-0.04,2.98
2010-11-10,3.48,3.44,3.48,3.41,587492,201480256.0,2.01,-1.15,-0.04,2.3
2010-11-11,3.42,3.43,3.45,3.41,557269,191517344.0,1.16,-0.29,-0.01,2.18
2010-11-12,3.41,3.22,3.42,3.21,803066,267144448.0,6.12,-6.12,-0.21,3.14
2010-11-15,3.23,3.29,3.31,3.21,428702,139300720.0,3.11,2.17,0.07,1.67
2010-11-16,3.29,3.18,3.29,3.17,465967,149744128.0,3.65,-3.34,-0.11,1.82
2010-11-17,3.16,3.18,3.22,3.16,331257,105489288.0,1.89,0.0,0.0,1.29
2010-11-18,3.19,3.19,3.21,3.17,276287,88148872.0,1.26,0.31,0.01,1.08
2010-11-19,3.2,3.19,3.21,3.12,391574,123886968.0,2.82,0.0,0.0,1.53
2010-11-22,3.17,3.21,3.25,3.15,391632,124657464.0,3.13,0.63,0.02,1.53
2010-11-23,3.17,3.14,3.18,3.12,285764,89839488.0,1.87,-2.18,-0.07,1.12
2010-11-24,3.15,3.17,3.19,3.13,231145,72986056.0,1.91,0.96,0.03,0.9
2010-11-25,3.17,3.22,3.25,3.15,501505,160952048.0,3.15,1.58,0.05,1.96
2010-11-26,3.2,3.16,3.21,3.15,285847,90628920.0,1.86,-1.86,-0.06,1.12
2010-11-29,3.16,3.18,3.19,3.15,215236,68166904.0,1.27,0.63,0.02,0.84
2010-11-30,3.18,3.11,3.18,3.06,388646,120940376.0,3.77,-2.2,-0.07,1.52
2010-12-01,3.1,3.13,3.15,3.09,195116,60915764.0,1.93,0.64,0.02,0.76
2010-12-02,3.16,3.14,3.17,3.13,201532,63481900.0,1.28,0.32,0.01,0.79
2010-12-03,3.14,3.15,3.17,3.12,212145,66665376.0,1.59,0.32,0.01,0.83
2010-12-06,3.14,3.13,3.16,3.11,194424,61027456.0,1.59,-0.63,-0.02,0.76
2010-12-07,3.12,3.16,3.16,3.08,262123,82009032.0,2.56,0.96,0.03,1.02
2010-12-08,3.15,3.12,3.15,3.11,195323,61186928.0,1.27,-1.27,-0.04,0.76
2010-12-09,3.11,3.09,3.13,3.07,263890,81752432.0,1.92,-0.96,-0.03,1.03
2010-12-10,3.08,3.1,3.1,3.06,172013,53020800.0,1.29,0.32,0.01,0.67
2010-12-13,3.11,3.14,3.15,3.09,265479,82883264.0,1.94,1.29,0.04,1.04
2010-12-14,3.14,3.21,3.26,3.12,555387,177311424.0,4.46,2.23,0.07,2.17
2010-12-15,3.18,3.16,3.21,3.15,334144,106004192.0,1.87,-1.56,-0.05,1.31
2010-12-16,3.16,3.17,3.24,3.14,364079,116269896.0,3.16,0.32,0.01,1.42
2010-12-17,3.17,3.17,3.18,3.15,213388,67424048.0,0.95,0.0,0.0,0.83
2010-12-20,3.17,3.12,3.19,3.08,282575,88572576.0,3.47,-1.58,-0.05,1.1
2010-12-21,3.11,3.23,3.28,3.11,731065,234889024.0,5.45,3.53,0.11,2.86
2010-12-22,3.23,3.17,3.24,3.15,462751,148131776.0,2.79,-1.86,-0.06,1.81
2010-12-23,3.16,3.14,3.17,3.13,241039,75885392.0,1.26,-0.95,-0.03,0.94
2010-12-24,3.12,3.17,3.2,3.11,405805,128486472.0,2.87,0.96,0.03,1.59
2010-12-27,3.17,3.09,3.17,3.09,340803,106600760.0,2.52,-2.52,-0.08,1.33
2010-12-28,3.08,3.02,3.1,3.01,324773,99015144.0,2.91,-2.27,-0.07,1.27
2010-12-29,3.02,3.03,3.03,3.0,196590,59298112.0,0.99,0.33,0.01,0.77
2010-12-30,3.03,3.0,3.03,3.0,163308,49132688.0,0.99,-0.99,-0.03,0.64
2010-12-31,3.01,3.01,3.03,2.98,299432,89949152.0,1.67,0.33,0.01,1.17
2011-01-04,3.02,3.13,3.15,3.01,605679,187304256.0,4.65,3.99,0.12,2.37
2011-01-05,3.1,3.07,3.12,3.06,329515,101605096.0,1.92,-1.92,-0.06,1.29
2011-01-06,3.07,3.07,3.1,3.06,177102,54500464.0,1.3,0.0,0.0,0.69
2011-01-07,3.08,3.13,3.18,3.06,490757,153949440.0,3.91,1.95,0.06,1.92
2011-01-10,3.13,3.08,3.17,3.08,251774,78711216.0,2.88,-1.6,-0.05,0.98
2011-01-11,3.07,3.11,3.13,3.06,187204,58007520.0,2.27,0.97,0.03,0.73
2011-01-12,3.13,3.15,3.21,3.1,361579,114272968.0,3.54,1.29,0.04,1.41
2011-01-13,3.15,3.11,3.16,3.1,199657,62312756.0,1.9,-1.27,-0.04,0.78
2011-01-14,3.1,3.08,3.11,3.06,193482,59635488.0,1.61,-0.96,-0.03,0.76
2011-01-17,3.06,3.0,3.08,3.0,233916,70871888.0,2.6,-2.6,-0.08,0.91
2011-01-18,3.0,3.01,3.03,2.99,144251,43366192.0,1.33,0.33,0.01,0.56
2011-01-19,3.01,3.04,3.04,2.98,184089,55463416.0,1.99,1.0,0.03,0.72
2011-01-20,3.03,2.96,3.03,2.95,214739,64218012.0,2.63,-2.63,-0.08,0.84
2011-01-21,2.95,3.0,3.05,2.95,195885,58748852.0,3.38,1.35,0.04,0.77
2011-01-24,3.0,2.99,3.01,2.98,126205,37789064.0,1.0,-0.33,-0.01,0.49
2011-01-25,2.99,3.0,3.01,2.98,123688,37051960.0,1.0,0.33,0.01,0.48
2011-01-26,3.0,3.05,3.06,2.99,182236,55318796.0,2.33,1.67,0.05,0.71
2011-01-27,3.01,3.04,3.06,3.01,232034,70372576.0,1.64,-0.33,-0.01,0.91
2011-01-28,3.03,3.06,3.08,3.02,171428,52328060.0,1.97,0.66,0.02,0.67
2011-01-31,3.05,3.07,3.07,3.03,156153,47615012.0,1.31,0.33,0.01,0.61
2011-02-01,3.07,3.07,3.08,3.04,105678,32315482.0,1.3,0.0,0.0,0.41
2011-02-09,3.05,3.04,3.06,3.01,141220,42801476.0,1.63,-0.98,-0.03,0.55
2011-02-10,3.02,3.07,3.07,3.02,184698,56207580.0,1.64,0.99,0.03,0.72
2011-02-11,3.05,3.12,3.15,3.04,395145,122536648.0,3.58,1.63,0.05,1.54
2011-02-14,3.11,3.16,3.17,3.09,436033,136746112.0,2.56,1.28,0.04,1.7
2011-02-15,3.15,3.12,3.16,3.11,282798,88875072.0,1.58,-1.27,-0.04,1.1
2011-02-16,3.11,3.14,3.14,3.11,195277,61040936.0,0.96,0.64,0.02,0.76
2011-02-17,3.14,3.1,3.15,3.09,212494,66006532.0,1.91,-1.27,-0.04,0.83
2011-02-18,3.09,3.12,3.15,3.08,217980,67912704.0,2.26,0.65,0.02,0.85
2011-02-21,3.09,3.12,3.12,3.08,206523,64054744.0,1.28,0.0,0.0,0.81
2011-02-22,3.11,3.04,3.12,3.04,280956,86226744.0,2.56,-2.56,-0.08,1.1
2011-02-23,3.04,3.07,3.08,3.03,189194,57813592.0,1.64,0.99,0.03,0.74
2011-02-24,3.05,3.11,3.13,3.05,289653,89594648.0,2.61,1.3,0.04,1.13
2011-02-25,3.11,3.08,3.11,3.06,186597,57491536.0,1.61,-0.96,-0.03,0.73
2011-02-28,3.08,3.1,3.1,3.06,185199,57153288.0,1.3,0.65,0.02,0.72
2011-03-01,3.1,3.13,3.15,3.08,415014,129701304.0,2.26,0.97,0.03,1.62
2011-03-02,3.11,3.12,3.12,3.08,269986,83741576.0,1.28,-0.32,-0.01,1.05
2011-03-03,3.11,3.09,3.14,3.09,219080,68162744.0,1.6,-0.96,-0.03,0.86
2011-03-04,3.09,3.14,3.15,3.08,375200,117167640.0,2.27,1.62,0.05,1.47
2011-03-07,3.14,3.19,3.2,3.14,564801,178874352.0,1.91,1.59,0.05,2.21
2011-03-08,3.18,3.19,3.22,3.16,374025,119221624.0,1.88,0.0,0.0,1.46
2011-03-09,3.19,3.19,3.21,3.17,331121,105618456.0,1.25,0.0,0.0,1.29
2011-03-10,3.19,3.16,3.19,3.14,285136,89966696.0,1.57,-0.94,-0.03,1.11
2011-03-11,3.15,3.11,3.16,3.1,262727,82231904.0,1.9,-1.58,-0.05,1.03
2011-03-14,3.1,3.11,3.12,3.09,189432,58823132.0,0.96,0.0,0.0,0.74
2011-03-15,3.1,3.07,3.11,3.02,335575,102580128.0,2.89,-1.29,-0.04,1.31
2011-03-16,3.07,3.08,3.1,3.05,240328,73952600.0,1.63,0.33,0.01,0.94
2011-03-17,3.08,3.1,3.14,3.05,337615,104557928.0,2.92,0.65,0.02,1.32
2011-03-18,3.1,3.1,3.12,3.07,207850,64308768.0,1.61,0.0,0.0,0.81
2011-03-21,3.1,3.09,3.12,3.07,198692,61498372.0,1.61,-0.32,-0.01,0.78
2011-03-22,3.08,3.09,3.11,3.05,200268,61627220.0,1.94,0.0,0.0,0.78
2011-03-23,3.08,3.14,3.16,3.07,425214,133015656.0,2.91,1.62,0.05,1.66
2011-03-24,3.13,3.1,3.14,3.1,247734,77094112.0,1.27,-1.27,-0.04,0.97
2011-03-25,3.1,3.16,3.17,3.09,478064,150427168.0,2.58,1.94,0.06,1.87
2011-03-28,3.16,3.16,3.19,3.14,439218,138902432.0,1.58,0.0,0.0,1.72
2011-03-29,3.15,3.48,3.48,3.14,3011179,1025369536.0,10.76,10.13,0.32,11.76
2011-03-30,3.44,3.33,3.44,3.29,1693966,569858496.0,4.31,-4.31,-0.15,6.62
2011-03-31,3.39,3.48,3.58,3.39,2091217,730380736.0,5.71,4.5,0.15,8.17
2011-04-01,3.41,3.49,3.52,3.37,993245,343201600.0,4.31,0.29,0.01,3.88
2011-04-06,3.44,3.5,3.53,3.38,888594,306916032.0,4.3,0.29,0.01,3.47
2011-04-07,3.48,3.44,3.54,3.43,712102,247362544.0,3.14,-1.71,-0.06,2.78
2011-04-08,3.44,3.43,3.48,3.39,581582,198426512.0,2.62,-0.29,-0.01,2.27
2011-04-11,3.41,3.33,3.43,3.32,773559,259601040.0,3.21,-2.92,-0.1,3.02
2011-04-12,3.33,3.37,3.44,3.31,535714,180571136.0,3.9,1.2,0.04,2.09
2011-04-13,3.36,3.39,3.41,3.32,410592,138398336.0,2.67,0.59,0.02,1.6
2011-04-14,3.38,3.43,3.47,3.35,604584,205582672.0,3.54,1.18,0.04,2.36
2011-04-15,3.41,3.48,3.5,3.4,789171,272999136.0,2.92,1.46,0.05,3.08
2011-04-18,3.46,3.48,3.52,3.44,687282,238769760.0,2.3,0.0,0.0,2.69
2011-04-19,3.44,3.38,3.45,3.36,595420,201479760.0,2.59,-2.87,-0.1,2.33
2011-04-20,3.37,3.37,3.39,3.36,306597,103446992.0,0.89,-0.3,-0.01,1.2
2011-04-21,3.37,3.35,3.39,3.34,332607,111783112.0,1.48,-0.59,-0.02,1.3
2011-04-22,3.35,3.36,3.41,3.31,428282,143725760.0,2.99,0.3,0.01,1.67
2011-04-25,3.34,3.3,3.35,3.3,300017,99881440.0,1.49,-1.79,-0.06,1.17
2011-04-26,3.27,3.28,3.3,3.25,232156,75953592.0,1.52,-0.61,-0.02,0.91
2011-04-27,3.27,3.24,3.3,3.21,266183,86682528.0,2.74,-1.22,-0.04,1.04
2011-04-28,3.24,3.16,3.26,3.13,260153,83135472.0,4.01,-2.47,-0.08,1.02
2011-04-29,3.16,3.24,3.25,3.13,306474,98372376.0,3.8,2.53,0.08,1.2
2011-05-03,3.24,3.27,3.27,3.21,212336,68887640.0,1.85,0.93,0.03,0.83
2011-05-04,3.25,3.2,3.27,3.2,217320,70256456.0,2.14,-2.14,-0.07,0.85
2011-05-05,3.2,3.22,3.25,3.17,186958,60077916.0,2.5,0.63,0.02,0.73
2011-05-06,3.19,3.23,3.25,3.18,187894,60643292.0,2.17,0.31,0.01,0.73
2011-05-09,3.23,3.22,3.25,3.2,141450,45617860.0,1.55,-0.31,-0.01,0.55
2011-05-11,3.22,3.24,3.27,3.2,209517,67837072.0,2.17,0.62,0.02,0.82
2011-05-12,3.22,3.23,3.28,3.18,350632,113559088.0,3.09,-0.31,-0.01,1.37
2011-05-13,3.22,3.26,3.27,3.2,271771,87939104.0,2.17,0.93,0.03,1.06
2011-05-16,3.26,3.31,3.35,3.24,425997,140815216.0,3.37,1.53,0.05,1.66
2011-05-17,3.31,3.31,3.36,3.28,355904,118134424.0,2.42,0.0,0.0,1.39
2011-05-18,3.31,3.31,3.34,3.28,190121,63091352.0,1.81,0.0,0.0,0.74
2011-05-19,3.32,3.26,3.34,3.22,303344,99390192.0,3.63,-1.51,-0.05,1.19
2011-05-20,3.25,3.23,3.26,3.22,181434,58655596.0,1.23,-0.92,-0.03,0.71
2011-05-23,3.21,3.12,3.22,3.11,258660,81763688.0,3.41,-3.41,-0.11,1.01
2011-05-24,3.12,3.13,3.16,3.08,178453,55619436.0,2.56,0.32,0.01,0.7
2011-05-25,3.12,3.08,3.13,3.06,133764,41394344.0,2.24,-1.6,-0.05,0.52
2011-05-26,3.09,3.06,3.11,3.06,137192,42305888.0,1.62,-0.65,-0.02,0.54
2011-05-27,3.05,3.03,3.09,3.02,165037,50375248.0,2.29,-0.98,-0.03,0.64
2011-05-30,3.03,3.02,3.06,2.99,177776,53896344.0,2.31,-0.33,-0.01,0.69
2011-05-31,3.02,3.05,3.06,3.0,156773,47438504.0,1.99,0.99,0.03,0.61
2011-06-01,3.05,3.03,3.05,3.01,149125,45129524.0,1.31,-0.66,-0.02,0.58
2011-06-02,3.01,2.97,3.02,2.96,278700,83105360.0,1.98,-1.98,-0.06,1.09
2011-06-03,2.97,3.02,3.02,2.96,153275,45996316.0,2.02,1.68,0.05,0.6
2011-06-07,3.01,3.02,3.02,3.0,96175,28951360.0,0.66,0.0,0.0,0.38
2011-06-08,3.02,3.06,3.08,2.98,359417,109520544.0,3.31,1.32,0.04,1.4
2011-06-09,3.05,3.0,3.05,3.0,168217,50944728.0,1.63,-1.96,-0.06,0.66
2011-06-10,3.0,3.03,3.05,3.0,177697,53707696.0,1.67,1.0,0.03,0.69
2011-06-13,3.01,3.01,3.02,2.97,117409,35164492.0,1.65,-0.66,-0.02,0.46
2011-06-14,3.01,3.07,3.12,3.0,306888,94116072.0,3.99,1.99,0.06,1.2
2011-06-15,3.05,3.02,3.06,3.02,206120,62582380.0,1.3,-1.63,-0.05,0.81
2011-06-16,3.02,2.99,3.04,2.98,193714,58216568.0,1.99,-0.99,-0.03,0.76
2011-06-17,3.0,3.0,3.06,2.98,245581,74149280.0,2.68,0.33,0.01,0.96
2011-06-20,3.0,3.0,3.03,2.98,178429,53481996.0,1.67,0.0,0.0,0.7
2011-06-21,3.0,3.01,3.02,2.98,204972,61488820.0,1.33,0.33,0.01,0.8
2011-06-22,3.01,2.98,3.01,2.96,201705,60144416.0,1.66,-1.0,-0.03,0.79
2011-06-23,2.98,3.0,3.01,2.93,235585,70057872.0,2.68,0.67,0.02,0.92
2011-06-24,2.98,3.03,3.05,2.97,328095,99073672.0,2.67,1.0,0.03,1.28
2011-06-27,3.03,3.02,3.05,2.97,514990,155433584.0,2.64,-0.33,-0.01,2.01
2011-06-28,3.02,3.02,3.02,2.98,340649,102191216.0,1.32,0.0,0.0,1.33
2011-06-29,3.01,2.97,3.01,2.97,290482,86664096.0,1.32,-1.66,-0.05,1.13
2011-06-30,2.97,2.99,3.0,2.95,479703,142932368.0,1.68,0.67,0.02,1.87
2011-07-01,2.98,3.04,3.06,2.98,718606,218363264.0,2.68,1.67,0.05,2.81
2011-07-04,3.05,3.08,3.12,3.04,614508,189071696.0,2.63,1.32,0.04,2.4
2011-07-05,3.08,3.07,3.1,3.05,345837,106335352.0,1.62,-0.32,-0.01,1.35
2011-07-06,3.06,3.06,3.07,3.03,310923,94748280.0,1.3,-0.33,-0.01,1.21
2011-07-07,3.05,3.05,3.08,3.03,308576,94330344.0,1.63,-0.33,-0.01,1.21
2011-07-08,3.05,3.06,3.08,3.04,170023,52005192.0,1.31,0.33,0.01,0.66
2011-07-11,3.05,3.05,3.06,3.03,170101,51790432.0,0.98,-0.33,-0.01,0.66
2011-07-12,3.05,3.02,3.05,3.01,213076,64548828.0,1.31,-0.98,-0.03,0.83
2011-07-13,3.02,3.03,3.05,3.01,170943,51808800.0,1.32,0.33,0.01,0.67
2011-07-14,3.03,3.03,3.04,3.02,229663,69550480.0,0.66,0.0,0.0,0.9
2011-07-15,3.02,3.01,3.03,2.99,291033,87405496.0,1.32,-0.66,-0.02,1.14
2011-07-18,3.0,3.04,3.06,3.0,335035,101370136.0,1.99,1.0,0.03,1.31
2011-07-19,3.03,3.01,3.03,3.0,199451,60058500.0,0.99,-0.99,-0.03,0.78
2011-07-21,3.01,2.97,3.01,2.95,407096,121016368.0,1.99,-1.33,-0.04,1.59
2011-07-22,2.97,2.98,3.0,2.96,192799,57286716.0,1.35,0.34,0.01,0.75
2011-07-25,2.96,2.86,2.97,2.85,328225,95267560.0,4.03,-4.03,-0.12,1.28
2011-07-26,2.87,2.87,2.88,2.84,140720,40243504.0,1.4,0.35,0.01,0.55
2011-07-27,2.87,2.88,2.89,2.85,166836,47843680.0,1.39,0.35,0.01,0.65
2011-07-28,2.86,2.85,2.87,2.84,149685,42643796.0,1.04,-1.04,-0.03,0.58
2011-07-29,2.85,2.85,2.87,2.84,146640,41889124.0,1.05,0.0,0.0,0.57
2011-08-01,2.85,2.86,2.88,2.84,108989,31198506.0,1.4,0.35,0.01,0.43
2011-08-02,2.86,2.87,2.87,2.82,154809,43990240.0,1.75,0.35,0.01,0.6
2011-08-03,2.85,2.87,2.89,2.84,146892,42122684.0,1.74,0.0,0.0,0.57
2011-08-04,2.87,2.89,2.91,2.86,129238,37298632.0,1.74,0.7,0.02,0.5
2011-08-05,2.85,2.82,2.85,2.81,190719,53919492.0,1.38,-2.42,-0.07,0.75
2011-08-08,2.8,2.62,2.8,2.54,256964,69117632.0,9.22,-7.09,-0.2,1.0
2011-08-09,2.54,2.64,2.65,2.49,245552,63597432.0,6.11,0.76,0.02,0.96
2011-08-10,2.66,2.67,2.72,2.64,221520,59409656.0,3.03,1.14,0.03,0.87
2011-08-11,2.62,2.76,2.76,2.6,282560,76526456.0,5.99,3.37,0.09,1.1
2011-08-12,2.77,2.92,3.04,2.74,850784,249253200.0,10.87,5.8,0.16,3.32
2011-08-15,2.9,2.91,2.95,2.85,375997,109178432.0,3.42,-0.34,-0.01,1.47
2011-08-16,2.89,2.83,2.91,2.83,247622,70850032.0,2.75,-2.75,-0.08,0.97
2011-08-17,2.82,2.82,2.83,2.77,310135,86807784.0,2.12,-0.35,-0.01,1.21
2011-08-18,2.81,2.76,2.81,2.75,177451,49242536.0,2.13,-2.13,-0.06,0.69
2011-08-19,2.7,2.77,2.8,2.67,169153,46308792.0,4.71,0.36,0.01,0.66
2011-08-22,2.74,2.77,2.81,2.73,155234,43138924.0,2.89,0.0,0.0,0.61
2011-08-23,2.77,2.82,2.83,2.75,154237,43212656.0,2.89,1.81,0.05,0.6
2011-08-24,2.83,2.77,2.84,2.76,170924,47835772.0,2.84,-1.77,-0.05,0.67
2011-08-25,2.77,2.86,2.86,2.76,319398,90334352.0,3.61,3.25,0.09,1.25
2011-08-26,2.84,2.87,2.91,2.82,283589,81237064.0,3.15,0.35,0.01,1.11
2011-08-29,2.85,2.83,2.86,2.82,190212,54029488.0,1.39,-1.39,-0.04,0.74
2011-08-30,2.85,2.81,2.86,2.79,152068,42963752.0,2.47,-0.71,-0.02,0.59
2011-09-01,2.8,2.73,2.81,2.72,159928,44195732.0,3.2,-2.85,-0.08,0.62
2011-09-02,2.73,2.7,2.75,2.68,162594,43884392.0,2.56,-1.1,-0.03,0.64
2011-09-05,2.66,2.63,2.68,2.59,143612,37705396.0,3.33,-2.59,-0.07,0.56
2011-09-06,2.61,2.64,2.64,2.6,143133,37652328.0,1.52,0.38,0.01,0.56
2011-09-07,2.64,2.71,2.72,2.64,143195,38306800.0,3.03,2.65,0.07,0.56
2011-09-08,2.71,2.66,2.74,2.66,115062,30972544.0,2.95,-1.85,-0.05,0.45
2011-09-09,2.67,2.66,2.68,2.6,163817,43279872.0,3.01,0.0,0.0,0.64
2011-09-13,2.61,2.61,2.64,2.6,80648,21118482.0,1.5,-1.88,-0.05,0.32
2011-09-14,2.62,2.64,2.64,2.59,87924,23010108.0,1.92,1.15,0.03,0.34
2011-09-15,2.64,2.64,2.66,2.63,104294,27552338.0,1.14,0.0,0.0,0.41
2011-09-16,2.65,2.62,2.66,2.61,71688,18871708.0,1.89,-0.76,-0.02,0.28
2011-09-19,2.61,2.56,2.62,2.55,97419,25069402.0,2.67,-2.29,-0.06,0.38
2011-09-20,2.54,2.57,2.58,2.53,73443,18755032.0,1.95,0.39,0.01,0.29
2011-09-21,2.56,2.62,2.64,2.54,115989,30186940.0,3.89,1.95,0.05,0.45
2011-09-22,2.6,2.55,2.61,2.54,111173,28630796.0,2.67,-2.67,-0.07,0.43
2011-09-23,2.51,2.54,2.57,2.5,105773,26801746.0,2.75,-0.39,-0.01,0.41
2011-09-26,2.53,2.51,2.56,2.49,102440,25854638.0,2.76,-1.18,-0.03,0.4
2011-09-27,2.51,2.51,2.53,2.49,163530,41048484.0,1.59,0.0,0.0,0.64
2011-09-28,2.52,2.42,2.53,2.4,221149,54258896.0,5.18,-3.59,-0.09,0.86
2011-09-29,2.41,2.36,2.41,2.35,154877,36899664.0,2.48,-2.48,-0.06,0.61
2011-09-30,2.37,2.34,2.38,2.33,160113,37600008.0,2.12,-0.85,-0.02,0.63
2011-10-10,2.35,2.36,2.36,2.34,133030,31242154.0,0.85,0.85,0.02,0.52
2011-10-11,2.39,2.35,2.42,2.34,135650,32252198.0,3.39,-0.42,-0.01,0.53
2011-10-12,2.35,2.42,2.42,2.33,179734,42992316.0,3.83,2.98,0.07,0.7
2011-10-13,2.4,2.45,2.48,2.4,198902,48678948.0,3.31,1.24,0.03,0.78
2011-10-14,2.44,2.44,2.45,2.4,99915,24211216.0,2.04,-0.41,-0.01,0.39
2011-10-17,2.44,2.43,2.46,2.41,82339,20068318.0,2.05,-0.41,-0.01,0.32
2011-10-18,2.42,2.37,2.42,2.36,111610,26645038.0,2.47,-2.47,-0.06,0.44
2011-10-19,2.37,2.35,2.39,2.35,60304,14257852.0,1.69,-0.84,-0.02,0.24
2011-10-20,2.35,2.27,2.35,2.23,157334,35898480.0,5.11,-3.4,-0.08,0.61
2011-10-21,2.25,2.27,2.29,2.23,120765,27380868.0,2.64,0.0,0.0,0.47
2011-10-24,2.27,2.31,2.32,2.24,111344,25441666.0,3.52,1.76,0.04,0.44
2011-10-25,2.3,2.37,2.38,2.28,162771,38019444.0,4.33,2.6,0.06,0.64
2011-10-26,2.35,2.39,2.43,2.34,258567,61839392.0,3.8,0.84,0.02,1.01
2011-10-27,2.38,2.4,2.41,2.36,132886,31765408.0,2.09,0.42,0.01,0.52
2011-10-28,2.41,2.47,2.57,2.4,372643,92604384.0,7.08,2.92,0.07,1.46
2011-10-31,2.44,2.44,2.45,2.41,170603,41499684.0,1.62,-1.21,-0.03,0.67
2011-11-01,2.43,2.43,2.45,2.41,122854,29850744.0,1.64,-0.41,-0.01,0.48
2011-11-02,2.4,2.45,2.45,2.37,149894,36023108.0,3.29,0.82,0.02,0.59
2011-11-03,2.44,2.48,2.51,2.43,285589,70310096.0,3.27,1.22,0.03,1.12
2011-11-04,2.53,2.5,2.55,2.47,272288,68093000.0,3.23,0.81,0.02,1.06
2011-11-07,2.48,2.46,2.49,2.45,150176,37012896.0,1.6,-1.6,-0.04,0.59
2011-11-08,2.45,2.43,2.46,2.41,137308,33433012.0,2.03,-1.22,-0.03,0.54
2011-11-09,2.44,2.45,2.46,2.41,118171,28719012.0,2.06,0.82,0.02,0.46
2011-11-10,2.42,2.38,2.43,2.38,138694,33301792.0,2.04,-2.86,-0.07,0.54
2011-11-11,2.38,2.38,2.4,2.37,69447,16562765.0,1.26,0.0,0.0,0.27
2011-11-14,2.39,2.42,2.43,2.38,122290,29464878.0,2.1,1.68,0.04,0.48
2011-11-15,2.41,2.43,2.43,2.4,95152,23012608.0,1.24,0.41,0.01,0.37
2011-11-16,2.42,2.38,2.43,2.36,149488,35734416.0,2.88,-2.06,-0.05,0.58
2011-11-17,2.38,2.36,2.39,2.35,81474,19253190.0,1.68,-0.84,-0.02,0.32
2011-11-18,2.34,2.31,2.35,2.3,106935,24762524.0,2.12,-2.12,-0.05,0.42
2011-11-21,2.3,2.31,2.32,2.29,61301,14097579.0,1.3,0.0,0.0,0.24
2011-11-22,2.3,2.3,2.32,2.29,95578,21991610.0,1.3,-0.43,-0.01,0.37
2011-11-23,2.3,2.28,2.31,2.28,55043,12620338.0,1.3,-0.87,-0.02,0.22
2011-11-24,2.27,2.3,2.32,2.26,124147,28491696.0,2.63,0.88,0.02,0.49
2011-11-25,2.3,2.29,2.31,2.27,65442,14957667.0,1.74,-0.43,-0.01,0.26
2011-11-28,2.28,2.28,2.29,2.25,77978,17700482.0,1.75,-0.44,-0.01,0.3
2011-11-29,2.28,2.29,2.31,2.27,78993,18078122.0,1.75,0.44,0.01,0.31
2011-11-30,2.29,2.25,2.29,2.21,156877,35164120.0,3.49,-1.75,-0.04,0.61
2011-12-01,2.29,2.31,2.35,2.28,220799,51177100.0,3.11,2.67,0.06,0.86
2011-12-02,2.29,2.28,2.29,2.26,97774,22235296.0,1.3,-1.3,-0.03,0.38
2011-12-05,2.27,2.32,2.32,2.24,220019,50617000.0,3.51,1.75,0.04,0.86
2011-12-06,2.32,2.32,2.35,2.31,147268,34254908.0,1.72,0.0,0.0,0.58
2011-12-07,2.32,2.35,2.35,2.29,122777,28568232.0,2.59,1.29,0.03,0.48
2011-12-08,2.34,2.32,2.36,2.31,113754,26562842.0,2.13,-1.28,-0.03,0.44
2011-12-09,2.3,2.34,2.35,2.3,73010,16998992.0,2.16,0.86,0.02,0.29
2011-12-12,2.32,2.28,2.33,2.26,76214,17440444.0,2.99,-2.56,-0.06,0.3
2011-12-13,2.26,2.26,2.3,2.23,116964,26525596.0,3.07,-0.88,-0.02,0.46
2011-12-14,2.25,2.23,2.27,2.23,58036,13033248.0,1.77,-1.33,-0.03,0.23
2011-12-15,2.22,2.22,2.25,2.16,133925,29634742.0,4.04,-0.45,-0.01,0.52
2011-12-16,2.21,2.25,2.25,2.2,67838,15104702.0,2.25,1.35,0.03,0.27
2011-12-20,2.24,2.26,2.3,2.23,77446,17599314.0,3.11,0.44,0.01,0.3
2011-12-21,2.28,2.23,2.28,2.21,67140,15102785.0,3.1,-1.33,-0.03,0.26
2011-12-22,2.21,2.18,2.22,2.13,75649,16440207.0,4.04,-2.24,-0.05,0.3
2011-12-23,2.18,2.24,2.24,2.16,93645,20682466.0,3.67,2.75,0.06,0.37
2011-12-26,2.22,2.22,2.24,2.2,44749,9945759.0,1.79,-0.89,-0.02,0.17
2011-12-27,2.2,2.16,2.23,2.16,77928,17021214.0,3.15,-2.7,-0.06,0.3
2011-12-28,2.16,2.17,2.17,2.11,96685,20691552.0,2.78,0.46,0.01,0.38
2011-12-29,2.16,2.16,2.19,2.13,121649,26308848.0,2.76,-0.46,-0.01,0.48
2011-12-30,2.16,2.18,2.18,2.15,93518,20293282.0,1.39,0.93,0.02,0.37
2012-01-04,2.19,2.16,2.2,2.16,47795,10409288.0,1.83,-0.92,-0.02,0.19
2012-01-05,2.16,2.12,2.16,2.12,63756,13652268.0,1.85,-1.85,-0.04,0.25
2012-01-06,2.13,2.13,2.14,2.09,52610,11124584.0,2.36,0.47,0.01,0.21
2012-01-09,2.13,2.19,2.19,2.12,77515,16752344.0,3.29,2.82,0.06,0.3
2012-01-10,2.18,2.26,2.28,2.17,179804,40085672.0,5.02,3.2,0.07,0.7
2012-01-11,2.25,2.23,2.25,2.21,109404,24376390.0,1.77,-1.33,-0.03,0.43
2012-01-12,2.22,2.25,2.29,2.21,125050,28181888.0,3.59,0.9,0.02,0.49
2012-01-13,2.24,2.19,2.24,2.17,96833,21288454.0,3.11,-2.67,-0.06,0.38
2012-01-16,2.17,2.15,2.19,2.14,43244,9351982.0,2.28,-1.83,-0.04,0.17
2012-01-17,2.15,2.23,2.25,2.14,113836,25109158.0,5.12,3.72,0.08,0.44
2012-01-18,2.22,2.19,2.25,2.19,79701,17682378.0,2.69,-1.79,-0.04,0.31
2012-01-19,2.18,2.22,2.23,2.18,77016,17022234.0,2.28,1.37,0.03,0.3
2012-01-20,2.21,2.24,2.25,2.21,104715,23362426.0,1.8,0.9,0.02,0.41
2012-01-30,2.24,2.23,2.25,2.21,71104,15845218.0,1.79,-0.45,-0.01,0.28
2012-01-31,2.23,2.22,2.23,2.2,44267,9803105.0,1.35,-0.45,-0.01,0.17
2012-02-01,2.22,2.21,2.23,2.19,53806,11895942.0,1.8,-0.45,-0.01,0.21
2012-02-02,2.21,2.22,2.23,2.19,79768,17566686.0,1.81,0.45,0.01,0.31
2012-02-03,2.21,2.23,2.24,2.21,103679,23124730.0,1.35,0.45,0.01,0.41
2012-02-06,2.23,2.23,2.24,2.21,105425,23404330.0,1.35,0.0,0.0,0.41
2012-02-07,2.22,2.18,2.22,2.16,118726,25937978.0,2.69,-2.24,-0.05,0.46
2012-02-08,2.17,2.21,2.22,2.17,129239,28301014.0,2.29,1.38,0.03,0.5
2012-02-09,2.2,2.26,2.33,2.2,445874,100965560.0,5.88,2.26,0.05,1.74
2012-02-10,2.25,2.26,2.31,2.24,356567,81235496.0,3.1,0.0,0.0,1.39
2012-02-13,2.23,2.24,2.26,2.21,205860,46012060.0,2.21,-0.88,-0.02,0.8
2012-02-14,2.24,2.27,2.28,2.22,218414,49203516.0,2.68,1.34,0.03,0.85
2012-02-15,2.26,2.3,2.3,2.25,241036,54948968.0,2.2,1.32,0.03,0.94
2012-02-16,2.3,2.29,2.31,2.26,185736,42411480.0,2.17,-0.43,-0.01,0.73
2012-02-17,2.29,2.28,2.3,2.26,126843,28885166.0,1.75,-0.44,-0.01,0.5
2012-02-20,2.31,2.3,2.32,2.29,250364,57687008.0,1.32,0.88,0.02,0.98
2012-02-21,2.29,2.33,2.33,2.27,225487,51899148.0,2.61,1.3,0.03,0.88
2012-02-22,2.32,2.39,2.41,2.31,539122,128263968.0,4.29,2.58,0.06,2.11
2012-02-23,2.39,2.38,2.4,2.36,215199,51185952.0,1.67,-0.42,-0.01,0.84
2012-02-24,2.38,2.61,2.62,2.36,1416799,360258144.0,10.92,9.66,0.23,5.54
2012-02-27,2.57,2.55,2.63,2.55,937855,242754032.0,3.07,-2.3,-0.06,3.66
2012-02-28,2.53,2.51,2.55,2.47,443509,111244048.0,3.14,-1.57,-0.04,1.73
2012-02-29,2.46,2.42,2.47,2.4,351655,85811600.0,2.79,-3.59,-0.09,1.37
2012-03-01,2.42,2.45,2.49,2.41,246717,60554684.0,3.31,1.24,0.03,0.96
2012-03-02,2.45,2.54,2.56,2.44,434236,109122136.0,4.9,3.67,0.09,1.7
2012-03-05,2.54,2.49,2.56,2.48,335427,84204192.0,3.15,-1.97,-0.05,1.31
2012-03-06,2.47,2.43,2.48,2.43,199179,48732396.0,2.01,-2.41,-0.06,0.78
2012-03-07,2.4,2.41,2.45,2.39,215917,52187056.0,2.47,-0.82,-0.02,0.84
2012-03-08,2.42,2.44,2.46,2.41,205074,49926128.0,2.07,1.24,0.03,0.8
2012-03-09,2.45,2.45,2.45,2.41,184115,44702080.0,1.64,0.41,0.01,0.72
2012-03-12,2.45,2.42,2.46,2.4,235314,56837676.0,2.45,-1.22,-0.03,0.92
2012-03-13,2.41,2.44,2.44,2.41,205847,49989612.0,1.24,0.83,0.02,0.8
2012-03-14,2.45,2.33,2.47,2.31,449914,108580712.0,6.56,-4.51,-0.11,1.76
2012-03-15,2.33,2.27,2.34,2.25,310455,70989760.0,3.86,-2.58,-0.06,1.21
2012-03-16,2.26,2.31,2.31,2.26,173046,39544660.0,2.2,1.76,0.04,0.68
2012-03-19,2.29,2.32,2.33,2.28,178290,41077696.0,2.16,0.43,0.01,0.7
2012-03-20,2.31,2.29,2.33,2.28,177776,40964535.0,2.16,-1.29,-0.03,0.69
2012-03-21,2.3,2.29,2.31,2.26,145664,33251392.0,2.18,0.0,0.0,0.57
2012-03-22,2.28,2.31,2.34,2.27,198884,45975537.0,3.06,0.87,0.02,0.78
2012-03-23,2.29,2.27,2.3,2.26,124306,28344352.0,1.73,-1.73,-0.04,0.49
2012-03-26,2.27,2.27,2.28,2.25,77634,17580266.0,1.32,0.0,0.0,0.3
2012-03-27,2.27,2.27,2.29,2.25,75976,17241207.0,1.76,0.0,0.0,0.3
2012-03-28,2.27,2.19,2.27,2.19,137693,30689790.0,3.52,-3.52,-0.08,0.54
2012-03-29,2.18,2.19,2.23,2.16,144420,31616572.0,3.2,0.0,0.0,0.56
2012-03-30,2.19,2.2,2.21,2.18,82914,18172190.0,1.37,0.46,0.01,0.32
2012-04-05,2.2,2.24,2.24,2.19,105935,23528504.0,2.27,1.82,0.04,0.41
2012-04-06,2.24,2.24,2.26,2.22,103350,23168587.0,1.79,0.0,0.0,0.4
2012-04-09,2.24,2.21,2.24,2.2,84008,18627719.0,1.79,-1.34,-0.03,0.33
2012-04-10,2.21,2.24,2.24,2.19,87168,19262808.0,2.26,1.36,0.03,0.34
2012-04-11,2.22,2.29,2.34,2.21,257204,58748139.0,5.8,2.23,0.05,1.0
2012-04-12,2.28,2.33,2.33,2.26,240700,55318456.0,3.06,1.75,0.04,0.94
2012-04-13,2.33,2.37,2.39,2.31,322097,75993932.0,3.43,1.72,0.04,1.26
2012-04-16,2.35,2.38,2.43,2.33,331454,78968841.0,4.22,0.42,0.01,1.29
2012-04-17,2.38,2.32,2.43,2.32,253920,60051817.0,4.62,-2.52,-0.06,0.99
2012-04-18,2.32,2.36,2.37,2.3,218824,51242948.0,3.02,1.72,0.04,0.85
2012-04-19,2.36,2.33,2.36,2.32,149784,35009148.0,1.69,-1.27,-0.03,0.59
2012-04-20,2.33,2.38,2.43,2.31,340167,80805982.0,5.15,2.15,0.05,1.33
2012-04-23,2.38,2.36,2.4,2.35,197385,46848373.0,2.1,-0.84,-0.02,0.77
2012-04-24,2.34,2.39,2.4,2.31,279802,65968418.0,3.81,1.27,0.03,1.09
2012-04-25,2.37,2.47,2.54,2.37,751657,186007909.0,7.11,3.35,0.08,2.94
2012-04-26,2.47,2.42,2.49,2.41,351150,85854014.0,3.24,-2.02,-0.05,1.37
2012-04-27,2.43,2.42,2.46,2.41,220734,53732603.0,2.07,0.0,0.0,0.86
2012-05-02,2.46,2.43,2.46,2.41,168318,40925520.0,2.07,0.41,0.01,0.66
2012-05-03,2.42,2.37,2.44,2.36,218838,52297358.0,3.29,-2.47,-0.06,0.85
2012-05-04,2.37,2.38,2.39,2.35,136628,32383093.0,1.69,0.42,0.01,0.53
2012-05-07,2.37,2.37,2.38,2.35,118302,27919897.0,1.26,-0.42,-0.01,0.46
2012-05-08,2.36,2.35,2.37,2.33,107368,25229950.0,1.69,-0.84,-0.02,0.42
2012-05-10,2.31,2.31,2.34,2.31,119238,27687382.0,1.28,-1.7,-0.04,0.47
2012-05-11,2.31,2.32,2.33,2.31,85349,19782309.0,0.87,0.43,0.01,0.33
2012-05-14,2.34,2.33,2.37,2.32,147065,34515793.0,2.16,0.43,0.01,0.57
2012-05-15,2.31,2.29,2.31,2.26,158899,36316813.0,2.15,-1.72,-0.04,0.62
2012-05-16,2.29,2.27,2.29,2.25,118521,26933522.0,1.75,-0.87,-0.02,0.46
2012-05-17,2.28,2.31,2.32,2.26,102789,23586700.0,2.64,1.76,0.04,0.4
2012-05-18,2.29,2.28,2.31,2.27,89849,20595662.0,1.73,-1.3,-0.03,0.35
2012-05-21,2.28,2.3,2.31,2.28,66057,15172418.0,1.32,0.88,0.02,0.26
2012-05-22,2.3,2.32,2.34,2.3,104159,24164893.0,1.74,0.87,0.02,0.41
2012-05-23,2.31,2.31,2.33,2.28,123494,28474515.0,2.16,-0.43,-0.01,0.48
2012-05-24,2.3,2.29,2.34,2.28,103291,23858418.0,2.6,-0.87,-0.02,0.4
2012-05-25,2.29,2.27,2.3,2.26,115490,26319512.0,1.75,-0.87,-0.02,0.45
2012-05-28,2.26,2.28,2.28,2.21,183918,41248405.0,3.08,0.44,0.01,0.72
2012-05-29,2.27,2.32,2.35,2.26,244642,56735299.0,3.95,1.75,0.04,0.96
2012-05-30,2.32,2.33,2.37,2.31,150020,35176644.0,2.59,0.43,0.01,0.59
2012-05-31,2.32,2.32,2.34,2.3,111589,25906470.0,1.72,-0.43,-0.01,0.44
2012-06-01,2.31,2.31,2.34,2.29,105536,24441132.0,2.16,-0.43,-0.01,0.41
2012-06-04,2.28,2.24,2.29,2.24,114411,25919706.0,2.16,-3.03,-0.07,0.45
2012-06-05,2.24,2.24,2.26,2.23,97265,21855961.0,1.34,0.0,0.0,0.38
2012-06-06,2.24,2.23,2.27,2.22,80619,18084305.0,2.23,-0.45,-0.01,0.31
2012-06-07,2.25,2.25,2.28,2.23,110691,25009926.0,2.24,0.9,0.02,0.43
2012-06-08,2.28,2.26,2.29,2.25,120369,27301362.0,1.78,0.44,0.01,0.47
2012-06-11,2.26,2.3,2.31,2.24,132941,30262700.0,3.1,1.77,0.04,0.52
2012-06-12,2.28,2.33,2.36,2.28,320131,74450599.0,3.48,1.3,0.03,1.25
2012-06-13,2.33,2.34,2.35,2.31,177081,41251430.0,1.72,0.43,0.01,0.69
2012-06-14,2.34,2.31,2.34,2.3,144168,33396268.0,1.71,-1.28,-0.03,0.56
2012-06-15,2.3,2.29,2.32,2.27,112178,25696783.0,2.16,-0.87,-0.02,0.44
2012-06-18,2.3,2.28,2.31,2.27,111503,25529535.0,1.75,-0.44,-0.01,0.44
2012-06-19,2.29,2.27,2.29,2.25,85188,19316519.0,1.75,-0.44,-0.01,0.33
2012-06-20,2.27,2.27,2.28,2.25,72028,16301917.0,1.32,0.0,0.0,0.28
2012-06-21,2.25,2.25,2.27,2.23,82196,18486660.0,1.76,-0.88,-0.02,0.32
2012-06-25,2.24,2.18,2.24,2.17,104634,23083836.0,3.11,-3.11,-0.07,0.41
2012-06-26,2.17,2.19,2.2,2.15,76558,16677163.0,2.29,0.46,0.01,0.3
2012-06-27,2.19,2.18,2.2,2.17,57515,12572746.0,1.37,-0.46,-0.01,0.22
2012-06-28,2.18,2.15,2.18,2.15,59981,12986000.0,1.38,-1.38,-0.03,0.23
2012-06-29,2.14,2.16,2.17,2.12,77817,16677179.0,2.33,0.47,0.01,0.3
2012-07-02,2.16,2.17,2.18,2.15,52077,11291257.0,1.39,0.46,0.01,0.2
2012-07-03,2.18,2.19,2.21,2.16,95000,20785129.0,2.3,0.92,0.02,0.37
2012-07-04,2.18,2.18,2.21,2.18,54300,11896283.0,1.37,-0.46,-0.01,0.21
2012-07-05,2.18,2.15,2.18,2.14,67295,14504119.0,1.83,-1.38,-0.03,0.26
2012-07-06,2.17,2.21,2.22,2.16,122440,26813758.0,2.79,2.79,0.06,0.48
2012-07-09,2.19,2.14,2.21,2.14,77478,16872579.0,3.17,-3.17,-0.07,0.3
2012-07-10,2.13,2.13,2.15,2.09,90394,19114222.0,2.8,-0.47,-0.01,0.35
2012-07-11,2.11,2.11,2.14,2.1,69982,14810827.0,1.88,-0.94,-0.02,0.27
2012-07-12,2.11,2.14,2.15,2.1,65778,13988237.0,2.37,1.42,0.03,0.26
2012-07-13,2.13,2.12,2.14,2.12,35460,7550435.0,0.93,-0.93,-0.02,0.14
2012-07-16,2.13,2.07,2.13,2.06,76496,16007895.0,3.3,-2.36,-0.05,0.3
2012-07-17,2.07,2.09,2.1,2.06,79239,16533520.0,1.93,0.97,0.02,0.31
2012-07-18,2.09,2.08,2.09,2.04,99388,20502272.0,2.39,-0.48,-0.01,0.39
2012-07-19,2.07,2.1,2.11,2.06,108364,22675699.0,2.4,0.96,0.02,0.42
2012-07-20,2.09,2.09,2.1,2.07,58068,12103366.0,1.43,-0.48,-0.01,0.23
2012-07-23,2.08,2.07,2.08,2.06,39663,8185760.0,0.96,-0.96,-0.02,0.15
2012-07-24,2.06,2.08,2.09,2.05,40790,8467495.0,1.93,0.48,0.01,0.16
2012-07-25,2.07,2.06,2.08,2.05,65297,13458316.0,1.44,-0.96,-0.02,0.26
2012-07-26,2.06,2.05,2.07,2.04,63750,13108126.0,1.46,-0.49,-0.01,0.25
2012-07-27,2.05,2.03,2.06,2.02,69018,14056979.0,1.95,-0.98,-0.02,0.27
2012-07-30,2.03,1.99,2.04,1.98,92388,18494878.0,2.96,-1.97,-0.04,0.36
2012-07-31,2.0,1.98,2.0,1.96,61418,12141476.0,2.01,-0.5,-0.01,0.24
2012-08-01,1.97,1.99,2.01,1.96,119705,23714075.0,2.53,0.51,0.01,0.47
2012-08-02,1.98,1.95,1.99,1.93,118526,23284217.0,3.02,-2.01,-0.04,0.46
2012-08-03,1.95,1.97,1.98,1.95,91793,18014622.0,1.54,1.03,0.02,0.36
2012-08-06,1.96,2.0,2.01,1.96,82562,16389238.0,2.54,1.52,0.03,0.32
2012-08-07,2.0,2.02,2.03,1.99,100875,20239516.0,2.0,1.0,0.02,0.39
2012-08-08,2.01,2.01,2.02,1.99,88494,17774930.0,1.49,-0.5,-0.01,0.35
2012-08-09,2.0,2.04,2.04,2.0,130840,26505015.0,1.99,1.49,0.03,0.51
2012-08-10,2.04,2.02,2.04,2.0,105891,21359103.0,1.96,-0.98,-0.02,0.41
2012-08-13,2.02,1.99,2.02,1.97,107508,21373324.0,2.48,-1.49,-0.03,0.42
2012-08-14,1.98,2.01,2.02,1.98,103833,20767804.0,2.01,1.01,0.02,0.41
2012-08-15,2.0,1.98,2.01,1.98,46828,9324028.0,1.49,-1.49,-0.03,0.18
2012-08-16,1.98,1.98,1.99,1.97,29015,5744721.0,1.01,0.0,0.0,0.11
2012-08-17,1.98,1.98,1.99,1.96,30222,5957408.0,1.52,0.0,0.0,0.12
2012-08-20,1.98,1.97,1.98,1.94,61821,12097051.0,2.02,-0.51,-0.01,0.24
2012-08-21,1.96,1.99,2.0,1.96,58010,11528680.0,2.03,1.02,0.02,0.23
2012-08-22,1.99,1.98,1.99,1.97,46919,9295916.0,1.01,-0.5,-0.01,0.18
2012-08-23,1.98,1.98,1.99,1.97,36282,7184077.0,1.01,0.0,0.0,0.14
2012-08-24,1.98,1.97,1.98,1.96,51333,10112297.0,1.01,-0.51,-0.01,0.2
2012-08-27,1.96,1.91,1.97,1.91,72712,14066746.0,3.05,-3.05,-0.06,0.28
2012-08-28,1.91,1.93,1.94,1.9,63629,12241027.0,2.09,1.05,0.02,0.25
2012-08-29,1.93,1.92,1.94,1.91,56477,10856138.0,1.55,-0.52,-0.01,0.22
2012-08-30,1.92,1.91,1.92,1.89,49331,9390960.0,1.56,-0.52,-0.01,0.19
2012-08-31,1.91,1.92,1.92,1.9,39679,7568562.0,1.05,0.52,0.01,0.16
2012-09-03,1.91,1.94,1.95,1.9,90282,17448079.0,2.6,1.04,0.02,0.35
2012-09-04,1.93,1.92,1.94,1.91,64962,12517885.0,1.55,-1.03,-0.02,0.25
2012-09-05,1.92,1.93,1.94,1.91,78697,15116506.0,1.56,0.52,0.01,0.31
2012-09-06,1.92,1.94,1.94,1.92,65242,12606663.0,1.04,0.52,0.01,0.25
2012-09-07,1.94,1.99,2.02,1.94,196496,39001438.0,4.12,2.58,0.05,0.77
2012-09-10,1.98,1.99,2.01,1.98,118565,23623977.0,1.51,0.0,0.0,0.46
2012-09-11,1.99,1.97,1.99,1.96,84428,16613290.0,1.51,-1.01,-0.02,0.33
2012-09-12,1.98,1.98,1.99,1.96,87944,17377726.0,1.52,0.51,0.01,0.34
2012-09-13,1.99,1.96,1.99,1.96,68582,13531628.0,1.52,-1.01,-0.02,0.27
2012-09-14,1.97,2.02,2.03,1.95,232365,46474719.0,4.08,3.06,0.06,0.91
2012-09-17,2.01,1.97,2.02,1.97,153707,30650444.0,2.48,-2.48,-0.05,0.6
2012-09-18,1.96,1.95,1.97,1.93,87856,17135182.0,2.03,-1.02,-0.02,0.34
2012-09-19,1.95,1.95,1.97,1.93,79399,15435442.0,2.05,0.0,0.0,0.31
2012-09-20,1.95,1.91,1.95,1.91,65618,12634178.0,2.05,-2.05,-0.04,0.26
2012-09-21,1.91,1.89,1.92,1.88,109138,20710495.0,2.09,-1.05,-0.02,0.43
2012-09-24,1.88,1.88,1.9,1.86,50947,9579095.0,2.12,-0.53,-0.01,0.2
2012-09-25,1.88,1.89,1.91,1.86,83110,15656524.0,2.66,0.53,0.01,0.32
2012-09-26,1.88,1.87,1.9,1.86,50180,9418375.0,2.12,-1.06,-0.02,0.2
2012-09-27,1.86,1.9,1.91,1.86,96704,18279911.0,2.67,1.6,0.03,0.38
2012-09-28,1.9,1.92,1.93,1.88,87449,16721568.0,2.63,1.05,0.02,0.34
2012-10-08,1.92,1.9,1.93,1.9,45926,8771867.0,1.56,-1.04,-0.02,0.18
2012-10-09,1.9,1.94,1.95,1.9,88815,17158076.0,2.63,2.11,0.04,0.35
2012-10-10,1.93,2.01,2.05,1.92,384812,76947111.0,6.7,3.61,0.07,1.5
2012-10-11,2.0,1.96,2.02,1.95,195901,38806307.0,3.48,-2.49,-0.05,0.77
2012-10-12,1.96,1.98,2.01,1.95,160014,31705347.0,3.06,1.02,0.02,0.63
2012-10-15,1.97,1.99,1.99,1.96,95402,18852687.0,1.52,0.51,0.01,0.37
2012-10-16,1.99,1.97,2.0,1.96,95294,18853872.0,2.01,-1.01,-0.02,0.37
2012-10-17,1.97,1.98,1.99,1.95,101645,20034634.0,2.03,0.51,0.01,0.4
2012-10-18,1.98,2.03,2.06,1.97,348466,70571545.0,4.55,2.53,0.05,1.36
2012-10-19,2.02,2.04,2.08,2.02,205621,41950674.0,2.96,0.49,0.01,0.8
2012-10-22,2.02,2.04,2.05,2.01,111995,22714125.0,1.96,0.0,0.0,0.44
2012-10-23,2.04,2.07,2.12,2.03,403605,84149461.0,4.41,1.47,0.03,1.58
2012-10-24,2.05,2.09,2.1,2.04,293128,60934557.0,2.9,0.97,0.02,1.15
2012-10-25,2.09,2.08,2.18,2.08,450494,95649851.0,4.78,-0.48,-0.01,1.76
2012-10-26,2.06,2.02,2.07,2.01,229505,46690671.0,2.88,-2.88,-0.06,0.9
2012-10-29,2.02,2.01,2.04,2.0,107879,21730816.0,1.98,-0.5,-0.01,0.42
2012-10-30,2.01,2.03,2.06,2.0,174130,35373859.0,2.99,1.0,0.02,0.68
2012-10-31,2.03,2.05,2.05,2.01,118493,24070271.0,1.97,0.99,0.02,0.46
2012-11-01,2.04,2.13,2.17,2.04,556358,118174869.0,6.34,3.9,0.08,2.17
2012-11-02,2.12,2.18,2.24,2.11,536310,116449030.0,6.1,2.35,0.05,2.1
2012-11-05,2.17,2.15,2.21,2.14,252875,54652723.0,3.21,-1.38,-0.03,0.99
2012-11-06,2.15,2.11,2.16,2.05,310946,65153223.0,5.12,-1.86,-0.04,1.21
2012-11-07,2.1,2.09,2.12,2.07,118202,24674807.0,2.37,-0.95,-0.02,0.46
2012-11-08,2.07,2.05,2.12,2.05,189012,39242851.0,3.35,-1.91,-0.04,0.74
2012-11-09,2.04,2.04,2.07,2.03,101223,20706329.0,1.95,-0.49,-0.01,0.4
2012-11-12,2.04,2.09,2.09,2.04,124549,25806620.0,2.45,2.45,0.05,0.49
2012-11-13,2.09,2.03,2.09,2.02,148427,30436142.0,3.35,-2.87,-0.06,0.58
2012-11-14,2.03,2.04,2.05,2.01,83262,16866930.0,1.97,0.49,0.01,0.33
2012-11-15,2.03,2.01,2.06,2.0,101620,20623663.0,2.94,-1.47,-0.03,0.4
2012-11-16,2.0,2.01,2.02,1.99,81729,16402374.0,1.49,0.0,0.0,0.32
2012-11-19,2.02,2.04,2.04,2.0,74915,15127013.0,1.99,1.49,0.03,0.29
2012-11-20,2.05,2.04,2.06,2.03,68768,14073533.0,1.47,0.0,0.0,0.27
2012-11-21,2.03,2.07,2.07,2.01,143478,29247777.0,2.94,1.47,0.03,0.56
2012-11-22,2.06,2.04,2.06,2.04,77600,15891296.0,0.97,-1.45,-0.03,0.3
2012-11-23,2.04,2.05,2.06,2.03,48431,9914297.0,1.47,0.49,0.01,0.19
2012-11-26,2.05,2.02,2.05,2.02,51700,10506411.0,1.46,-1.46,-0.03,0.2
2012-11-27,2.02,1.97,2.02,1.96,119830,23810574.0,2.97,-2.48,-0.05,0.47
2012-11-28,1.96,1.93,1.96,1.92,89169,17301326.0,2.03,-2.03,-0.04,0.35
2012-11-29,1.93,1.92,1.95,1.92,82452,15951923.0,1.55,-0.52,-0.01,0.32
2012-11-30,1.93,1.97,1.99,1.92,168335,33021058.0,3.65,2.6,0.05,0.66
2012-12-03,1.96,1.98,2.05,1.95,189900,38195021.0,5.08,0.51,0.01,0.74
2012-12-04,1.96,2.0,2.01,1.95,141672,28057910.0,3.03,1.01,0.02,0.55
2012-12-05,2.0,2.07,2.1,1.98,376473,77355407.0,6.0,3.5,0.07,1.47
2012-12-06,2.06,2.06,2.09,2.05,211751,43785741.0,1.93,-0.48,-0.01,0.83
2012-12-07,2.08,2.09,2.1,2.06,263491,54900514.0,1.94,1.46,0.03,1.03
2012-12-10,2.1,2.1,2.12,2.07,192786,40302835.0,2.39,0.48,0.01,0.75
2012-12-11,2.09,2.06,2.11,2.06,216368,45019752.0,2.38,-1.9,-0.04,0.85
2012-12-12,2.07,2.06,2.08,2.04,123371,25337209.0,1.94,0.0,0.0,0.48
2012-12-13,2.06,2.08,2.11,2.04,260383,54207248.0,3.4,0.97,0.02,1.02
2012-12-14,2.08,2.14,2.16,2.06,470361,99800488.0,4.81,2.88,0.06,1.84
2012-12-17,2.15,2.12,2.15,2.11,249976,53247957.0,1.87,-0.93,-0.02,0.98
2012-12-18,2.12,2.11,2.14,2.1,206140,43742159.0,1.89,-0.47,-0.01,0.81
2012-12-19,2.1,2.1,2.12,2.08,169571,35638187.0,1.9,-0.47,-0.01,0.66
2012-12-20,2.09,2.09,2.1,2.06,162409,33748877.0,1.9,-0.48,-0.01,0.63
2012-12-21,2.09,2.09,2.12,2.08,156420,32788388.0,1.91,0.0,0.0,0.61
2012-12-24,2.08,2.09,2.1,2.08,111310,23290335.0,0.96,0.0,0.0,0.43
2012-12-25,2.09,2.15,2.17,2.08,398859,85399702.0,4.31,2.87,0.06,1.56
2012-12-26,2.14,2.16,2.19,2.13,368142,79754224.0,2.79,0.47,0.01,1.44
2012-12-27,2.16,2.15,2.18,2.14,353968,76407001.0,1.85,-0.46,-0.01,1.38
2012-12-28,2.16,2.2,2.22,2.15,338929,74200741.0,3.26,2.33,0.05,1.32
2012-12-31,2.2,2.25,2.27,2.18,478178,107129506.0,4.09,2.27,0.05,1.87
2013-01-04,2.27,2.23,2.29,2.21,271960,60961198.0,3.56,-0.89,-0.02,1.06
2013-01-07,2.21,2.22,2.23,2.19,220655,48717405.0,1.79,-0.45,-0.01,0.86
2013-01-08,2.21,2.21,2.22,2.17,274885,60445112.0,2.25,-0.45,-0.01,1.07
2013-01-09,2.2,2.2,2.21,2.18,156160,34316157.0,1.36,-0.45,-0.01,0.61
2013-01-10,2.2,2.21,2.23,2.19,191537,42379241.0,1.82,0.45,0.01,0.75
2013-01-11,2.21,2.16,2.22,2.15,212498,46325474.0,3.17,-2.26,-0.05,0.83
2013-01-14,2.15,2.21,2.22,2.15,218710,47823144.0,3.24,2.31,0.05,0.85
2013-01-15,2.2,2.23,2.24,2.19,274104,60518370.0,2.26,0.9,0.02,1.07
2013-01-16,2.22,2.2,2.22,2.18,241863,53251099.0,1.79,-1.35,-0.03,0.94
2013-01-17,2.2,2.19,2.22,2.18,149979,32984951.0,1.82,-0.45,-0.01,0.59
2013-01-18,2.2,2.23,2.23,2.19,306002,67766440.0,1.83,1.83,0.04,1.2
2013-01-21,2.23,2.23,2.25,2.22,230077,51341240.0,1.35,0.0,0.0,0.9
2013-01-22,2.22,2.18,2.23,2.18,205874,45259872.0,2.24,-2.24,-0.05,0.8
2013-01-23,2.19,2.2,2.21,2.17,173430,37989145.0,1.83,0.92,0.02,0.68
2013-01-24,2.2,2.17,2.22,2.16,230608,50502369.0,2.73,-1.36,-0.03,0.9
2013-01-25,2.17,2.15,2.17,2.14,153171,32980278.0,1.38,-0.92,-0.02,0.6
2013-01-28,2.16,2.21,2.21,2.15,258470,56659672.0,2.79,2.79,0.06,1.01
2013-01-29,2.22,2.23,2.25,2.19,303581,67613632.0,2.71,0.9,0.02,1.19
2013-01-30,2.22,2.25,2.25,2.21,339203,75709466.0,1.79,0.9,0.02,1.33
2013-01-31,2.24,2.22,2.25,2.2,190532,42323624.0,2.22,-1.33,-0.03,0.74
2013-02-01,2.21,2.21,2.23,2.2,158271,34984043.0,1.35,-0.45,-0.01,0.62
2013-02-04,2.21,2.22,2.23,2.19,221994,49019538.0,1.81,0.45,0.01,0.87
2013-02-05,2.2,2.31,2.43,2.2,760601,176312848.0,10.36,4.05,0.09,2.97
2013-02-06,2.29,2.28,2.3,2.25,418191,95136063.0,2.16,-1.3,-0.03,1.63
2013-02-07,2.27,2.27,2.28,2.25,173807,39344079.0,1.32,-0.44,-0.01,0.68
2013-02-08,2.27,2.29,2.3,2.26,203929,46571074.0,1.76,0.88,0.02,0.8
2013-02-18,2.3,2.29,2.31,2.28,197735,45354383.0,1.31,0.0,0.0,0.77
2013-02-19,2.29,2.24,2.29,2.23,228733,51594509.0,2.62,-2.18,-0.05,0.89
2013-02-20,2.24,2.25,2.26,2.23,134660,30248810.0,1.34,0.45,0.01,0.53
2013-02-21,2.24,2.2,2.25,2.19,200149,44321802.0,2.67,-2.22,-0.05,0.78
2013-02-22,2.2,2.19,2.21,2.19,129491,28501257.0,0.91,-0.45,-0.01,0.51
2013-02-25,2.19,2.2,2.21,2.19,98294,21587502.0,0.91,0.46,0.01,0.38
2013-02-26,2.19,2.17,2.2,2.16,126336,27598291.0,1.82,-1.36,-0.03,0.49
2013-02-27,2.17,2.18,2.19,2.17,80892,17638730.0,0.92,0.46,0.01,0.32
2013-02-28,2.18,2.23,2.23,2.18,159467,35300545.0,2.29,2.29,0.05,0.62
2013-03-01,2.23,2.23,2.24,2.2,115712,25702965.0,1.79,0.0,0.0,0.45
2013-03-04,2.19,2.09,2.19,2.07,358901,75966593.0,5.38,-6.28,-0.14,1.4
2013-03-05,2.08,2.11,2.12,2.07,166370,34796843.0,2.39,0.96,0.02,0.65
2013-03-06,2.11,2.13,2.15,2.11,164232,34973844.0,1.9,0.95,0.02,0.64
2013-03-07,2.13,2.14,2.16,2.12,118452,25329723.0,1.88,0.47,0.01,0.46
2013-03-08,2.14,2.13,2.16,2.12,103084,22067622.0,1.87,-0.47,-0.01,0.4
2013-03-11,2.13,2.14,2.16,2.1,119819,25507955.0,2.82,0.47,0.01,0.47
2013-03-12,2.14,2.11,2.16,2.1,161911,34527189.0,2.8,-1.4,-0.03,0.63
2013-03-13,2.11,2.11,2.11,2.09,85199,17890337.0,0.95,0.0,0.0,0.33
2013-03-14,2.11,2.11,2.12,2.1,67072,14167087.0,0.95,0.0,0.0,0.26
2013-03-15,2.11,2.1,2.12,2.08,144034,30241187.0,1.9,-0.47,-0.01,0.56
2013-03-18,2.1,2.09,2.11,2.08,74100,15503378.0,1.43,-0.48,-0.01,0.29
2013-03-19,2.09,2.1,2.1,2.07,124504,25987356.0,1.44,0.48,0.01,0.49
2013-03-20,2.1,2.12,2.13,2.09,201857,42639349.0,1.9,0.95,0.02,0.79
2013-03-21,2.12,2.11,2.13,2.1,141649,29926419.0,1.42,-0.47,-0.01,0.55
2013-03-22,2.1,2.12,2.13,2.1,100201,21163007.0,1.42,0.47,0.01,0.39
2013-03-25,2.12,2.12,2.12,2.1,97072,20512279.0,0.94,0.0,0.0,0.38
2013-03-26,2.12,2.12,2.13,2.1,89484,18914917.0,1.42,0.0,0.0,0.35
2013-03-27,2.11,2.11,2.13,2.1,101607,21462093.0,1.42,-0.47,-0.01,0.4
2013-03-28,2.09,2.06,2.1,2.04,137839,28425488.0,2.84,-2.37,-0.05,0.54
2013-03-29,2.05,2.04,2.06,2.02,99479,20293002.0,1.94,-0.97,-0.02,0.39
2013-04-01,2.03,2.05,2.07,2.03,111282,22822357.0,1.96,0.49,0.01,0.43
2013-04-02,2.05,2.06,2.07,2.04,92190,18967285.0,1.46,0.49,0.01,0.36
2013-04-03,2.05,2.05,2.06,2.03,93518,19103222.0,1.46,-0.49,-0.01,0.37
2013-04-08,2.03,2.02,2.03,2.01,113374,22869046.0,0.98,-1.46,-0.03,0.44
2013-04-09,2.02,2.04,2.05,2.02,97375,19833026.0,1.49,0.99,0.02,0.38
2013-04-10,2.04,2.04,2.05,2.02,86224,17535700.0,1.47,0.0,0.0,0.34
2013-04-11,2.04,2.03,2.05,2.03,77822,15853869.0,0.98,-0.49,-0.01,0.3
2013-04-12,2.03,2.03,2.04,2.02,78425,15889963.0,0.99,0.0,0.0,0.31
2013-04-15,2.02,2.03,2.04,2.01,94289,19078998.0,1.48,0.0,0.0,0.37
2013-04-16,2.01,2.05,2.06,2.0,163907,33329377.0,2.96,0.99,0.02,0.64
2013-04-17,2.04,2.04,2.07,2.02,157904,32274154.0,2.44,-0.49,-0.01,0.62
2013-04-18,2.03,2.03,2.04,2.01,147392,29887018.0,1.47,-0.49,-0.01,0.58
2013-04-19,2.03,2.05,2.06,2.02,259407,52940189.0,1.97,0.99,0.02,1.01
2013-04-22,2.04,2.05,2.05,2.03,181522,36947303.0,0.98,0.0,0.0,0.71
2013-04-23,2.04,2.01,2.05,2.0,184692,37317886.0,2.44,-1.95,-0.04,0.72
2013-04-24,2.0,2.04,2.05,2.0,177853,35991805.0,2.49,1.49,0.03,0.69
2013-04-25,2.03,2.03,2.06,2.02,211840,43173280.0,1.96,-0.49,-0.01,0.83
2013-04-26,2.03,2.01,2.04,2.01,93204,18837037.0,1.48,-0.99,-0.02,0.36
2013-05-02,2.02,2.01,2.02,2.0,55479,11157111.0,1.0,0.0,0.0,0.22
2013-05-03,2.01,2.02,2.05,2.01,90225,18329414.0,1.99,0.5,0.01,0.35
2013-05-06,2.03,2.04,2.04,2.03,75811,15426788.0,0.5,0.99,0.02,0.3
2013-05-07,2.04,2.03,2.04,2.02,92518,18798340.0,0.98,-0.49,-0.01,0.36
2013-05-08,2.03,2.03,2.05,2.01,201001,40777135.0,1.97,0.0,0.0,0.79
2013-05-09,2.03,2.01,2.03,2.0,170454,34242155.0,1.48,-0.99,-0.02,0.67
2013-05-10,2.01,2.03,2.03,2.0,119621,24102985.0,1.49,1.0,0.02,0.47
2013-05-13,2.03,2.01,2.03,2.01,93173,18798554.0,0.99,-0.99,-0.02,0.36
2013-05-14,2.01,2.01,2.02,2.0,105795,21217581.0,1.0,0.0,0.0,0.41
2013-05-15,2.01,2.01,2.02,2.0,69925,14021482.0,1.0,0.0,0.0,0.27
2013-05-16,2.01,2.03,2.04,2.0,178488,36118473.0,1.99,1.0,0.02,0.7
2013-05-17,2.04,2.08,2.15,2.04,643481,135251468.0,5.42,2.46,0.05,2.51
2013-05-20,2.09,2.09,2.1,2.07,284153,59193712.0,1.44,0.48,0.01,1.11
2013-05-21,2.08,2.08,2.09,2.07,197983,41132628.0,0.96,-0.48,-0.01,0.77
2013-05-22,2.08,2.1,2.13,2.07,239924,50369162.0,2.88,0.96,0.02,0.94
2013-05-23,2.09,2.1,2.11,2.08,327924,68800436.0,1.43,0.0,0.0,1.28
2013-05-24,2.09,2.09,2.1,2.08,157476,32907046.0,0.95,-0.48,-0.01,0.62
2013-05-27,2.09,2.08,2.09,2.08,138829,28931613.0,0.48,-0.48,-0.01,0.54
2013-05-28,2.08,2.1,2.11,2.07,288958,60385280.0,1.92,0.96,0.02,1.13
2013-05-29,2.1,2.1,2.12,2.09,308378,64914649.0,1.43,0.0,0.0,1.2
2013-05-30,2.1,2.09,2.1,2.07,153157,31913067.0,1.43,-0.48,-0.01,0.6
2013-05-31,2.08,2.07,2.09,2.07,178211,36965353.0,0.96,-0.96,-0.02,0.7
2013-06-03,2.06,2.07,2.09,2.06,125840,26107806.0,1.45,0.0,0.0,0.49
2013-06-04,2.07,2.04,2.08,2.03,130181,26695338.0,2.42,-1.45,-0.03,0.51
2013-06-05,2.04,2.04,2.05,2.03,89250,18190983.0,0.98,0.0,0.0,0.35
2013-06-06,2.04,2.02,2.04,2.01,116905,23665756.0,1.47,-0.98,-0.02,0.46
2013-06-07,2.02,2.0,2.02,2.0,110682,22235855.0,0.99,-0.99,-0.02,0.43
2013-06-13,1.99,1.95,2.0,1.94,146383,28661511.0,3.0,-2.5,-0.05,0.57
2013-06-14,1.95,1.96,1.96,1.94,70684,13817989.0,1.03,0.51,0.01,0.28
2013-06-17,1.96,1.94,1.96,1.94,91890,17903602.0,1.02,-1.02,-0.02,0.36
2013-06-18,1.95,1.93,1.95,1.92,155082,30025513.0,1.55,-0.52,-0.01,0.61
2013-06-19,1.93,1.91,1.93,1.9,114135,21832455.0,1.55,-1.04,-0.02,0.45
2013-06-20,1.91,1.89,1.91,1.88,106357,20191979.0,1.57,-1.05,-0.02,0.42
2013-06-21,1.88,1.87,1.88,1.85,103418,19322619.0,1.59,-1.06,-0.02,0.4
2013-06-24,1.87,1.77,1.87,1.74,177193,31931790.0,6.95,-5.35,-0.1,0.69
2013-06-25,1.76,1.74,1.78,1.61,287431,49374306.0,9.6,-1.69,-0.03,1.12
2013-06-26,1.74,1.73,1.76,1.71,131991,22852213.0,2.87,-0.57,-0.01,0.52
2013-06-27,1.74,1.73,1.77,1.72,190772,33271452.0,2.89,0.0,0.0,0.75
2013-06-28,1.72,1.78,1.8,1.71,257197,45551602.0,5.2,2.89,0.05,1.0
2013-07-01,1.78,1.78,1.78,1.75,121821,21511651.0,1.69,0.0,0.0,0.48
2013-07-02,1.77,1.78,1.78,1.76,66684,11806065.0,1.12,0.0,0.0,0.26
2013-07-03,1.78,1.77,1.78,1.74,98771,17362287.0,2.25,-0.56,-0.01,0.39
2013-07-04,1.75,1.77,1.78,1.74,122019,21537308.0,2.26,0.0,0.0,0.48
2013-07-05,1.77,1.79,1.82,1.76,154204,27678197.0,3.39,1.13,0.02,0.6
2013-07-08,1.76,1.72,1.77,1.72,137159,23858063.0,2.79,-3.91,-0.07,0.54
2013-07-09,1.72,1.73,1.73,1.71,38782,6679230.0,1.16,0.58,0.01,0.15
2013-07-10,1.73,1.76,1.77,1.73,107250,18753398.0,2.31,1.73,0.03,0.42
2013-07-11,1.77,1.82,1.83,1.76,228777,41197932.0,3.98,3.41,0.06,0.89
2013-07-12,1.81,1.79,1.83,1.78,159521,28818753.0,2.75,-1.65,-0.03,0.62
2013-07-15,1.78,1.79,1.81,1.78,112338,20154797.0,1.68,0.0,0.0,0.44
2013-07-16,1.8,1.81,1.81,1.77,141907,25416057.0,2.23,1.12,0.02,0.55
2013-07-17,1.8,1.81,1.84,1.79,223950,40558157.0,2.76,0.0,0.0,0.87
2013-07-18,1.8,1.78,1.81,1.78,131636,23641208.0,1.66,-1.66,-0.03,0.51
2013-07-19,1.79,1.74,1.8,1.73,146852,25954743.0,3.93,-2.25,-0.04,0.57
2013-07-22,1.73,1.74,1.74,1.72,110389,19069303.0,1.15,0.0,0.0,0.43
2013-07-23,1.74,1.78,1.8,1.73,173201,30708276.0,4.02,2.3,0.04,0.68
2013-07-24,1.78,1.76,1.79,1.74,118252,20850335.0,2.81,-1.12,-0.02,0.46
2013-07-25,1.77,1.75,1.77,1.74,71571,12551692.0,1.7,-0.57,-0.01,0.28
2013-07-26,1.75,1.75,1.75,1.73,63219,10992821.0,1.14,0.0,0.0,0.25
2013-07-29,1.74,1.72,1.74,1.71,73295,12606728.0,1.71,-1.71,-0.03,0.29
2013-07-30,1.72,1.73,1.74,1.69,106830,18318021.0,2.91,0.58,0.01,0.42
2013-07-31,1.74,1.75,1.8,1.74,208516,36898913.0,3.47,1.16,0.02,0.81
2013-08-01,1.74,1.77,1.78,1.73,144979,25528669.0,2.86,1.14,0.02,0.57
2013-08-02,1.79,1.8,1.83,1.78,366718,66379739.0,2.82,1.69,0.03,1.43
2013-08-05,1.79,1.8,1.8,1.76,229721,40868035.0,2.22,0.0,0.0,0.9
2013-08-06,1.79,1.81,1.83,1.78,200252,36197074.0,2.78,0.56,0.01,0.78
2013-08-07,1.81,1.81,1.84,1.8,196047,35735376.0,2.21,0.0,0.0,0.77
2013-08-08,1.8,1.79,1.81,1.79,112889,20295012.0,1.1,-1.1,-0.02,0.44
2013-08-09,1.8,1.8,1.81,1.78,114661,20579099.0,1.68,0.56,0.01,0.45
2013-08-12,1.8,1.84,1.84,1.79,229108,41677172.0,2.78,2.22,0.04,0.9
2013-08-13,1.83,1.84,1.86,1.82,245203,45180143.0,2.17,0.0,0.0,0.96
2013-08-14,1.85,1.84,1.87,1.82,277149,51216203.0,2.72,0.0,0.0,1.08
2013-08-15,1.83,1.82,1.84,1.81,150026,27418285.0,1.63,-1.09,-0.02,0.59
2013-08-16,1.82,1.82,1.87,1.8,227394,41592858.0,3.85,0.0,0.0,0.89
2013-08-19,1.8,1.83,1.84,1.8,164349,29914644.0,2.2,0.55,0.01,0.64
2013-08-20,1.82,1.81,1.84,1.8,115637,21055467.0,2.19,-1.09,-0.02,0.45
2013-08-21,1.81,1.82,1.82,1.79,90843,16410277.0,1.66,0.55,0.01,0.35
2013-08-22,1.81,1.82,1.84,1.81,118539,21638505.0,1.65,0.0,0.0,0.46
2013-08-23,1.82,1.8,1.83,1.79,119249,21553016.0,2.2,-1.1,-0.02,0.47
2013-08-26,1.81,1.83,1.84,1.8,135210,24671661.0,2.22,1.67,0.03,0.53
2013-08-27,1.83,1.85,1.86,1.83,196243,36220309.0,1.64,1.09,0.02,0.77
2013-08-28,1.85,1.87,1.92,1.83,365039,68348428.0,4.86,1.08,0.02,1.43
2013-08-29,1.87,1.9,1.92,1.86,318158,60015714.0,3.21,1.6,0.03,1.24
2013-08-30,1.9,1.9,1.93,1.89,334086,63756969.0,2.11,0.0,0.0,1.31
2013-09-02,1.91,1.89,1.92,1.87,217988,41139941.0,2.63,-0.53,-0.01,0.85
2013-09-03,1.89,1.91,1.92,1.88,215352,40979958.0,2.12,1.06,0.02,0.84
2013-09-04,1.92,1.92,1.95,1.9,265380,51067537.0,2.62,0.52,0.01,1.04
2013-09-05,1.91,1.88,1.92,1.88,181065,34234544.0,2.08,-2.08,-0.04,0.71
2013-09-06,1.88,1.89,1.89,1.87,98916,18617259.0,1.06,0.53,0.01,0.39
2013-09-09,1.89,1.95,1.97,1.89,390378,75755629.0,4.23,3.17,0.06,1.53
2013-09-10,1.95,2.0,2.01,1.93,472494,93245562.0,4.1,2.56,0.05,1.85
2013-09-11,2.0,2.03,2.07,1.99,639452,130050070.0,4.0,1.5,0.03,2.5
2013-09-12,2.03,2.03,2.05,2.0,332012,67295736.0,2.46,0.0,0.0,1.3
2013-09-13,2.03,1.99,2.03,1.98,293773,58806190.0,2.46,-1.97,-0.04,1.15
2013-09-16,1.99,1.98,2.01,1.97,169684,33712601.0,2.01,-0.5,-0.01,0.66
2013-09-17,1.98,1.91,1.99,1.9,237185,45929898.0,4.55,-3.54,-0.07,0.93
2013-09-18,1.91,1.93,1.94,1.9,131066,25196522.0,2.09,1.05,0.02,0.51
2013-09-23,1.94,1.95,1.96,1.93,156881,30557407.0,1.55,1.04,0.02,0.61
2013-09-24,1.95,1.93,1.95,1.92,137657,26586003.0,1.54,-1.03,-0.02,0.54
2013-09-25,1.93,1.92,1.95,1.91,140577,27124754.0,2.07,-0.52,-0.01,0.55
2013-09-26,1.91,1.88,1.92,1.87,154672,29398711.0,2.6,-2.08,-0.04,0.6
2013-09-27,1.88,1.89,1.9,1.87,93889,17740701.0,1.6,0.53,0.01,0.37
2013-09-30,1.89,1.9,1.91,1.89,59541,11322788.0,1.06,0.53,0.01,0.23
2013-10-08,1.9,1.93,1.94,1.89,115634,22182436.0,2.63,1.58,0.03,0.45
2013-10-09,1.93,1.94,1.94,1.92,139442,26902445.0,1.04,0.52,0.01,0.54
2013-10-10,1.93,1.94,1.96,1.91,197581,38285720.0,2.58,0.0,0.0,0.77
2013-10-11,1.94,1.96,1.98,1.93,279937,54859386.0,2.58,1.03,0.02,1.09
2013-10-14,1.97,1.95,1.97,1.93,225610,43922774.0,2.04,-0.51,-0.01,0.88
2013-10-15,1.95,1.93,1.95,1.92,148214,28646538.0,1.54,-1.03,-0.02,0.58
2013-10-16,1.93,1.9,1.94,1.89,187377,35762117.0,2.59,-1.55,-0.03,0.73
2013-10-17,1.91,1.91,1.92,1.9,121138,23111853.0,1.05,0.53,0.01,0.47
2013-10-18,1.91,1.91,1.94,1.9,152830,29271560.0,2.09,0.0,0.0,0.6
2013-10-21,1.92,1.93,1.93,1.9,116953,22402719.0,1.57,1.05,0.02,0.46
2013-10-22,1.92,1.92,1.93,1.9,168903,32289282.0,1.55,-0.52,-0.01,0.66
2013-10-23,1.91,1.9,1.93,1.89,169686,32455282.0,2.08,-1.04,-0.02,0.66
2013-10-24,1.89,1.88,1.9,1.87,114471,21587343.0,1.58,-1.05,-0.02,0.45
2013-10-25,1.88,1.86,1.89,1.84,134112,25037970.0,2.66,-1.06,-0.02,0.52
2013-10-28,1.86,1.87,1.89,1.85,142509,26739332.0,2.15,0.54,0.01,0.56
2013-10-29,1.87,1.84,1.89,1.82,147205,27249335.0,3.74,-1.6,-0.03,0.58
2013-10-30,1.84,1.86,1.87,1.83,88122,16319557.0,2.17,1.09,0.02,0.34
2013-10-31,1.87,1.88,1.89,1.86,157138,29535002.0,1.61,1.08,0.02,0.61
2013-11-01,1.88,1.87,1.88,1.85,77548,14484019.0,1.6,-0.53,-0.01,0.3
2013-11-04,1.87,1.87,1.88,1.86,60492,11309598.0,1.07,0.0,0.0,0.24
2013-11-05,1.87,1.87,1.88,1.85,70798,13161686.0,1.6,0.0,0.0,0.28
2013-11-06,1.86,1.86,1.89,1.86,93993,17570695.0,1.6,-0.53,-0.01,0.37
2013-11-07,1.86,1.85,1.87,1.85,50457,9371698.0,1.08,-0.54,-0.01,0.2
2013-11-08,1.85,1.83,1.86,1.82,96776,17772793.0,2.16,-1.08,-0.02,0.38
2013-11-11,1.83,1.82,1.83,1.81,53124,9681147.0,1.09,-0.55,-0.01,0.21
2013-11-12,1.82,1.84,1.84,1.82,58397,10695654.0,1.1,1.1,0.02,0.23
2013-11-13,1.84,1.81,1.84,1.81,56070,10208764.0,1.63,-1.63,-0.03,0.22
2013-11-14,1.81,1.82,1.83,1.8,66065,11974198.0,1.66,0.55,0.01,0.26
2013-11-15,1.82,1.85,1.86,1.81,150871,27825543.0,2.75,1.65,0.03,0.59
2013-11-18,1.86,1.88,1.88,1.85,167674,31281494.0,1.62,1.62,0.03,0.66
2013-11-19,1.87,1.87,1.88,1.86,135653,25378904.0,1.06,-0.53,-0.01,0.53
2013-11-20,1.87,1.88,1.89,1.86,136542,25618477.0,1.6,0.53,0.01,0.53
2013-11-21,1.88,1.87,1.88,1.85,173070,32230094.0,1.6,-0.53,-0.01,0.68
2013-11-22,1.86,1.86,1.87,1.85,87975,16372473.0,1.07,-0.53,-0.01,0.34
2013-11-25,1.86,1.85,1.87,1.85,79532,14771356.0,1.08,-0.54,-0.01,0.31
2013-11-26,1.85,1.86,1.87,1.85,81770,15206781.0,1.08,0.54,0.01,0.32
2013-11-27,1.86,1.9,1.92,1.86,311863,59152224.0,3.23,2.15,0.04,1.22
2013-11-28,1.89,1.89,1.9,1.87,197206,37218073.0,1.58,-0.53,-0.01,0.77
2013-11-29,1.88,1.88,1.89,1.87,94962,17848240.0,1.06,-0.53,-0.01,0.37
2013-12-02,1.86,1.83,1.87,1.82,211003,38903668.0,2.66,-2.66,-0.05,0.82
2013-12-03,1.82,1.85,1.86,1.82,97749,17982877.0,2.19,1.09,0.02,0.38
2013-12-04,1.85,1.88,1.9,1.84,256444,48118113.0,3.24,1.62,0.03,1.0
2013-12-05,1.88,1.87,1.88,1.86,182757,34141557.0,1.06,-0.53,-0.01,0.71
2013-12-06,1.87,1.91,1.92,1.86,366627,69457575.0,3.21,2.14,0.04,1.43
2013-12-09,1.91,1.89,1.91,1.88,147041,27856219.0,1.57,-1.05,-0.02,0.57
2013-12-10,1.89,1.9,1.91,1.87,224031,42338231.0,2.12,0.53,0.01,0.88
2013-12-11,1.9,1.89,1.91,1.88,185399,35065456.0,1.58,-0.53,-0.01,0.72
2013-12-12,1.89,1.87,1.89,1.86,168510,31558024.0,1.59,-1.06,-0.02,0.66
2013-12-13,1.87,1.86,1.88,1.85,72683,13559289.0,1.6,-0.53,-0.01,0.28
2013-12-16,1.87,1.93,1.95,1.86,651980,124357387.0,4.84,3.76,0.07,2.55
2013-12-17,1.91,1.91,1.92,1.89,229702,43770303.0,1.55,-1.04,-0.02,0.9
2013-12-18,1.91,1.87,1.91,1.87,132482,25034614.0,2.09,-2.09,-0.04,0.52
2013-12-19,1.88,1.87,1.89,1.87,106310,19970961.0,1.07,0.0,0.0,0.42
2013-12-20,1.87,1.83,1.88,1.82,138609,25564175.0,3.21,-2.14,-0.04,0.54
2013-12-23,1.83,1.81,1.84,1.78,108800,19708073.0,3.28,-1.09,-0.02,0.43
2013-12-24,1.81,1.82,1.83,1.8,138040,25012975.0,1.66,0.55,0.01,0.54
2013-12-25,1.81,1.81,1.82,1.79,134144,24229939.0,1.65,-0.55,-0.01,0.52
2013-12-26,1.81,1.81,1.83,1.8,202361,36740682.0,1.66,0.0,0.0,0.79
2013-12-27,1.81,1.82,1.83,1.8,129443,23484555.0,1.66,0.55,0.01,0.51
2013-12-30,1.82,1.82,1.83,1.81,90873,16540342.0,1.1,0.0,0.0,0.36
2013-12-31,1.82,1.82,1.83,1.81,131682,23946287.0,1.1,0.0,0.0,0.51
2014-01-02,1.82,1.84,1.86,1.81,246024,45260108.0,2.75,1.1,0.02,0.96
2014-01-03,1.84,1.83,1.84,1.82,91028,16665926.0,1.09,-0.54,-0.01,0.36
2014-01-06,1.83,1.82,1.84,1.8,172376,31307936.0,2.19,-0.55,-0.01,0.67
2014-01-07,1.81,1.79,1.81,1.79,122313,21991646.0,1.1,-1.65,-0.03,0.48
2014-01-08,1.79,1.74,1.81,1.71,276925,48787794.0,5.59,-2.79,-0.05,1.08
2014-01-09,1.73,1.71,1.74,1.69,301951,51612469.0,2.87,-1.72,-0.03,1.18
2014-01-10,1.7,1.7,1.71,1.69,96008,16304706.0,1.17,-0.58,-0.01,0.38
2014-01-13,1.7,1.7,1.71,1.68,92347,15648419.0,1.76,0.0,0.0,0.36
2014-01-14,1.7,1.72,1.73,1.69,99879,17102896.0,2.35,1.18,0.02,0.39
2014-01-15,1.72,1.72,1.72,1.7,70618,12066587.0,1.16,0.0,0.0,0.28
2014-01-16,1.71,1.72,1.72,1.7,67266,11508496.0,1.16,0.0,0.0,0.26
2014-01-17,1.71,1.72,1.73,1.7,116489,19967546.0,1.74,0.0,0.0,0.46
2014-01-20,1.71,1.7,1.72,1.7,52862,9027077.0,1.16,-1.16,-0.02,0.21
2014-01-21,1.71,1.71,1.72,1.7,102333,17503247.0,1.18,0.59,0.01,0.4
2014-01-22,1.71,1.75,1.76,1.7,208474,36332512.0,3.51,2.34,0.04,0.81
2014-01-23,1.75,1.74,1.75,1.73,116117,20187380.0,1.14,-0.57,-0.01,0.45
2014-01-24,1.74,1.78,1.79,1.73,234387,41325289.0,3.45,2.3,0.04,0.92
2014-01-27,1.77,1.78,1.78,1.75,146878,25927147.0,1.69,0.0,0.0,0.57
2014-01-28,1.77,1.76,1.79,1.75,92842,16412833.0,2.25,-1.12,-0.02,0.36
2014-01-29,1.76,1.76,1.77,1.75,62394,10970479.0,1.14,0.0,0.0,0.24
2014-01-30,1.76,1.78,1.8,1.75,152089,26979726.0,2.84,1.14,0.02,0.59
2014-02-07,1.78,1.79,1.79,1.76,85561,15232994.0,1.69,0.56,0.01,0.33
2014-02-10,1.79,1.8,1.81,1.78,169767,30558147.0,1.68,0.56,0.01,0.66
2014-02-11,1.8,1.8,1.81,1.79,132706,23838660.0,1.11,0.0,0.0,0.52
2014-02-12,1.8,1.8,1.81,1.79,110659,19891750.0,1.11,0.0,0.0,0.43
2014-02-13,1.8,1.8,1.81,1.79,126171,22700665.0,1.11,0.0,0.0,0.49
2014-02-14,1.8,1.81,1.81,1.78,140295,25172750.0,1.67,0.56,0.01,0.55
2014-02-17,1.81,1.81,1.82,1.79,241234,43536791.0,1.66,0.0,0.0,0.94
2014-02-18,1.8,1.79,1.81,1.78,152635,27381203.0,1.66,-1.1,-0.02,0.6
2014-02-19,1.79,1.8,1.81,1.78,192959,34626780.0,1.68,0.56,0.01,0.75
2014-02-20,1.8,1.8,1.81,1.79,171668,30935383.0,1.11,0.0,0.0,0.67
2014-02-21,1.79,1.77,1.8,1.77,137722,24551509.0,1.67,-1.67,-0.03,0.54
2014-02-24,1.77,1.72,1.77,1.71,182350,31567927.0,3.39,-2.82,-0.05,0.71
2014-02-25,1.72,1.7,1.73,1.69,194796,33322266.0,2.33,-1.16,-0.02,0.76
2014-02-26,1.7,1.7,1.71,1.68,144097,24431856.0,1.76,0.0,0.0,0.56
2014-02-27,1.7,1.7,1.71,1.68,157928,26741741.0,1.76,0.0,0.0,0.62
2014-02-28,1.7,1.72,1.73,1.69,230357,39350135.0,2.35,1.18,0.02,0.9
2014-03-03,1.72,1.74,1.75,1.71,165210,28649957.0,2.33,1.16,0.02,0.65
2014-03-04,1.74,1.73,1.75,1.72,126286,21832359.0,1.72,-0.57,-0.01,0.49
2014-03-05,1.73,1.72,1.73,1.71,100619,17315343.0,1.16,-0.58,-0.01,0.39
2014-03-06,1.72,1.74,1.75,1.7,227768,39365299.0,2.91,1.16,0.02,0.89
2014-03-07,1.74,1.72,1.74,1.72,139241,24049091.0,1.15,-1.15,-0.02,0.54
2014-03-10,1.72,1.69,1.72,1.68,121006,20539815.0,2.33,-1.74,-0.03,0.47
2014-03-11,1.68,1.7,1.71,1.68,132919,22539757.0,1.78,0.59,0.01,0.52
2014-03-12,1.7,1.75,1.78,1.69,403693,70199698.0,5.29,2.94,0.05,1.58
2014-03-13,1.73,1.75,1.76,1.71,205785,35656048.0,2.86,0.0,0.0,0.8
2014-03-14,1.74,1.74,1.75,1.72,113880,19734970.0,1.71,-0.57,-0.01,0.44
2014-03-17,1.73,1.75,1.75,1.73,74853,13030327.0,1.15,0.57,0.01,0.29
2014-03-18,1.75,1.74,1.75,1.73,99914,17372606.0,1.14,-0.57,-0.01,0.39
2014-03-19,1.74,1.73,1.74,1.72,115050,19878339.0,1.15,-0.57,-0.01,0.45
2014-03-20,1.73,1.73,1.75,1.72,185463,32320683.0,1.73,0.0,0.0,0.72
2014-03-21,1.72,1.78,1.8,1.72,490351,86687019.0,4.62,2.89,0.05,1.92
2014-03-24,1.77,1.83,1.85,1.77,556028,100675386.0,4.49,2.81,0.05,2.17
2014-03-25,1.82,1.83,1.87,1.8,589321,108481025.0,3.83,0.0,0.0,2.3
2014-03-26,1.83,1.82,1.84,1.8,199702,36197627.0,2.19,-0.55,-0.01,0.78
2014-03-27,1.8,1.8,1.83,1.78,245935,44332320.0,2.75,-1.1,-0.02,0.96
2014-03-28,1.79,1.81,1.82,1.78,210931,38078793.0,2.22,0.56,0.01,0.82
2014-03-31,1.8,1.79,1.81,1.78,136929,24535662.0,1.66,-1.1,-0.02,0.53
2014-04-01,1.78,1.8,1.8,1.77,136432,24372785.0,1.68,0.56,0.01,0.53
2014-04-02,1.79,1.87,1.88,1.78,755941,140087971.0,5.56,3.89,0.07,2.95
2014-04-03,1.86,1.81,1.87,1.81,416184,76240377.0,3.21,-3.21,-0.06,1.63
2014-04-04,1.81,1.82,1.84,1.8,191865,34966274.0,2.21,0.55,0.01,0.75
2014-04-08,1.82,1.84,1.85,1.8,273017,49913629.0,2.75,1.1,0.02,1.07
2014-04-09,1.85,1.84,1.85,1.82,218766,40195451.0,1.63,0.0,0.0,0.85
2014-04-10,1.84,1.86,1.86,1.81,347851,63861005.0,2.72,1.09,0.02,1.36
2014-04-11,1.85,1.84,1.88,1.83,297271,54921711.0,2.69,-1.08,-0.02,1.16
2014-04-14,1.84,1.83,1.84,1.81,187078,34090144.0,1.63,-0.54,-0.01,0.73
2014-04-15,1.82,1.8,1.83,1.79,184163,33248780.0,2.19,-1.64,-0.03,0.72
2014-04-16,1.8,1.8,1.81,1.79,100622,18125002.0,1.11,0.0,0.0,0.39
2014-04-17,1.8,1.79,1.81,1.79,72837,13076429.0,1.11,-0.56,-0.01,0.28
2014-04-18,1.79,1.8,1.8,1.78,65430,11708174.0,1.12,0.56,0.01,0.26
2014-04-21,1.79,1.78,1.81,1.78,112743,20178407.0,1.67,-1.11,-0.02,0.44
2014-04-22,1.78,1.77,1.78,1.76,126748,22410497.0,1.12,-0.56,-0.01,0.5
2014-04-23,1.76,1.77,1.78,1.76,71746,12685500.0,1.13,0.0,0.0,0.28
2014-04-24,1.77,1.77,1.79,1.75,121929,21611169.0,2.26,0.0,0.0,0.48
2014-04-25,1.77,1.75,1.79,1.74,188977,33312248.0,2.82,-1.13,-0.02,0.74
2014-04-28,1.74,1.7,1.75,1.7,142153,24419021.0,2.86,-2.86,-0.05,0.56
2014-04-29,1.7,1.72,1.72,1.69,97394,16617450.0,1.76,1.18,0.02,0.38
2014-04-30,1.71,1.71,1.73,1.71,79780,13707144.0,1.16,-0.58,-0.01,0.31
2014-05-05,1.72,1.71,1.72,1.7,76949,13152729.0,1.17,0.0,0.0,0.3
2014-05-06,1.71,1.72,1.73,1.7,82959,14263769.0,1.75,0.58,0.01,0.32
2014-05-07,1.72,1.7,1.72,1.7,63564,10853936.0,1.16,-1.16,-0.02,0.25
2014-05-08,1.7,1.72,1.73,1.7,119084,20441261.0,1.76,1.18,0.02,0.47
2014-05-09,1.71,1.71,1.72,1.7,100364,17121711.0,1.16,-0.58,-0.01,0.39
2014-05-12,1.72,1.75,1.75,1.71,203706,35316074.0,2.34,2.34,0.04,0.8
2014-05-13,1.74,1.73,1.75,1.73,78327,13612738.0,1.14,-1.14,-0.02,0.31
2014-05-14,1.74,1.74,1.76,1.73,160997,28092576.0,1.73,0.58,0.01,0.63
2014-05-15,1.73,1.71,1.74,1.7,146079,25092816.0,2.3,-1.72,-0.03,0.57
2014-05-16,1.71,1.71,1.72,1.7,68774,11758606.0,1.17,0.0,0.0,0.27
2014-05-19,1.71,1.7,1.72,1.7,74740,12726095.0,1.17,-0.58,-0.01,0.29
2014-05-20,1.71,1.71,1.72,1.7,96538,16472986.0,1.18,0.59,0.01,0.38
2014-05-21,1.7,1.71,1.71,1.69,130014,22148060.0,1.17,0.0,0.0,0.51
2014-05-22,1.71,1.71,1.73,1.7,122565,21057648.0,1.75,0.0,0.0,0.48
2014-05-23,1.71,1.72,1.73,1.71,123560,21249144.0,1.17,0.58,0.01,0.48
2014-05-26,1.72,1.71,1.73,1.7,204687,35001087.0,1.74,-0.58,-0.01,0.8
2014-05-27,1.71,1.71,1.72,1.7,106906,18271963.0,1.17,0.0,0.0,0.42
2014-05-28,1.71,1.73,1.73,1.7,146646,25190287.0,1.75,1.17,0.02,0.57
2014-05-29,1.72,1.72,1.73,1.71,174482,30073741.0,1.16,-0.58,-0.01,0.68
2014-05-30,1.72,1.72,1.72,1.71,54979,9423106.0,0.58,0.0,0.0,0.21
2014-06-03,1.71,1.71,1.72,1.71,62923,10777956.0,0.58,-0.58,-0.01,0.25
2014-06-04,1.72,1.71,1.72,1.69,144773,24632328.0,1.75,0.0,0.0,0.57
2014-06-05,1.7,1.71,1.71,1.69,80820,13741771.0,1.17,0.0,0.0,0.32
2014-06-06,1.71,1.7,1.71,1.69,69234,11752115.0,1.17,-0.58,-0.01,0.27
2014-06-09,1.7,1.7,1.71,1.69,119609,20292758.0,1.18,0.0,0.0,0.47
2014-06-10,1.7,1.71,1.71,1.69,101092,17198688.0,1.18,0.59,0.01,0.39
2014-06-11,1.7,1.71,1.71,1.7,79238,13493048.0,0.58,0.0,0.0,0.31
2014-06-12,1.71,1.71,1.71,1.69,91692,15607106.0,1.17,0.0,0.0,0.36
2014-06-13,1.7,1.71,1.72,1.69,172979,29562359.0,1.75,0.0,0.0,0.68
2014-06-16,1.71,1.72,1.72,1.71,94209,16159616.0,0.58,0.58,0.01,0.37
2014-06-17,1.71,1.71,1.72,1.69,174158,29701518.0,1.74,-0.58,-0.01,0.68
2014-06-18,1.7,1.7,1.71,1.69,97276,16512275.0,1.17,-0.58,-0.01,0.38
2014-06-19,1.7,1.68,1.7,1.67,117118,19728700.0,1.76,-1.18,-0.02,0.46
2014-06-20,1.68,1.69,1.69,1.67,65187,10941979.0,1.19,0.6,0.01,0.25
2014-06-23,1.68,1.69,1.69,1.68,52386,8814702.0,0.59,0.0,0.0,0.2
2014-06-24,1.69,1.7,1.7,1.68,84022,14199852.0,1.18,0.59,0.01,0.33
2014-06-25,1.69,1.69,1.7,1.68,48129,8108276.0,1.18,-0.59,-0.01,0.19
2014-06-26,1.69,1.69,1.7,1.68,78837,13325533.0,1.18,0.0,0.0,0.31
2014-06-27,1.69,1.71,1.71,1.69,218915,37246146.0,1.18,1.18,0.02,0.86
2014-06-30,1.7,1.71,1.72,1.7,233346,39825004.0,1.17,0.0,0.0,0.91
2014-07-01,1.71,1.71,1.72,1.7,156655,26738601.0,1.17,0.0,0.0,0.61
2014-07-02,1.71,1.72,1.72,1.7,115497,19763927.0,1.17,0.58,0.01,0.45
2014-07-03,1.71,1.74,1.76,1.71,421278,72994240.0,2.91,1.16,0.02,1.65
2014-07-04,1.73,1.72,1.74,1.71,201258,34648046.0,1.72,-1.15,-0.02,0.79
2014-07-07,1.72,1.73,1.74,1.72,174907,30249796.0,1.16,0.58,0.01,0.68
2014-07-08,1.73,1.73,1.74,1.72,122228,21093905.0,1.16,0.0,0.0,0.48
2014-07-09,1.73,1.71,1.73,1.71,114794,19715065.0,1.16,-1.16,-0.02,0.45
2014-07-10,1.71,1.71,1.72,1.7,133231,22775133.0,1.17,0.0,0.0,0.52
2014-07-11,1.71,1.72,1.73,1.7,165345,28428548.0,1.75,0.58,0.01,0.65
2014-07-14,1.72,1.75,1.76,1.71,305358,53004599.0,2.91,1.74,0.03,1.19
2014-07-15,1.74,1.75,1.76,1.73,162169,28287682.0,1.71,0.0,0.0,0.63
2014-07-16,1.75,1.76,1.79,1.74,430078,76056251.0,2.86,0.57,0.01,1.68
2014-07-17,1.76,1.75,1.77,1.74,169413,29746423.0,1.7,-0.57,-0.01,0.66
2014-07-18,1.74,1.76,1.77,1.74,162231,28563323.0,1.71,0.57,0.01,0.63
2014-07-21,1.76,1.75,1.77,1.72,274839,47792070.0,2.84,-0.57,-0.01,1.07
2014-07-22,1.74,1.75,1.76,1.73,201942,35382963.0,1.71,0.0,0.0,0.79
2014-07-23,1.75,1.75,1.76,1.74,165220,28914747.0,1.14,0.0,0.0,0.65
2014-07-24,1.75,1.79,1.82,1.74,559933,100066039.0,4.57,2.29,0.04,2.19
2014-07-25,1.78,1.81,1.81,1.77,412619,73544358.0,2.23,1.12,0.02,1.61
2014-07-28,1.8,1.83,1.84,1.79,539976,98229802.0,2.76,1.1,0.02,2.11
2014-07-29,1.82,1.82,1.84,1.81,356456,65059809.0,1.64,-0.55,-0.01,1.39
2014-07-30,1.82,1.82,1.84,1.81,322451,58828886.0,1.65,0.0,0.0,1.26
2014-07-31,1.82,1.85,1.87,1.8,505655,92837296.0,3.85,1.65,0.03,1.98
2014-08-01,1.83,1.82,1.85,1.81,382307,70007712.0,2.16,-1.62,-0.03,1.49
2014-08-04,1.83,1.85,1.85,1.82,334130,61419114.0,1.65,1.65,0.03,1.31
2014-08-05,1.85,1.9,1.93,1.84,958243,180828133.0,4.86,2.7,0.05,3.74
2014-08-06,1.9,2.09,2.09,1.89,1485750,302300400.0,10.53,10.0,0.19,5.8
2014-08-07,2.1,2.15,2.28,2.09,3097795,673466752.0,9.09,2.87,0.06,12.1
2014-08-08,2.07,2.06,2.11,2.04,1294964,268181758.0,3.26,-4.19,-0.09,5.06
2014-08-11,2.06,2.07,2.09,2.04,720814,148874121.0,2.43,0.49,0.01,2.82
2014-08-12,2.06,2.02,2.07,2.01,884090,179314707.0,2.9,-2.42,-0.05,3.45
2014-08-13,2.01,2.03,2.04,2.01,547077,110710016.0,1.49,0.5,0.01,2.14
2014-08-14,2.03,2.09,2.19,2.01,1426223,300213744.0,8.87,2.96,0.06,5.57
2014-08-15,2.08,2.11,2.17,2.06,747201,158500965.0,5.26,0.96,0.02,2.92
2014-08-18,2.1,2.1,2.11,2.07,516478,108067383.0,1.9,-0.47,-0.01,2.02
2014-08-19,2.1,2.13,2.15,2.08,541050,113887106.0,3.33,1.43,0.03,2.11
2014-08-20,2.12,2.11,2.13,2.09,441081,93144056.0,1.88,-0.94,-0.02,1.72
2014-08-21,2.11,2.08,2.11,2.06,391493,81491322.0,2.37,-1.42,-0.03,1.53
2014-08-22,2.07,2.08,2.08,2.04,419324,86545586.0,1.92,0.0,0.0,1.64
2014-08-25,2.08,2.06,2.08,2.05,274346,56602833.0,1.44,-0.96,-0.02,1.07
2014-08-26,2.06,2.04,2.07,2.02,312381,63850475.0,2.43,-0.97,-0.02,1.22
2014-08-27,2.03,2.03,2.06,2.01,326340,66354281.0,2.45,-0.49,-0.01,1.27
2014-08-28,2.04,2.0,2.05,1.99,297776,60046023.0,2.96,-1.48,-0.03,1.16
2014-08-29,2.0,2.02,2.02,1.98,214609,42930969.0,2.0,1.0,0.02,0.84
2014-09-01,2.02,2.03,2.04,2.0,230247,46567875.0,1.98,0.5,0.01,0.9
2014-09-02,2.03,2.06,2.07,2.03,312575,64134594.0,1.97,1.48,0.03,1.22
2014-09-03,2.06,2.06,2.07,2.04,455840,93772212.0,1.46,0.0,0.0,1.78
2014-09-04,2.06,2.09,2.1,2.06,472809,98343377.0,1.94,1.46,0.03,1.85
2014-09-05,2.08,2.08,2.09,2.06,385914,80086463.0,1.44,-0.48,-0.01,1.51
2014-09-09,2.08,2.1,2.11,2.07,461300,96530008.0,1.92,0.96,0.02,1.8
2014-09-10,2.1,2.15,2.19,2.08,915860,195271798.0,5.24,2.38,0.05,3.58
2014-09-11,2.14,2.15,2.2,2.13,839301,181803741.0,3.26,0.0,0.0,3.28
2014-09-12,2.15,2.29,2.37,2.14,1566915,357075680.0,10.7,6.51,0.14,6.12
2014-09-15,2.28,2.31,2.33,2.25,1039978,237955430.0,3.49,0.87,0.02,4.06
2014-09-16,2.31,2.4,2.54,2.3,2625838,645857440.0,10.39,3.9,0.09,10.26
2014-09-17,2.4,2.49,2.5,2.3,1955816,472289728.0,8.33,3.75,0.09,7.64
2014-09-18,2.49,2.45,2.58,2.43,1350757,336706704.0,6.02,-1.61,-0.04,5.28
2014-09-19,2.43,2.4,2.45,2.37,736265,176905272.0,3.27,-2.04,-0.05,2.88
2014-09-22,2.37,2.33,2.39,2.32,608503,143255267.0,2.92,-2.92,-0.07,2.38
2014-09-23,2.34,2.4,2.42,2.33,633748,150918410.0,3.86,3.0,0.07,2.48
2014-09-24,2.41,2.42,2.45,2.39,619922,149982399.0,2.5,0.83,0.02,2.42
2014-09-25,2.42,2.37,2.44,2.37,653832,156881022.0,2.89,-2.07,-0.05,2.55
2014-09-26,2.36,2.38,2.44,2.34,475840,113659146.0,4.22,0.42,0.01,1.86
2014-09-29,2.44,2.4,2.44,2.39,541322,130405963.0,2.1,0.84,0.02,2.11
2014-09-30,2.41,2.4,2.42,2.38,396545,94975660.0,1.67,0.0,0.0,1.55
2014-10-08,2.45,2.64,2.64,2.44,1700461,442341472.0,8.33,10.0,0.24,6.64
2014-10-09,2.74,2.9,2.9,2.65,3742254,1052676928.0,9.47,9.85,0.26,14.62
2014-10-10,2.81,2.88,2.97,2.77,2227401,637735616.0,6.9,-0.69,-0.02,8.7
2014-10-13,2.85,2.92,2.95,2.74,1391964,397437088.0,7.29,1.39,0.04,5.44
2014-10-14,2.91,3.0,3.09,2.88,1773640,530620624.0,7.19,2.74,0.08,6.93
2014-10-15,2.98,2.94,3.05,2.92,965897,286360976.0,4.33,-2.0,-0.06,3.77
2014-10-16,2.89,2.79,2.91,2.79,1149450,326868192.0,4.08,-5.1,-0.15,4.49
2014-10-17,2.78,2.83,2.86,2.76,754681,212406413.0,3.58,1.43,0.04,2.95
2014-10-20,2.83,2.84,2.88,2.81,553265,156831721.0,2.47,0.35,0.01,2.16
2014-10-21,2.82,2.72,2.82,2.71,772431,212474200.0,3.87,-4.23,-0.12,3.02
2014-10-22,2.74,2.66,2.76,2.65,489095,131953407.0,4.04,-2.21,-0.06,1.91
2014-10-23,2.66,2.56,2.66,2.53,767698,197512117.0,4.89,-3.76,-0.1,3.0
2014-10-24,2.55,2.58,2.61,2.53,418505,107823246.0,3.13,0.78,0.02,1.64
2014-10-27,2.57,2.53,2.58,2.47,381849,96290837.0,4.26,-1.94,-0.05,1.49
2014-10-28,2.53,2.78,2.78,2.53,989476,265760869.0,9.88,9.88,0.25,3.87
2014-10-29,2.88,2.82,2.89,2.8,1302245,369782336.0,3.24,1.44,0.04,5.09
2014-10-30,2.84,2.85,2.93,2.79,919751,262846241.0,4.96,1.06,0.03,3.59
2014-10-31,2.86,2.82,2.87,2.78,835668,235775778.0,3.16,-1.05,-0.03,3.26
2014-11-03,2.8,2.86,2.88,2.8,760713,216628220.0,2.84,1.42,0.04,2.97
2014-11-04,2.85,2.9,2.92,2.82,1134303,327448528.0,3.5,1.4,0.04,4.43
2014-11-05,2.88,2.83,2.91,2.82,694827,198315737.0,3.1,-2.41,-0.07,2.71
2014-11-06,2.83,2.79,2.85,2.74,606596,169315615.0,3.89,-1.41,-0.04,2.37
2014-11-07,2.8,2.73,2.82,2.73,582199,161310337.0,3.23,-2.15,-0.06,2.27
2014-11-10,2.74,2.79,2.8,2.73,448587,124187394.0,2.56,2.2,0.06,1.75
2014-11-11,2.79,2.67,2.81,2.63,703332,191901474.0,6.45,-4.3,-0.12,2.75
2014-11-12,2.66,2.72,2.73,2.61,354489,95420140.0,4.49,1.87,0.05,1.38
2014-11-13,2.73,2.71,2.75,2.66,429323,115825292.0,3.31,-0.37,-0.01,1.68
2014-11-14,2.71,2.68,2.71,2.66,285498,76541685.0,1.85,-1.11,-0.03,1.12
2014-11-17,2.68,2.7,2.71,2.68,279291,75226545.0,1.12,0.75,0.02,1.09
2014-11-18,2.7,2.73,2.75,2.66,370761,100486045.0,3.33,1.11,0.03,1.45
2014-11-19,2.72,2.7,2.72,2.68,269287,72617259.0,1.47,-1.1,-0.03,1.05
2014-11-20,2.69,2.68,2.71,2.66,220301,59132279.0,1.85,-0.74,-0.02,0.86
2014-11-21,2.68,2.74,2.75,2.64,462965,124628321.0,4.1,2.24,0.06,1.81
2014-11-24,2.88,2.85,2.95,2.83,1535341,440545984.0,4.38,4.01,0.11,6.0
2014-11-25,2.84,2.85,2.87,2.8,755066,213738659.0,2.46,0.0,0.0,2.95
2014-11-26,2.85,2.83,2.85,2.78,731476,206040925.0,2.46,-0.7,-0.02,2.86
2014-11-27,2.83,2.85,2.88,2.81,747184,212400556.0,2.47,0.71,0.02,2.92
2014-11-28,2.83,2.89,2.94,2.81,1551222,447249408.0,4.56,1.4,0.04,6.06
2014-12-01,2.87,2.86,2.93,2.84,930466,267321610.0,3.11,-1.04,-0.03,3.64
2014-12-02,2.84,2.88,2.88,2.83,839441,240800715.0,1.75,0.7,0.02,3.28
2014-12-03,2.9,2.97,3.07,2.89,1922576,573723264.0,6.25,3.13,0.09,7.51
2014-12-04,2.96,3.01,3.04,2.93,1385172,413172432.0,3.7,1.35,0.04,5.41
2014-12-05,2.99,2.85,3.01,2.81,1390835,402883088.0,6.64,-5.32,-0.16,5.43
2014-12-08,2.84,2.91,2.96,2.78,1103945,317602816.0,6.32,2.11,0.06,4.31
2014-12-09,2.9,2.83,3.02,2.82,1679219,491893024.0,6.87,-2.75,-0.08,6.56
2014-12-10,2.81,2.88,2.89,2.78,842452,238902403.0,3.89,1.77,0.05,3.29
2014-12-11,2.88,3.12,3.17,2.85,2027462,606832336.0,11.11,8.33,0.24,7.92
2014-12-12,3.06,3.04,3.11,3.01,1323499,403636304.0,3.21,-2.56,-0.08,5.17
2014-12-15,3.04,3.03,3.05,2.95,899791,270333040.0,3.29,-0.33,-0.01,3.52
2014-12-16,3.02,3.07,3.1,3.01,1018904,310931760.0,2.97,1.32,0.04,3.98
2014-12-17,3.05,3.08,3.13,3.04,1221327,376368560.0,2.93,0.33,0.01,4.77
2014-12-18,3.08,3.03,3.1,3.02,795042,242489788.0,2.6,-1.62,-0.05,3.11
2014-12-19,3.03,3.03,3.03,2.94,914615,274152064.0,2.97,0.0,0.0,3.57
2014-12-22,3.03,3.08,3.18,3.02,1557217,481618416.0,5.28,1.65,0.05,6.08
2014-12-23,3.06,3.03,3.15,2.97,1205772,369577392.0,5.84,-1.62,-0.05,4.71
2014-12-24,3.02,2.99,3.04,2.96,698877,209123756.0,2.64,-1.32,-0.04,2.73
2014-12-25,2.99,3.03,3.03,2.98,548782,165084864.0,1.67,1.34,0.04,2.14
2014-12-26,3.02,3.07,3.1,3.01,853798,260957956.0,2.97,1.32,0.04,3.34
2014-12-29,3.07,3.1,3.15,3.05,1475530,458268480.0,3.26,0.98,0.03,5.76
2014-12-30,3.1,3.04,3.14,3.02,1056526,323731776.0,3.87,-1.94,-0.06,4.13
2014-12-31,3.03,3.17,3.18,3.01,1710942,531316272.0,5.59,4.28,0.13,6.68
2015-01-05,3.17,3.3,3.47,3.15,2528062,833965856.0,10.09,4.1,0.13,9.88
2015-01-06,3.23,3.25,3.27,3.18,1202369,387517856.0,2.73,-1.52,-0.05,4.7
2015-01-07,3.24,3.27,3.29,3.21,768717,250384338.0,2.46,0.62,0.02,3.0
2015-01-08,3.26,3.17,3.29,3.16,730303,233560450.0,3.98,-3.06,-0.1,2.85
2015-01-09,3.16,3.12,3.21,3.11,650268,204930821.0,3.15,-1.58,-0.05,2.54
2015-01-12,3.08,2.97,3.09,2.96,703380,211721018.0,4.17,-4.81,-0.15,2.75
2015-01-13,2.95,3.03,3.07,2.95,460980,139009598.0,4.04,2.02,0.06,1.8
2015-01-14,3.04,2.98,3.05,2.96,312213,93781246.0,2.97,-1.65,-0.05,1.22
2015-01-15,2.98,3.04,3.05,2.97,332253,100196655.0,2.68,2.01,0.06,1.3
2015-01-16,3.05,3.04,3.06,3.0,470769,142775646.0,1.97,0.0,0.0,1.84
2015-01-19,2.97,2.76,2.97,2.74,863542,246526024.0,7.57,-9.21,-0.28,3.37
2015-01-20,2.76,2.85,2.86,2.76,502403,141934190.0,3.62,3.26,0.09,1.96
2015-01-21,2.85,2.95,2.95,2.82,566537,164859145.0,4.56,3.51,0.1,2.21
2015-01-22,2.94,2.97,2.99,2.92,560179,165391752.0,2.37,0.68,0.02,2.19
2015-01-23,2.97,2.93,2.98,2.92,492217,144952825.0,2.02,-1.35,-0.04,1.92
2015-01-26,2.93,2.97,2.97,2.92,397790,117150137.0,1.71,1.37,0.04,1.55
2015-01-27,2.97,2.94,2.97,2.9,412724,121344896.0,2.36,-1.01,-0.03,1.61
2015-01-28,2.93,2.94,2.96,2.91,391789,114780135.0,1.7,0.0,0.0,1.53
2015-01-29,2.92,2.91,2.93,2.87,332885,96788728.0,2.04,-1.02,-0.03,1.3
2015-01-30,2.9,2.94,3.02,2.87,765350,225707469.0,5.15,1.03,0.03,2.99
2015-02-02,2.89,2.87,2.93,2.86,466686,134814298.0,2.38,-2.38,-0.07,1.82
2015-02-03,2.89,2.91,2.92,2.88,241844,70045754.0,1.39,1.39,0.04,0.94
2015-02-04,2.91,2.91,2.93,2.9,261347,76159127.0,1.03,0.0,0.0,1.02
2015-02-05,2.96,2.9,2.99,2.89,472439,138995020.0,3.44,-0.34,-0.01,1.85
2015-02-06,2.88,2.78,2.89,2.73,479112,134798132.0,5.52,-4.14,-0.12,1.87
2015-02-09,2.76,2.76,2.79,2.74,224383,62064282.0,1.8,-0.72,-0.02,0.88
2015-02-10,2.76,2.78,2.79,2.75,191604,53170540.0,1.45,0.72,0.02,0.75
2015-02-11,2.78,2.8,2.81,2.78,205929,57518263.0,1.08,0.72,0.02,0.8
2015-02-12,2.81,2.83,2.83,2.79,238845,67039558.0,1.43,1.07,0.03,0.93
2015-02-13,2.83,2.88,2.9,2.82,411369,117983957.0,2.83,1.77,0.05,1.61
2015-02-16,2.88,2.89,2.91,2.86,290198,83910722.0,1.74,0.35,0.01,1.13
2015-02-17,2.91,2.92,2.94,2.9,331879,96947422.0,1.38,1.04,0.03,1.3
2015-02-25,2.92,2.91,2.94,2.9,278010,81161771.0,1.37,-0.34,-0.01,1.09
2015-02-26,2.9,2.97,2.98,2.87,577963,169544789.0,3.78,2.06,0.06,2.26
2015-02-27,2.95,2.96,2.97,2.93,468092,138256549.0,1.35,-0.34,-0.01,1.83
2015-03-02,3.01,3.02,3.05,2.98,782612,235785020.0,2.36,2.03,0.06,3.06
2015-03-03,3.0,2.98,3.01,2.97,599811,179183160.0,1.32,-1.32,-0.04,2.34
2015-03-04,2.96,3.07,3.1,2.96,1117728,340740048.0,4.7,3.02,0.09,4.37
2015-03-05,3.05,3.09,3.12,3.02,788715,241482831.0,3.26,0.65,0.02,3.08
2015-03-06,3.08,3.06,3.13,3.06,621214,191776838.0,2.27,-0.97,-0.03,2.43
2015-03-09,3.05,3.08,3.08,3.0,539111,164066238.0,2.61,0.65,0.02,2.11
2015-03-10,3.07,3.06,3.08,3.04,442665,135406785.0,1.3,-0.65,-0.02,1.73
2015-03-11,3.05,3.06,3.08,3.04,487163,148950444.0,1.31,0.0,0.0,1.9
2015-03-12,3.06,3.06,3.07,3.04,572793,175002228.0,0.98,0.0,0.0,2.24
2015-03-13,3.06,3.07,3.08,3.05,497271,152607829.0,0.98,0.33,0.01,1.94
2015-03-16,3.08,3.16,3.16,3.08,905472,283900112.0,2.61,2.93,0.09,3.54
2015-03-17,3.18,3.31,3.43,3.17,1973701,652730336.0,8.23,4.75,0.15,7.71
2015-03-18,3.29,3.46,3.49,3.27,1828442,623376320.0,6.65,4.53,0.15,7.14
2015-03-19,3.46,3.61,3.79,3.38,2179487,780751472.0,11.85,4.34,0.15,8.51
2015-03-20,3.6,3.97,3.97,3.56,3901376,1516913168.0,11.36,9.97,0.36,15.24
2015-03-23,4.08,4.37,4.37,4.02,2128399,907313952.0,8.82,10.08,0.4,8.32
2015-03-24,4.75,4.81,4.81,4.57,4117039,1963919616.0,5.49,10.07,0.44,16.08
2015-03-25,5.1,5.0,5.2,4.75,5923811,2948348784.0,9.36,3.95,0.19,23.14
2015-03-26,4.85,4.68,4.94,4.57,2856627,1351238640.0,7.4,-6.4,-0.32,11.16
2015-03-27,4.64,4.76,4.89,4.61,1843863,880366432.0,5.98,1.71,0.08,7.2
2015-03-30,4.75,4.94,5.1,4.61,3249721,1567838480.0,10.29,3.78,0.18,12.7
2015-03-31,5.0,4.78,5.07,4.76,2392577,1171609744.0,6.28,-3.24,-0.16,9.35
2015-04-01,4.65,4.74,4.78,4.65,1301101,614275088.0,2.72,-0.84,-0.04,5.08
2015-04-02,4.78,4.77,4.81,4.7,1233542,585846816.0,2.32,0.63,0.03,4.82
2015-04-03,4.77,4.75,4.78,4.68,1155350,545477392.0,2.1,-0.42,-0.02,4.51
2015-04-07,4.75,5.02,5.2,4.71,3026117,1493295984.0,10.32,5.68,0.27,11.82
2015-04-08,5.03,4.96,5.12,4.85,2390711,1191968496.0,5.38,-1.2,-0.06,9.34
2015-04-09,4.93,5.2,5.25,4.75,3299120,1648722144.0,10.08,4.84,0.24,12.89
2015-04-10,5.18,5.09,5.2,5.01,2485671,1265843472.0,3.65,-2.12,-0.11,9.71
2015-04-13,5.08,5.12,5.2,5.0,2076641,1059550192.0,3.93,0.59,0.03,8.11
2015-04-14,5.11,5.28,5.45,5.01,2868942,1497748160.0,8.59,3.13,0.16,11.21
2015-04-15,5.26,5.28,5.5,5.04,2674465,1401545696.0,8.71,0.0,0.0,10.45
2015-04-16,5.12,5.35,5.4,5.06,2472403,1310359424.0,6.44,1.33,0.07,9.66
2015-04-17,5.46,5.32,5.56,5.3,2896076,1560366640.0,4.86,-0.56,-0.03,11.31
2015-04-20,5.32,5.16,5.37,5.14,2333686,1222433792.0,4.32,-3.01,-0.16,9.12
2015-04-21,5.13,5.4,5.44,5.05,2575282,1353778944.0,7.56,4.65,0.24,10.06
2015-04-22,5.4,5.71,5.85,5.36,3675143,2044645472.0,9.07,5.74,0.31,14.36
2015-04-23,5.65,5.68,5.87,5.53,2679182,1516347984.0,5.95,-0.53,-0.03,10.47
2015-04-24,5.58,5.68,5.75,5.4,2130562,1184857360.0,6.16,0.0,0.0,8.32
2015-04-27,5.68,6.25,6.25,5.63,3885459,2292895280.0,10.92,10.04,0.57,15.18
2015-04-28,6.25,6.01,6.3,5.83,3289760,1992405376.0,7.52,-3.84,-0.24,12.85
2015-04-29,5.9,6.11,6.27,5.73,2269414,1367611760.0,8.99,1.66,0.1,8.87
2015-04-30,6.05,5.97,6.2,5.97,1997988,1212838368.0,3.76,-2.29,-0.14,7.81
2015-05-04,6.01,5.85,6.02,5.78,1460835,857060704.0,4.02,-2.01,-0.12,5.71
2015-05-05,5.81,5.33,5.83,5.27,1729431,962391904.0,9.57,-8.89,-0.52,6.76
2015-05-06,5.33,4.99,5.44,4.9,1409409,737380352.0,10.13,-6.38,-0.34,5.51
2015-05-07,4.95,4.71,4.95,4.69,1345753,643203424.0,5.21,-5.61,-0.28,5.26
2015-05-08,4.77,5.18,5.18,4.77,1443883,711327792.0,8.7,9.98,0.47,5.64
2015-05-11,5.27,5.5,5.66,5.2,2097344,1154292736.0,8.88,6.18,0.32,8.19
2015-05-12,5.51,5.44,5.56,5.31,1424759,769468080.0,4.55,-1.09,-0.06,5.57
2015-05-13,5.41,5.54,5.6,5.31,1404933,759827872.0,5.33,1.84,0.1,5.49
2015-05-14,5.5,5.48,5.6,5.41,1125168,619749360.0,3.43,-1.08,-0.06,4.4
2015-05-15,5.46,5.22,5.47,5.18,1079328,569872560.0,5.29,-4.74,-0.26,4.22
2015-05-18,5.16,5.35,5.38,5.05,1052984,548443008.0,6.32,2.49,0.13,4.11
2015-05-19,5.38,5.41,5.48,5.27,1218679,656872656.0,3.93,1.12,0.06,4.76
2015-05-20,5.43,5.44,5.6,5.31,1648606,898723040.0,5.36,0.55,0.03,6.44
2015-05-21,5.41,5.93,5.98,5.36,2591555,1460473776.0,11.4,9.01,0.49,10.12
2015-05-22,5.93,5.93,6.07,5.71,3015762,1782084416.0,6.07,0.0,0.0,11.78
2015-05-25,5.92,6.04,6.1,5.82,2681638,1606168816.0,4.72,1.85,0.11,10.48
2015-05-26,6.04,6.12,6.18,5.89,2646519,1603021552.0,4.8,1.32,0.08,10.34
2015-05-27,6.12,6.07,6.15,5.91,2295346,1387403744.0,3.92,-0.82,-0.05,8.97
2015-05-28,6.06,5.81,6.5,5.75,3190294,1974445184.0,12.36,-4.28,-0.26,12.46
2015-05-29,5.81,5.63,5.93,5.3,2036461,1153251504.0,10.84,-3.1,-0.18,7.96
2015-06-01,5.63,6.04,6.19,5.6,1907449,1124631072.0,10.48,7.28,0.41,7.45
2015-06-02,6.07,6.2,6.21,5.96,2230616,1359910480.0,4.14,2.65,0.16,8.71
2015-06-03,6.21,6.41,6.5,6.1,2788270,1748562976.0,6.45,3.39,0.21,10.89
2015-06-04,6.42,6.42,6.67,5.93,2742819,1749897488.0,11.54,0.16,0.01,10.72
2015-06-05,6.49,6.63,6.7,6.35,3512974,2296614176.0,5.45,3.27,0.21,13.72
2015-06-08,6.55,6.5,6.72,6.45,2544069,1664476160.0,4.07,-1.96,-0.13,9.94
2015-06-09,6.5,6.36,6.5,6.27,1617657,1029618224.0,3.54,-2.15,-0.14,6.32
2015-06-10,6.31,6.52,6.73,6.21,2242942,1463799424.0,8.18,2.52,0.16,8.76
2015-06-11,6.45,6.75,6.75,6.4,2681883,1777700640.0,5.37,3.53,0.23,10.48
2015-06-12,6.8,7.43,7.43,6.77,2485505,1797861376.0,9.78,10.07,0.68,9.71
2015-06-15,7.82,7.98,8.17,7.71,5875958,4727930624.0,6.19,7.4,0.55,22.96
2015-06-16,7.74,8.2,8.48,7.52,4832471,3857689136.0,12.03,2.76,0.22,18.88
2015-06-17,7.9,8.46,8.7,7.7,3388079,2758269136.0,12.2,3.17,0.26,13.24
2015-06-18,8.37,9.06,9.31,8.2,4029000,3618732080.0,13.12,7.09,0.6,15.74
2015-06-19,8.8,8.15,9.88,8.15,5885292,5255848448.0,19.09,-10.04,-0.91,22.99
2015-06-23,7.5,7.43,7.75,7.34,4018249,2984322752.0,5.03,-8.83,-0.72,15.7
2015-06-24,7.46,7.85,7.86,7.21,3628344,2764089312.0,8.75,5.65,0.42,14.18
2015-06-25,7.86,7.81,8.34,7.46,3407130,2708848496.0,11.21,-0.51,-0.04,13.31
2015-06-26,7.5,7.03,7.5,7.03,1939320,1390127376.0,6.02,-9.99,-0.78,7.58
2015-06-29,7.31,6.33,7.34,6.33,2651838,1773950144.0,14.37,-9.96,-0.7,10.36
2015-06-30,6.16,6.72,6.79,5.7,2930433,1811837936.0,17.22,6.16,0.39,11.45
2015-07-01,6.5,6.05,6.9,6.05,2493547,1626881008.0,12.65,-9.97,-0.67,9.74
2015-07-02,6.05,5.45,6.2,5.45,1993840,1125632912.0,12.4,-9.92,-0.6,7.79
2015-07-03,5.05,4.91,5.44,4.91,1692783,849257712.0,9.72,-9.91,-0.54,6.61
2015-07-06,5.36,4.77,5.36,4.42,2509505,1216241712.0,19.14,-2.85,-0.14,9.8
2015-07-07,4.52,4.29,4.62,4.29,959557,418325792.0,6.92,-10.06,-0.48,3.75
2015-07-13,4.72,4.72,4.72,4.72,99165,46805870.0,0.0,10.02,0.43,0.39
2015-07-14,5.19,5.19,5.19,5.19,115058,59715169.0,0.0,9.96,0.47,0.45
2015-07-15,5.6,4.68,5.6,4.67,2569229,1296760192.0,17.92,-9.83,-0.51,10.04
2015-07-16,4.68,4.77,4.96,4.31,1722999,810631808.0,13.89,1.92,0.09,6.73
2015-07-17,4.79,5.1,5.18,4.77,1778697,888087008.0,8.6,6.92,0.33,6.95
2015-07-20,5.11,5.21,5.35,5.0,1947883,1009338912.0,6.86,2.16,0.11,7.61
2015-07-21,5.09,5.25,5.35,5.0,1763818,918127792.0,6.72,0.77,0.04,6.89
2015-07-22,5.17,5.63,5.77,5.13,2886680,1573210928.0,12.19,7.24,0.38,11.28
2015-07-23,5.52,5.83,6.09,5.44,2886095,1642636528.0,11.55,3.55,0.2,11.28
2015-07-24,5.77,5.58,5.94,5.4,2363669,1358526688.0,9.26,-4.29,-0.25,9.23
2015-07-27,5.4,5.02,5.57,5.02,1622475,862054864.0,9.86,-10.04,-0.56,6.34
2015-07-28,4.76,4.85,5.15,4.52,1684198,801177568.0,12.55,-3.39,-0.17,6.58
2015-07-29,4.93,5.17,5.24,4.75,1183193,586318304.0,10.1,6.6,0.32,4.62
2015-07-30,5.13,5.51,5.69,5.05,2776576,1525283792.0,12.38,6.58,0.34,10.85
2015-07-31,5.39,5.26,5.5,5.15,2374075,1256204016.0,6.35,-4.54,-0.25,9.28
2015-08-03,5.02,5.33,5.4,4.91,1389308,707536304.0,9.32,1.33,0.07,5.43
2015-08-04,5.31,5.58,5.65,5.23,1563857,853821568.0,7.88,4.69,0.25,6.11
2015-08-05,5.48,5.34,5.58,5.3,1272978,693442432.0,5.02,-4.3,-0.24,4.97
2015-08-06,5.15,5.17,5.33,5.08,790456,411534304.0,4.68,-3.18,-0.17,3.09
2015-08-07,5.21,5.43,5.56,5.21,1462802,789515168.0,6.77,5.03,0.26,5.71
2015-08-10,5.43,5.67,5.83,5.41,2108973,1179416640.0,7.73,4.42,0.24,8.24
2015-08-11,5.61,5.74,5.92,5.58,2418891,1394980272.0,6.0,1.23,0.07,9.45
2015-08-12,5.63,5.52,5.73,5.51,1468199,822759616.0,3.83,-3.83,-0.22,5.74
2015-08-13,5.45,5.75,5.75,5.42,1541180,870098096.0,5.98,4.17,0.23,6.02
2015-08-14,5.8,6.33,6.33,5.7,4282223,2664237712.0,10.96,10.09,0.58,16.73
2015-08-17,6.39,6.96,6.96,6.34,4269092,2833838208.0,9.79,9.95,0.63,16.68
2015-08-18,7.6,6.79,7.6,6.5,6095831,4373072896.0,15.8,-2.44,-0.17,23.82
2015-08-19,6.47,7.47,7.47,6.41,4525094,3170708144.0,15.61,10.01,0.68,17.68
2015-08-20,7.68,6.92,8.0,6.9,5201630,3921381488.0,14.73,-7.36,-0.55,20.32
2015-08-21,6.5,6.23,6.79,6.23,2694965,1732810480.0,8.09,-9.97,-0.69,10.53
2015-08-24,5.85,5.61,5.85,5.61,1069976,605016352.0,3.85,-9.95,-0.62,4.18
2015-08-25,5.05,5.05,5.26,5.05,1019901,517445296.0,3.74,-9.98,-0.56,3.98
2015-08-26,5.05,4.56,5.31,4.55,2431825,1193091920.0,15.05,-9.7,-0.49,9.5
2015-08-27,4.7,4.7,4.8,4.2,1958126,890374352.0,13.16,3.07,0.14,7.65
2015-08-28,4.8,5.17,5.17,4.69,2035372,1006128944.0,10.21,10.0,0.47,7.95
2015-08-31,5.2,5.16,5.39,5.05,2248279,1174327168.0,6.58,-0.19,-0.01,8.78
2015-09-01,5.05,4.65,5.06,4.64,1598873,766795376.0,8.14,-9.88,-0.51,6.25
2015-09-02,4.3,4.4,4.91,4.26,1201158,543600128.0,13.98,-5.38,-0.25,4.69
2015-09-07,4.5,4.56,4.76,4.46,1092433,503573264.0,6.82,3.64,0.16,4.27
2015-09-08,4.5,4.8,4.89,4.38,974455,450852400.0,11.18,5.26,0.24,3.81
2015-09-09,4.82,5.28,5.28,4.76,1359172,696830480.0,10.83,10.0,0.48,5.31
2015-09-10,5.28,5.05,5.34,5.0,1968705,1020034208.0,6.44,-4.36,-0.23,7.69
2015-09-11,4.99,5.18,5.35,4.95,1609572,830654416.0,7.92,2.57,0.13,6.29
2015-09-14,5.17,4.66,5.23,4.66,1551353,756580480.0,11.0,-10.04,-0.52,6.06
2015-09-15,4.47,4.23,4.62,4.2,1149276,503478816.0,9.01,-9.23,-0.43,4.49
2015-09-16,4.32,4.65,4.65,4.3,1367864,614584848.0,8.27,9.93,0.42,5.34
2015-09-17,4.66,4.5,4.84,4.5,1594177,742402080.0,7.31,-3.23,-0.15,6.23
2015-09-18,4.53,4.59,4.67,4.45,896325,408256080.0,4.89,2.0,0.09,3.5
2015-09-21,4.5,4.73,4.78,4.45,953432,445050368.0,7.19,3.05,0.14,3.72
2015-09-22,4.76,4.72,4.84,4.64,1110166,526944704.0,4.23,-0.21,-0.01,4.34
2015-09-23,4.62,4.56,4.68,4.49,887536,406042928.0,4.03,-3.39,-0.16,3.47
2015-09-24,4.56,4.66,4.74,4.56,759773,353615072.0,3.95,2.19,0.1,2.97
2015-09-25,4.64,4.5,4.74,4.4,737008,336658416.0,7.3,-3.43,-0.16,2.88
2015-09-28,4.57,4.55,4.58,4.4,466274,210123317.0,4.0,1.11,0.05,1.82
2015-09-29,4.47,4.39,4.49,4.34,562009,248260164.0,3.3,-3.52,-0.16,2.2
2015-09-30,4.44,4.41,4.47,4.36,351811,155281885.0,2.51,0.46,0.02,1.37
2015-10-08,4.55,4.59,4.63,4.52,662166,303348208.0,2.49,4.08,0.18,2.59
2015-10-09,4.59,4.63,4.69,4.54,817346,377553680.0,3.27,0.87,0.04,3.19
2015-10-12,4.67,5.09,5.09,4.65,1178850,585376768.0,9.5,9.94,0.46,4.61
2015-10-13,5.1,5.09,5.23,4.92,2190200,1104611888.0,6.09,0.0,0.0,8.56
2015-10-14,5.18,5.08,5.3,5.04,1883648,974704464.0,5.11,-0.2,-0.01,7.36
2015-10-15,5.0,5.18,5.25,4.94,1576795,810770512.0,6.1,1.97,0.1,6.16
2015-10-16,5.22,5.31,5.54,5.15,2027650,1078360368.0,7.53,2.51,0.13,7.92
2015-10-19,5.33,5.21,5.43,5.12,1458245,768047856.0,5.84,-1.88,-0.1,5.7
2015-10-20,5.2,5.28,5.36,5.17,1097502,579033136.0,3.65,1.34,0.07,4.29
2015-10-21,5.29,5.02,5.52,4.82,2280675,1200791376.0,13.26,-4.92,-0.26,8.91
2015-10-22,5.14,5.31,5.35,5.0,1791245,926997024.0,6.97,5.78,0.29,7.0
2015-10-23,5.3,5.56,5.84,5.21,2572921,1429375168.0,11.86,4.71,0.25,10.05
2015-10-26,5.69,5.52,5.8,5.41,2208373,1241460400.0,7.01,-0.72,-0.04,8.63
2015-10-27,5.4,5.46,5.56,5.12,1479808,789429552.0,7.97,-1.09,-0.06,5.78
2015-10-28,5.44,5.23,5.49,5.2,1093605,580863840.0,5.31,-4.21,-0.23,4.27
2015-10-29,5.25,5.27,5.35,5.22,747136,395052608.0,2.49,0.76,0.04,2.92
2015-10-30,5.25,5.17,5.28,5.1,803752,418166400.0,3.42,-1.9,-0.1,3.14
2015-11-02,5.08,5.05,5.2,5.01,726706,370315344.0,3.68,-2.32,-0.12,2.84
2015-11-03,5.06,5.05,5.14,4.99,540084,273263664.0,2.97,0.0,0.0,2.11
2015-11-04,5.04,5.28,5.29,5.04,997482,518985152.0,4.95,4.55,0.23,3.9
2015-11-05,5.28,5.31,5.45,5.24,1379184,737429360.0,3.98,0.57,0.03,5.39
2015-11-06,5.32,5.4,5.45,5.27,1357150,727216336.0,3.39,1.69,0.09,5.3
2015-11-09,5.35,5.46,5.54,5.25,1483191,801048272.0,5.37,1.11,0.06,5.79
2015-11-10,5.39,5.42,5.48,5.31,1154761,623202368.0,3.11,-0.73,-0.04,4.51
2015-11-11,5.43,5.49,5.72,5.39,1518968,836861264.0,6.09,1.29,0.07,5.93
2015-11-12,5.48,5.37,5.5,5.31,1165601,626914896.0,3.46,-2.19,-0.12,4.55
2015-11-13,5.28,5.19,5.33,5.16,897757,469639232.0,3.17,-3.35,-0.18,3.51
2015-11-16,5.09,5.25,5.26,5.06,616634,319425408.0,3.85,1.16,0.06,2.41
2015-11-17,5.27,5.22,5.34,5.2,773397,408172816.0,2.67,-0.57,-0.03,3.02
2015-11-18,5.2,5.32,5.59,5.18,1743743,941132144.0,7.85,1.92,0.1,6.81
2015-11-19,5.3,5.31,5.35,5.2,977041,513731936.0,2.82,-0.19,-0.01,3.82
2015-11-20,5.31,5.35,5.4,5.27,979445,523109760.0,2.45,0.75,0.04,3.83
2015-11-23,5.36,5.35,5.48,5.31,945399,508902208.0,3.18,0.0,0.0,3.69
2015-11-24,5.35,5.54,5.63,5.32,1576050,866001072.0,5.79,3.55,0.19,6.16
2015-11-25,5.5,5.47,5.5,5.39,1142521,621047056.0,1.99,-1.26,-0.07,4.46
2015-11-26,5.46,5.42,5.57,5.4,1035553,568401456.0,3.11,-0.91,-0.05,4.05
2015-11-27,5.38,4.98,5.38,4.9,1321681,681367120.0,8.86,-8.12,-0.44,5.16
2015-11-30,4.98,4.95,5.04,4.64,841608,412639792.0,8.03,-0.6,-0.03,3.29
2015-12-01,4.95,5.12,5.25,4.86,1067940,541786832.0,7.88,3.43,0.17,4.17
2015-12-02,5.05,5.15,5.24,4.96,964026,492353008.0,5.47,0.59,0.03,3.77
2015-12-03,5.15,5.3,5.47,5.08,1463126,771891792.0,7.57,2.91,0.15,5.72
2015-12-04,5.23,5.13,5.24,5.1,975350,503059616.0,2.64,-3.21,-0.17,3.81
2015-12-07,5.13,5.14,5.16,5.09,434085,222573571.0,1.36,0.19,0.01,1.7
2015-12-08,5.11,4.97,5.11,4.96,579483,290879584.0,2.92,-3.31,-0.17,2.26
2015-12-09,4.95,4.99,5.05,4.91,372473,185723652.0,2.82,0.4,0.02,1.46
2015-12-10,4.98,4.89,5.03,4.87,423962,209663797.0,3.21,-2.0,-0.1,1.66
2015-12-11,4.87,4.82,4.88,4.75,392023,188619391.0,2.66,-1.43,-0.07,1.53
2015-12-14,4.77,4.9,4.91,4.72,454900,219286713.0,3.94,1.66,0.08,1.78
2015-12-15,4.9,4.92,5.04,4.87,464461,230486582.0,3.47,0.41,0.02,1.81
2015-12-16,4.93,4.92,4.97,4.9,349267,172151338.0,1.42,0.0,0.0,1.36
2015-12-17,4.92,5.07,5.12,4.92,856492,432717632.0,4.07,3.05,0.15,3.35
2015-12-18,5.05,5.05,5.14,5.02,663300,336106560.0,2.37,-0.39,-0.02,2.59
2015-12-21,5.04,5.11,5.15,5.02,781871,398904640.0,2.57,1.19,0.06,3.05
2015-12-22,5.14,5.14,5.24,5.11,689704,355917552.0,2.54,0.59,0.03,2.69
2015-12-23,5.16,5.04,5.17,5.03,686051,349034128.0,2.72,-1.95,-0.1,2.68
2015-12-24,5.04,4.97,5.06,4.91,416745,207211656.0,2.98,-1.39,-0.07,1.63
2015-12-25,4.97,5.01,5.05,4.97,300667,150668958.0,1.61,0.8,0.04,1.17
2015-12-28,5.0,5.0,5.22,5.0,761702,387546000.0,4.39,-0.2,-0.01,2.98
2015-12-29,5.0,5.03,5.04,4.91,423445,210799184.0,2.6,0.6,0.03,1.65
2015-12-30,5.04,5.06,5.08,5.01,447176,225712224.0,1.39,0.6,0.03,1.75
2015-12-31,5.05,4.96,5.06,4.96,360831,180454099.0,1.98,-1.98,-0.1,1.41
2016-01-04,5.46,4.93,5.46,4.91,1925457,1020747936.0,11.09,-0.6,-0.03,7.52
2016-01-05,4.69,5.42,5.42,4.69,3639642,1920948704.0,14.81,9.94,0.49,14.22
2016-01-06,5.51,5.62,5.78,5.31,3567157,1987834976.0,8.67,3.69,0.2,13.94
2016-01-07,5.43,5.06,5.47,5.06,837460,438732816.0,7.3,-9.96,-0.56,3.27
2016-01-08,5.2,5.57,5.57,4.7,2862353,1526098720.0,17.19,10.08,0.51,11.18
2016-01-11,5.41,5.68,6.12,5.36,4148097,2357568288.0,13.64,1.97,0.11,16.21
2016-01-12,5.56,5.35,5.94,5.33,3556534,2016647600.0,10.74,-5.81,-0.33,13.89
2016-01-13,5.1,5.45,5.65,4.91,2925433,1530922240.0,13.83,1.87,0.1,11.43
2016-01-14,5.1,5.56,5.7,5.05,2398267,1302385632.0,11.93,2.02,0.11,9.37
2016-01-15,5.5,5.2,5.77,5.1,2372468,1306828464.0,12.05,-6.47,-0.36,9.27
2016-01-18,4.96,5.03,5.3,4.89,1848140,939644736.0,7.88,-3.27,-0.17,7.22
2016-01-19,5.02,5.11,5.19,4.91,1747197,881365504.0,5.57,1.59,0.08,6.83
2016-01-20,5.08,4.96,5.16,4.94,1381231,695666576.0,4.31,-2.94,-0.15,5.4
2016-01-21,4.82,4.51,4.94,4.5,1441024,687052384.0,8.87,-9.07,-0.45,5.63
2016-01-22,4.52,4.47,4.63,4.18,1220326,540865616.0,9.98,-0.89,-0.04,4.77
2016-01-25,4.49,4.47,4.55,4.4,689635,308844928.0,3.36,0.0,0.0,2.69
2016-01-26,4.43,4.02,4.43,4.02,1047105,439598512.0,9.17,-10.07,-0.45,4.09
2016-01-27,4.01,3.88,4.07,3.65,1073453,411414576.0,10.45,-3.48,-0.14,4.19
2016-01-28,3.8,3.57,3.85,3.55,671724,250368691.0,7.73,-7.99,-0.31,2.62
2016-01-29,3.58,3.76,3.79,3.58,703514,260375513.0,5.88,5.32,0.19,2.75
2016-02-01,3.76,3.62,3.77,3.55,613890,224672961.0,5.85,-3.72,-0.14,2.4
2016-02-02,3.62,3.79,3.79,3.62,675465,252327118.0,4.7,4.7,0.17,2.64
2016-02-03,3.82,4.0,4.1,3.81,1200469,477238528.0,7.65,5.54,0.21,4.69
2016-02-04,4.0,4.01,4.05,3.92,924225,369091136.0,3.25,0.25,0.01,3.61
2016-02-05,4.02,3.95,4.05,3.95,475347,189415339.0,2.49,-1.5,-0.06,1.86
2016-02-15,3.79,3.88,3.93,3.73,357292,137437773.0,5.06,-1.77,-0.07,1.4
2016-02-16,3.9,4.04,4.05,3.9,692253,277840128.0,3.87,4.12,0.16,2.7
2016-02-17,4.01,4.05,4.07,3.97,721874,290143184.0,2.48,0.25,0.01,2.82
2016-02-18,4.1,4.03,4.12,4.02,720681,292798976.0,2.47,-0.49,-0.02,2.82
2016-02-19,4.05,4.07,4.15,4.04,644922,263564189.0,2.73,0.99,0.04,2.52
2016-02-22,4.15,4.23,4.25,4.15,914273,384668704.0,2.46,3.93,0.16,3.57
2016-02-23,4.24,4.14,4.24,4.1,731867,303589008.0,3.31,-2.13,-0.09,2.86
2016-02-24,4.14,4.17,4.17,4.05,534455,220539430.0,2.9,0.72,0.03,2.09
2016-02-25,4.16,3.75,4.16,3.75,812012,318971856.0,9.83,-10.07,-0.42,3.17
2016-02-26,3.78,3.82,3.86,3.67,556806,211640539.0,5.07,1.87,0.07,2.18
2016-02-29,3.8,3.71,3.88,3.53,606715,224216816.0,9.16,-2.88,-0.11,2.37
2016-03-01,3.75,3.88,3.99,3.7,860313,332326704.0,7.82,4.58,0.17,3.36
2016-03-02,3.85,4.19,4.25,3.82,1566502,638944096.0,11.08,7.99,0.31,6.12
2016-03-03,4.2,4.13,4.38,4.12,1687153,712575184.0,6.21,-1.43,-0.06,6.59
2016-03-04,4.09,3.99,4.17,3.9,944102,381724848.0,6.54,-3.39,-0.14,3.69
2016-03-07,4.05,4.08,4.14,4.04,661350,270440144.0,2.51,2.26,0.09,2.58
2016-03-08,4.09,4.04,4.1,3.86,610380,242401799.0,5.88,-0.98,-0.04,2.38
2016-03-09,3.95,3.93,3.97,3.88,393468,154650119.0,2.23,-2.72,-0.11,1.54
2016-03-10,3.93,3.88,3.97,3.86,318248,124621161.0,2.8,-1.27,-0.05,1.24
2016-03-11,3.82,3.85,3.87,3.79,314151,120302210.0,2.06,-0.77,-0.03,1.23
2016-03-14,3.91,3.96,3.99,3.88,502905,198887935.0,2.86,2.86,0.11,1.96
2016-03-15,3.97,3.93,3.97,3.89,346699,136021823.0,2.02,-0.76,-0.03,1.35
2016-03-16,3.95,3.89,3.97,3.88,291547,114212556.0,2.29,-1.02,-0.04,1.14
2016-03-17,3.91,3.95,3.97,3.89,506400,199358408.0,2.06,1.54,0.06,1.98
2016-03-18,3.97,4.06,4.11,3.95,845756,341870704.0,4.05,2.78,0.11,3.3
2016-03-21,4.1,4.15,4.16,4.06,933624,385318736.0,2.46,2.22,0.09,3.65
2016-03-22,4.11,4.07,4.11,4.06,666804,272596432.0,1.2,-1.93,-0.08,2.61
2016-03-23,4.04,4.07,4.09,4.0,517880,209553025.0,2.21,0.0,0.0,2.02
2016-03-24,4.05,4.01,4.07,4.0,506391,204015551.0,1.72,-1.47,-0.06,1.98
2016-03-25,4.0,4.02,4.07,3.99,356095,143695980.0,2.0,0.25,0.01,1.39
2016-03-28,4.04,3.99,4.06,3.97,466128,187570182.0,2.24,-0.75,-0.03,1.82
2016-03-29,4.0,3.9,4.01,3.88,466253,183404436.0,3.26,-2.26,-0.09,1.82
2016-03-30,3.94,3.99,4.0,3.93,406910,161194777.0,1.79,2.31,0.09,1.59
2016-03-31,4.02,4.01,4.04,3.98,402216,160955420.0,1.5,0.5,0.02,1.57
2016-04-01,4.0,4.01,4.01,3.93,323376,128525132.0,2.0,0.0,0.0,1.26
2016-04-05,4.0,4.06,4.07,3.97,626627,252640089.0,2.49,1.25,0.05,2.45
2016-04-06,4.06,4.04,4.06,4.02,478116,193047319.0,0.99,-0.49,-0.02,1.87
2016-04-07,4.05,4.04,4.08,4.01,600735,243003583.0,1.73,0.0,0.0,2.35
2016-04-08,4.01,3.99,4.03,3.93,449856,178891678.0,2.48,-1.24,-0.05,1.76
2016-04-11,4.01,4.05,4.07,4.01,544095,220222243.0,1.5,1.5,0.06,2.13
2016-04-12,4.05,4.03,4.05,3.99,363577,145830817.0,1.48,-0.49,-0.02,1.42
2016-04-13,4.03,4.07,4.1,4.03,844487,344160896.0,1.74,0.99,0.04,3.3
2016-04-14,4.07,4.15,4.19,4.07,1025164,423948304.0,2.95,1.97,0.08,4.01
2016-04-15,4.13,4.14,4.15,4.1,536798,221217246.0,1.2,-0.24,-0.01,2.1
2016-04-18,4.18,4.18,4.28,4.15,1098348,462049456.0,3.14,0.97,0.04,4.29
2016-04-19,4.26,4.21,4.33,4.18,903185,383176256.0,3.59,0.72,0.03,3.53
2016-04-20,4.21,4.02,4.24,3.89,1060760,430161984.0,8.31,-4.51,-0.19,4.14
2016-04-21,4.0,3.94,4.03,3.94,462942,184385589.0,2.24,-1.99,-0.08,1.81
2016-04-22,3.94,3.97,3.97,3.9,282574,111429286.0,1.78,0.76,0.03,1.1
2016-04-25,3.97,3.94,3.98,3.9,252198,99038386.0,2.02,-0.76,-0.03,0.99
2016-04-26,3.95,3.96,3.97,3.92,235717,92985526.0,1.27,0.51,0.02,0.92
2016-04-27,3.96,3.95,3.99,3.94,262157,103883627.0,1.26,-0.25,-0.01,1.02
2016-04-28,3.95,3.93,3.97,3.88,287072,112403920.0,2.28,-0.51,-0.02,1.12
2016-04-29,3.91,3.92,3.94,3.9,190770,74718632.0,1.02,-0.25,-0.01,0.75
2016-05-03,3.93,3.98,3.98,3.91,354907,140557538.0,1.79,1.53,0.06,1.39
2016-05-04,3.97,4.0,4.02,3.95,429619,170994562.0,1.76,0.5,0.02,1.68
2016-05-05,3.99,3.99,4.0,3.96,263499,104957578.0,1.0,-0.25,-0.01,1.03
2016-05-06,3.99,3.89,4.01,3.88,434428,170605814.0,3.26,-2.51,-0.1,1.7
2016-05-09,3.88,3.72,3.88,3.68,396982,149548961.0,5.14,-4.37,-0.17,1.55
2016-05-10,3.72,3.73,3.76,3.71,208668,77789995.0,1.34,0.27,0.01,0.82
2016-05-11,3.75,3.69,3.76,3.68,232732,86446828.0,2.14,-1.07,-0.04,0.91
2016-05-12,3.65,3.64,3.65,3.58,239863,86788948.0,1.9,-1.36,-0.05,0.94
2016-05-13,3.63,3.64,3.69,3.61,158128,57691439.0,2.2,0.0,0.0,0.62
2016-05-16,3.64,3.67,3.67,3.62,152088,55510864.0,1.37,0.82,0.03,0.59
2016-05-17,3.69,3.66,3.69,3.63,171516,62742523.0,1.63,-0.27,-0.01,0.67
2016-05-18,3.65,3.57,3.65,3.55,232001,83164562.0,2.73,-2.46,-0.09,0.91
2016-05-19,3.57,3.56,3.62,3.55,196609,70428614.0,1.96,-0.28,-0.01,0.77
2016-05-20,3.54,3.58,3.58,3.51,170645,60513857.0,1.97,0.56,0.02,0.67
2016-05-23,3.58,3.59,3.61,3.57,195496,70160921.0,1.12,0.28,0.01,0.76
2016-05-24,3.59,3.56,3.61,3.54,164839,58834198.0,1.95,-0.84,-0.03,0.64
2016-05-25,3.57,3.55,3.59,3.54,129052,46055615.0,1.4,-0.28,-0.01,0.5
2016-05-26,3.55,3.53,3.56,3.46,214885,75313976.0,2.82,-0.56,-0.02,0.84
2016-05-27,3.53,3.53,3.55,3.49,162101,57023499.0,1.7,0.0,0.0,0.63
2016-05-30,3.51,3.49,3.53,3.47,148850,52120156.0,1.7,-1.13,-0.04,0.58
2016-05-31,3.5,3.61,3.62,3.49,346501,123934999.0,3.72,3.44,0.12,1.35
2016-06-01,3.61,3.61,3.63,3.59,296904,107193899.0,1.11,0.0,0.0,1.16
2016-06-02,3.61,3.63,3.63,3.58,249759,90145668.0,1.39,0.55,0.02,0.98
2016-06-03,3.63,3.63,3.65,3.6,232158,84133287.0,1.38,0.0,0.0,0.91
2016-06-06,3.63,3.63,3.65,3.62,236790,86056933.0,0.83,0.0,0.0,0.93
2016-06-07,3.63,3.61,3.64,3.6,146316,52848149.0,1.1,-0.55,-0.02,0.57
2016-06-08,3.62,3.6,3.62,3.58,201543,72506352.0,1.11,-0.28,-0.01,0.79
2016-06-13,3.57,3.47,3.58,3.47,305776,107742353.0,3.06,-3.61,-0.13,1.19
2016-06-14,3.46,3.47,3.48,3.44,195476,67687748.0,1.15,0.0,0.0,0.76
2016-06-15,3.44,3.53,3.55,3.42,234616,82277180.0,3.75,1.73,0.06,0.92
2016-06-16,3.53,3.49,3.53,3.47,191029,66813709.0,1.7,-1.13,-0.04,0.75
2016-06-17,3.5,3.54,3.56,3.5,266541,94222086.0,1.72,1.43,0.05,1.04
2016-06-20,3.54,3.51,3.54,3.48,170215,59603978.0,1.69,-0.85,-0.03,0.67
2016-06-21,3.52,3.49,3.55,3.48,185508,65293293.0,1.99,-0.57,-0.02,0.72
2016-06-22,3.48,3.52,3.53,3.47,154020,53936270.0,1.72,0.86,0.03,0.6
2016-06-23,3.52,3.55,3.59,3.5,271591,96292995.0,2.56,0.85,0.03,1.06
2016-06-24,3.55,3.49,3.58,3.42,281082,98499801.0,4.51,-1.69,-0.06,1.1
2016-06-27,3.45,3.52,3.53,3.45,224139,78579163.0,2.29,0.86,0.03,0.88
2016-06-28,3.52,3.56,3.56,3.49,310565,109445383.0,1.99,1.14,0.04,1.21
2016-06-29,3.54,3.58,3.62,3.54,416678,149180826.0,2.25,0.56,0.02,1.63
2016-06-30,3.58,3.57,3.59,3.55,256680,91443993.0,1.12,-0.28,-0.01,1.0
2016-07-01,3.58,3.58,3.59,3.56,237849,84994944.0,0.84,0.28,0.01,0.93
2016-07-04,3.55,3.63,3.65,3.54,425637,153942935.0,3.07,1.4,0.05,1.66
2016-07-05,3.63,3.67,3.68,3.62,445734,162937538.0,1.65,1.1,0.04,1.74
2016-07-06,3.69,3.66,3.71,3.64,353545,129748516.0,1.91,-0.27,-0.01,1.38
2016-07-07,3.65,3.64,3.66,3.61,335321,121959833.0,1.37,-0.55,-0.02,1.31
2016-07-08,3.63,3.63,3.65,3.62,196513,71305238.0,0.82,-0.27,-0.01,0.77
2016-07-11,3.63,3.64,3.67,3.63,277322,101221049.0,1.1,0.28,0.01,1.08
2016-07-12,3.64,3.69,3.69,3.6,396529,144589843.0,2.47,1.37,0.05,1.55
2016-07-13,3.69,3.72,3.72,3.68,464204,171974108.0,1.08,0.81,0.03,1.81
2016-07-14,3.81,4.09,4.09,3.81,1885059,758818048.0,7.53,9.95,0.37,7.36
2016-07-15,4.09,3.98,4.12,3.95,1716968,692011072.0,4.16,-2.69,-0.11,6.71
2016-07-18,4.01,4.01,4.09,3.97,922040,371138944.0,3.02,0.75,0.03,3.6
2016-07-19,4.0,4.01,4.02,3.94,650595,258889095.0,2.0,0.0,0.0,2.54
2016-07-20,4.0,3.95,4.0,3.95,509667,202208402.0,1.25,-1.5,-0.06,1.99
2016-07-21,3.95,3.93,3.97,3.92,440205,173663657.0,1.27,-0.51,-0.02,1.72
2016-07-22,3.93,3.89,3.94,3.88,423617,165539056.0,1.53,-1.02,-0.04,1.66
2016-07-25,3.88,3.88,3.91,3.85,306336,118686539.0,1.54,-0.26,-0.01,1.2
2016-07-26,3.88,3.92,3.92,3.88,292785,114153874.0,1.03,1.03,0.04,1.14
2016-07-27,3.93,3.75,3.94,3.68,652867,248337801.0,6.63,-4.34,-0.17,2.55
2016-07-28,3.76,3.81,3.81,3.73,414735,156545149.0,2.13,1.6,0.06,1.62
2016-07-29,3.8,3.78,3.81,3.76,244149,92332994.0,1.31,-0.79,-0.03,0.95
2016-08-01,3.77,3.73,3.77,3.69,286222,106419751.0,2.12,-1.32,-0.05,1.12
2016-08-02,3.72,3.77,3.77,3.71,186716,69909560.0,1.61,1.07,0.04,0.73
2016-08-03,3.76,3.84,3.87,3.74,438643,167824566.0,3.45,1.86,0.07,1.71
2016-08-04,3.84,3.91,3.97,3.78,466516,180692204.0,4.95,1.82,0.07,1.82
2016-08-05,3.9,3.88,3.95,3.85,415534,161723464.0,2.56,-0.77,-0.03,1.62
2016-08-08,3.88,3.96,4.03,3.84,706844,279836288.0,4.9,2.06,0.08,2.76
2016-08-09,3.94,3.94,3.96,3.9,389515,152911240.0,1.52,-0.51,-0.02,1.52
2016-08-10,3.94,3.88,3.94,3.87,372560,145391475.0,1.78,-1.52,-0.06,1.46
2016-08-11,3.88,3.83,3.89,3.82,290555,112197790.0,1.8,-1.29,-0.05,1.14
2016-08-12,3.85,3.97,3.98,3.83,771621,303285472.0,3.92,3.66,0.14,3.01
2016-08-15,3.97,4.04,4.08,3.96,1301525,525928000.0,3.02,1.76,0.07,5.08
2016-08-16,4.04,4.01,4.06,3.99,795894,319679808.0,1.73,-0.74,-0.03,3.11
2016-08-17,4.0,4.1,4.12,3.96,1010441,408722720.0,3.99,2.24,0.09,3.95
2016-08-18,4.07,4.23,4.41,4.05,1845344,785705504.0,8.78,3.17,0.13,7.21
2016-08-19,4.34,4.25,4.42,4.22,1190388,511269152.0,4.73,0.47,0.02,4.65
2016-08-22,4.22,4.22,4.3,4.18,767857,325552352.0,2.82,-0.71,-0.03,3.0
2016-08-23,4.26,4.3,4.34,4.23,853329,365689824.0,2.61,1.9,0.08,3.33
2016-08-24,4.32,4.25,4.34,4.19,628081,266913529.0,3.49,-1.16,-0.05,2.45
2016-08-25,4.23,4.13,4.23,4.07,640666,265540573.0,3.76,-2.82,-0.12,2.5
2016-08-26,4.14,4.2,4.29,4.14,587153,247481847.0,3.63,1.69,0.07,2.29
2016-08-29,4.19,4.22,4.27,4.18,352274,149020140.0,2.14,0.48,0.02,1.38
2016-08-30,4.24,4.15,4.24,4.12,437678,182523748.0,2.84,-1.66,-0.07,1.71
2016-08-31,4.17,4.16,4.23,4.12,567237,236959307.0,2.65,0.24,0.01,2.22
2016-09-01,4.12,4.11,4.17,4.1,375431,155065737.0,1.68,-1.2,-0.05,1.47
2016-09-02,4.1,4.15,4.19,4.09,401756,166748951.0,2.43,0.97,0.04,1.57
2016-09-05,4.15,4.12,4.17,4.12,251526,103977531.0,1.2,-0.72,-0.03,0.98
2016-09-06,4.13,4.13,4.14,4.06,372357,152474567.0,1.94,0.24,0.01,1.45
2016-09-07,4.12,4.12,4.16,4.11,322626,133366156.0,1.21,-0.24,-0.01,1.26
2016-09-08,4.12,4.1,4.13,4.08,268017,109862720.0,1.21,-0.49,-0.02,1.05
2016-09-09,4.1,4.06,4.1,4.06,284393,115836336.0,0.98,-0.98,-0.04,1.11
2016-09-12,4.02,3.92,4.02,3.91,412565,163039170.0,2.71,-3.45,-0.14,1.61
2016-09-13,3.95,3.95,3.96,3.92,178120,70161905.0,1.02,0.77,0.03,0.7
2016-09-14,3.93,3.92,3.95,3.91,187405,73555532.0,1.01,-0.76,-0.03,0.73
2016-09-19,3.93,3.95,3.97,3.92,252841,99824133.0,1.28,0.77,0.03,0.99
2016-09-20,3.95,3.97,3.97,3.93,185473,73259893.0,1.01,0.51,0.02,0.72
2016-09-21,3.97,3.98,4.01,3.95,217884,86825629.0,1.51,0.25,0.01,0.85
2016-09-22,4.0,4.07,4.1,3.99,494371,200734973.0,2.76,2.26,0.09,1.93
2016-09-23,4.06,4.03,4.07,4.01,269272,108606373.0,1.47,-0.98,-0.04,1.05
2016-09-26,4.05,4.0,4.08,3.98,307581,124134067.0,2.48,-0.74,-0.03,1.2
2016-10-18,4.2,4.18,4.34,4.08,1257983,527121696.0,6.5,4.5,0.18,4.91
2016-10-19,4.15,4.1,4.15,4.08,629623,258414690.0,1.67,-1.91,-0.08,2.46
2016-10-20,4.09,4.05,4.09,4.03,376304,152489043.0,1.46,-1.22,-0.05,1.47
2016-10-21,4.06,4.06,4.07,4.03,277961,112468137.0,0.99,0.25,0.01,1.09
2016-10-24,4.05,4.07,4.08,4.03,365431,148341645.0,1.23,0.25,0.01,1.43
2016-10-25,4.07,4.07,4.08,4.05,213001,86571683.0,0.74,0.0,0.0,0.83
2016-10-26,4.08,4.1,4.18,4.07,567831,234223933.0,2.7,0.74,0.03,2.22
2016-10-27,4.09,4.06,4.09,4.04,276767,112241591.0,1.22,-0.98,-0.04,1.08
2016-10-28,4.06,4.01,4.06,4.01,271337,109379892.0,1.23,-1.23,-0.05,1.06
2016-10-31,4.01,3.96,4.01,3.93,255625,101204307.0,2.0,-1.25,-0.05,1.0
2016-11-01,3.96,3.98,3.99,3.95,173674,68966021.0,1.01,0.51,0.02,0.68
2016-11-02,3.97,3.94,3.98,3.92,190735,75225434.0,1.51,-1.01,-0.04,0.75
2016-11-03,3.93,3.95,3.97,3.9,210145,82756067.0,1.78,0.25,0.01,0.82
2016-11-04,3.95,3.91,3.95,3.9,199778,78449711.0,1.27,-1.01,-0.04,0.78
2016-11-07,3.91,3.91,3.92,3.89,209672,81905339.0,0.77,0.0,0.0,0.82
2016-11-08,3.91,3.93,3.94,3.9,225566,88376333.0,1.02,0.51,0.02,0.88
2016-11-09,3.92,3.86,3.93,3.84,336283,130821624.0,2.29,-1.78,-0.07,1.31
2016-11-10,3.9,3.94,3.97,3.89,323341,127417752.0,2.07,2.07,0.08,1.26
2016-11-11,3.95,3.96,3.97,3.92,289249,114110349.0,1.27,0.51,0.02,1.13
2016-11-14,3.95,3.97,3.98,3.94,274243,108796692.0,1.01,0.25,0.01,1.07
2016-11-15,3.98,3.98,4.0,3.96,280545,111796498.0,1.01,0.25,0.01,1.1
2016-11-16,3.98,3.97,3.99,3.96,181425,72083856.0,0.75,-0.25,-0.01,0.71
2016-11-17,3.97,3.97,3.98,3.94,181605,71891326.0,1.01,0.0,0.0,0.71
2016-11-18,3.97,3.96,3.98,3.95,173942,68948975.0,0.76,-0.25,-0.01,0.68
2016-11-21,3.95,4.0,4.0,3.95,312920,124692874.0,1.26,1.01,0.04,1.22
2016-11-22,4.0,4.0,4.0,3.97,218917,87253704.0,0.75,0.0,0.0,0.86
2016-11-23,4.0,4.02,4.08,3.98,464066,186866411.0,2.5,0.5,0.02,1.81
2016-11-24,3.99,3.99,4.01,3.98,250118,99886982.0,0.75,-0.75,-0.03,0.98
2016-11-25,3.99,4.01,4.03,3.97,287331,114765889.0,1.5,0.5,0.02,1.12
2016-11-28,4.01,4.03,4.05,4.01,342477,138033779.0,1.0,0.5,0.02,1.34
2016-11-29,4.02,4.01,4.05,4.01,301895,121498984.0,0.99,-0.5,-0.02,1.18
2016-11-30,4.03,3.98,4.04,3.97,215456,86208078.0,1.75,-0.75,-0.03,0.84
2016-12-01,3.98,4.09,4.1,3.98,617114,250165323.0,3.02,2.76,0.11,2.41
2016-12-02,4.05,3.99,4.07,3.98,445786,178950925.0,2.2,-2.44,-0.1,1.74
2016-12-05,3.97,3.93,3.99,3.92,231428,91358490.0,1.75,-1.5,-0.06,0.9
2016-12-06,3.92,3.95,3.96,3.92,142210,56074851.0,1.02,0.51,0.02,0.56
2016-12-07,3.95,3.96,3.97,3.91,175470,69052750.0,1.52,0.25,0.01,0.69
2016-12-08,3.95,3.92,3.96,3.91,179533,70572851.0,1.26,-1.01,-0.04,0.7
2016-12-09,3.92,3.92,3.94,3.9,131696,51677457.0,1.02,0.0,0.0,0.51
2016-12-12,3.92,3.76,3.93,3.74,299862,115189971.0,4.85,-4.08,-0.16,1.17
2016-12-13,3.77,3.78,3.8,3.74,144175,54410212.0,1.6,0.53,0.02,0.56
2016-12-14,3.77,3.76,3.79,3.74,136461,51379757.0,1.32,-0.53,-0.02,0.53
2016-12-15,3.75,3.77,3.8,3.74,100989,38087723.0,1.6,0.27,0.01,0.39
2016-12-16,3.76,3.79,3.8,3.76,110450,41749897.0,1.06,0.53,0.02,0.43
2016-12-19,3.78,3.77,3.79,3.76,100277,37838308.0,0.79,-0.53,-0.02,0.39
2016-12-20,3.77,3.73,3.77,3.7,208825,77839629.0,1.86,-1.06,-0.04,0.82
2016-12-21,3.73,3.75,3.75,3.72,165852,62049409.0,0.8,0.54,0.02,0.65
2016-12-22,3.75,3.73,3.75,3.71,134530,50123619.0,1.07,-0.53,-0.02,0.53
2016-12-23,3.73,3.68,3.73,3.67,160471,59290976.0,1.61,-1.34,-0.05,0.63
2016-12-26,3.68,3.69,3.69,3.63,117647,43029119.0,1.63,0.27,0.01,0.46
2016-12-27,3.69,3.69,3.71,3.68,68200,25202893.0,0.81,0.0,0.0,0.27
2016-12-28,3.68,3.67,3.7,3.66,84162,30953765.0,1.08,-0.54,-0.02,0.33
2016-12-29,3.66,3.68,3.7,3.65,86428,31763150.0,1.36,0.27,0.01,0.34
2016-12-30,3.67,3.69,3.7,3.67,82912,30607453.0,0.82,0.27,0.01,0.32
2017-01-03,3.68,3.73,3.73,3.68,131633,48879905.0,1.36,1.08,0.04,0.52
2017-01-04,3.73,3.74,3.75,3.71,137488,51250969.0,1.07,0.27,0.01,0.54
2017-01-05,3.74,3.74,3.74,3.72,121094,45221537.0,0.53,0.0,0.0,0.48
2017-01-06,3.73,3.71,3.74,3.7,127030,47187885.0,1.07,-0.8,-0.03,0.5
2017-01-09,3.72,3.73,3.73,3.7,112000,41670223.0,0.81,0.54,0.02,0.44
2017-01-10,3.73,3.76,3.78,3.72,183564,68931703.0,1.61,0.8,0.03,0.72
2017-01-11,3.75,3.72,3.75,3.71,107794,40227433.0,1.06,-1.06,-0.04,0.42
2017-01-12,3.71,3.68,3.73,3.68,121696,45089833.0,1.34,-1.08,-0.04,0.48
2017-01-13,3.68,3.64,3.7,3.63,138426,50766675.0,1.9,-1.09,-0.04,0.55
2017-01-16,3.64,3.53,3.65,3.41,215125,76642646.0,6.59,-3.02,-0.11,0.85
2017-01-17,3.53,3.54,3.56,3.5,145386,51380319.0,1.7,0.28,0.01,0.57
2017-01-18,3.54,3.54,3.56,3.52,107813,38233581.0,1.13,0.0,0.0,0.42
2017-01-19,3.54,3.51,3.55,3.49,186891,65760010.0,1.69,-0.85,-0.03,0.74
2017-01-20,3.5,3.55,3.56,3.5,120930,42808226.0,1.71,1.14,0.04,0.48
2017-01-23,3.55,3.61,3.61,3.54,136510,49029616.0,1.97,1.69,0.06,0.54
2017-01-24,3.61,3.63,3.65,3.6,137231,49816523.0,1.39,0.55,0.02,0.54
2017-01-25,3.63,3.64,3.66,3.6,114117,41473810.0,1.65,0.28,0.01,0.45
2017-01-26,3.66,3.71,3.73,3.64,223906,82874027.0,2.47,1.92,0.07,0.88
2017-02-03,3.73,3.69,3.74,3.67,123032,45509085.0,1.89,-0.54,-0.02,0.48
2017-02-06,3.69,3.71,3.72,3.68,127113,47075007.0,1.08,0.54,0.02,0.5
2017-02-07,3.71,3.71,3.74,3.68,149300,55442977.0,1.62,0.0,0.0,0.59
2017-02-08,3.7,3.73,3.73,3.69,104674,38816688.0,1.08,0.54,0.02,0.41
2017-02-09,3.73,3.73,3.76,3.71,146547,54796300.0,1.34,0.0,0.0,0.58
2017-02-10,3.73,3.76,3.8,3.72,264182,99295083.0,2.14,0.8,0.03,1.04
2017-02-13,3.76,3.76,3.79,3.75,221248,83328423.0,1.06,0.0,0.0,0.87
2017-02-14,3.77,3.75,3.78,3.74,144646,54245463.0,1.06,-0.27,-0.01,0.57
2017-02-15,3.75,3.72,3.75,3.71,173972,64948169.0,1.07,-0.8,-0.03,0.68
2017-02-16,3.71,3.76,3.76,3.71,157693,58975522.0,1.34,1.08,0.04,0.62
2017-02-17,3.76,3.74,3.78,3.72,216948,81440196.0,1.6,-0.53,-0.02,0.85
2017-02-20,3.74,3.77,3.77,3.71,295168,110315868.0,1.6,0.8,0.03,1.16
2017-02-21,3.77,3.8,3.83,3.76,352208,133401055.0,1.86,0.8,0.03,1.39
2017-02-22,3.8,3.82,3.82,3.78,230654,87732018.0,1.05,0.53,0.02,0.91
2017-02-23,3.81,3.8,3.82,3.78,175504,66644937.0,1.05,-0.52,-0.02,0.69
2017-02-24,3.79,3.78,3.8,3.76,141994,53605077.0,1.05,-0.53,-0.02,0.56
2017-02-27,3.78,3.76,3.79,3.75,170887,64493391.0,1.06,-0.53,-0.02,0.67
2017-02-28,3.76,3.77,3.78,3.75,112870,42535437.0,0.8,0.27,0.01,0.44
2017-03-01,3.78,3.77,3.8,3.76,179622,67864857.0,1.06,0.0,0.0,0.71
2017-03-02,3.77,3.74,3.79,3.73,197566,74241816.0,1.59,-0.8,-0.03,0.78
2017-03-03,3.73,3.71,3.74,3.7,153146,56891909.0,1.07,-0.8,-0.03,0.6
2017-03-06,3.71,3.74,3.75,3.7,140837,52588103.0,1.35,0.81,0.03,0.55
2017-03-07,3.73,3.77,3.77,3.73,163795,61485222.0,1.07,0.8,0.03,0.64
2017-03-08,3.76,3.75,3.77,3.74,131475,49378532.0,0.8,-0.53,-0.02,0.52
2017-03-09,3.75,3.72,3.76,3.7,178264,66269680.0,1.6,-0.8,-0.03,0.7
2017-03-10,3.72,3.72,3.76,3.71,151398,56584207.0,1.34,0.0,0.0,0.6
2017-03-13,3.72,3.77,3.77,3.7,221497,83022529.0,1.88,1.34,0.05,0.87
2017-03-14,3.75,3.78,3.82,3.75,334970,126884171.0,1.86,0.27,0.01,1.32
2017-03-15,3.77,3.78,3.79,3.75,227866,85982646.0,1.06,0.0,0.0,0.9
2017-03-16,3.78,3.87,3.92,3.78,594777,229388645.0,3.7,2.38,0.09,2.34
2017-03-17,3.85,3.82,3.86,3.81,360691,138466720.0,1.29,-1.29,-0.05,1.42
2017-03-20,3.81,3.78,3.82,3.77,205662,77931089.0,1.31,-1.05,-0.04,0.81
2017-03-21,3.78,3.77,3.8,3.76,162078,61215381.0,1.06,-0.26,-0.01,0.64
2017-03-22,3.76,3.75,3.77,3.72,162642,60885858.0,1.33,-0.53,-0.02,0.64
2017-03-23,3.74,3.75,3.78,3.72,182039,68267269.0,1.6,0.0,0.0,0.72
2017-03-24,3.75,3.76,3.76,3.73,118867,44491699.0,0.8,0.27,0.01,0.47
2017-03-27,3.75,3.73,3.76,3.72,143720,53702093.0,1.06,-0.8,-0.03,0.57
2017-03-28,3.73,3.72,3.74,3.71,115874,43117310.0,0.8,-0.27,-0.01,0.46
2017-03-29,3.72,3.68,3.73,3.65,211705,78105789.0,2.15,-1.08,-0.04,0.83
2017-03-30,3.68,3.59,3.69,3.58,264256,95702890.0,2.99,-2.45,-0.09,1.04
2017-03-31,3.6,3.61,3.62,3.6,125578,45349529.0,0.56,0.56,0.02,0.49
2017-04-05,3.65,3.7,3.71,3.65,240464,88590904.0,1.66,2.49,0.09,0.95
2017-04-06,3.7,3.72,3.72,3.68,214629,79412007.0,1.08,0.54,0.02,0.85
2017-04-07,3.72,3.7,3.72,3.69,164630,61007149.0,0.81,-0.54,-0.02,0.65
2017-04-10,3.7,3.72,3.75,3.69,222864,82919410.0,1.62,0.54,0.02,0.88
2017-04-11,3.72,3.79,3.82,3.68,440080,164916843.0,3.76,1.88,0.07,1.73
2017-04-12,3.8,3.77,3.88,3.76,511034,195378859.0,3.17,-0.53,-0.02,2.01
2017-04-13,3.77,3.84,3.86,3.75,441742,168582115.0,2.92,1.86,0.07,1.74
2017-04-14,3.83,3.77,3.83,3.75,244907,92736723.0,2.08,-1.82,-0.07,0.96
2017-04-17,3.75,3.73,3.79,3.71,222596,83254435.0,2.12,-1.06,-0.04,0.88
2017-04-18,3.71,3.72,3.76,3.71,166040,61993329.0,1.34,-0.27,-0.01,0.65
2017-04-19,3.71,3.65,3.72,3.62,242692,88601798.0,2.69,-1.88,-0.07,0.96
2017-04-20,3.64,3.64,3.67,3.61,191700,69771063.0,1.64,-0.27,-0.01,0.75
2017-04-21,3.64,3.6,3.64,3.59,228753,82522725.0,1.37,-1.1,-0.04,0.9
2017-04-24,3.6,3.51,3.61,3.5,188898,66672651.0,3.06,-2.5,-0.09,0.74
2017-04-25,3.52,3.48,3.54,3.46,238625,83594519.0,2.28,-0.85,-0.03,0.94
2017-04-26,3.48,3.49,3.51,3.48,118594,41418085.0,0.86,0.29,0.01,0.47
2017-04-27,3.47,3.42,3.47,3.33,217160,73836535.0,4.01,-2.01,-0.07,0.85
2017-04-28,3.42,3.41,3.42,3.37,133139,45264088.0,1.46,-0.29,-0.01,0.52
2017-05-02,3.41,3.4,3.42,3.39,119318,40602051.0,0.88,-0.29,-0.01,0.47
2017-05-03,3.4,3.37,3.4,3.35,144713,48829168.0,1.47,-0.88,-0.03,0.57
2017-05-04,3.36,3.35,3.39,3.33,144422,48518045.0,1.78,-0.59,-0.02,0.57
2017-05-05,3.36,3.32,3.36,3.31,143742,47946053.0,1.49,-0.9,-0.03,0.57
2017-05-08,3.32,3.3,3.33,3.3,107406,35550029.0,0.9,-0.6,-0.02,0.42
2017-05-09,3.29,3.33,3.33,3.27,111517,36874805.0,1.82,0.91,0.03,0.44
2017-05-10,3.33,3.27,3.35,3.27,117711,38971553.0,2.4,-1.8,-0.06,0.46
2017-05-11,3.26,3.16,3.26,3.09,271367,85784953.0,5.2,-3.36,-0.11,1.07
2017-05-12,3.15,3.2,3.24,3.09,232114,73450374.0,4.75,1.27,0.04,0.91
2017-05-15,3.17,3.22,3.25,3.16,154459,49407980.0,2.81,0.63,0.02,0.61
2017-05-16,3.21,3.24,3.25,3.16,169731,54305631.0,2.8,0.62,0.02,0.67
2017-05-17,3.23,3.23,3.26,3.22,125136,40540542.0,1.23,-0.31,-0.01,0.49
2017-05-18,3.21,3.2,3.22,3.19,106346,34070210.0,0.93,-0.93,-0.03,0.42
2017-05-19,3.19,3.24,3.24,3.19,115999,37238264.0,1.56,1.25,0.04,0.46
2017-05-22,3.24,3.18,3.24,3.16,114098,36542413.0,2.47,-1.85,-0.06,0.45
2017-05-23,3.18,3.12,3.18,3.1,114109,35784751.0,2.52,-1.89,-0.06,0.45
2017-05-24,3.11,3.1,3.12,3.04,139395,42995418.0,2.56,-0.64,-0.02,0.55
2017-05-25,3.1,3.17,3.18,3.09,194259,60802736.0,2.9,2.26,0.07,0.76
2017-05-26,3.16,3.27,3.28,3.13,272435,86882636.0,4.73,3.15,0.1,1.07
2017-05-31,3.33,3.25,3.39,3.24,271782,89830426.0,4.59,-0.61,-0.02,1.07
2017-06-01,3.23,3.27,3.29,3.18,216501,69656256.0,3.38,0.62,0.02,0.85
2017-06-02,3.24,3.6,3.6,3.21,1555327,546395632.0,11.93,10.09,0.33,6.12
2017-06-05,3.6,3.53,3.68,3.49,1192063,425236048.0,5.28,-1.94,-0.07,4.69
2017-06-06,3.49,3.44,3.52,3.39,803172,276357024.0,3.68,-2.55,-0.09,3.16
2017-06-07,3.43,3.49,3.55,3.4,744919,259516246.0,4.36,1.45,0.05,2.93
2017-06-08,3.46,3.46,3.48,3.42,500655,172708408.0,1.72,-0.86,-0.03,1.97
2017-06-09,3.45,3.41,3.45,3.38,376511,128469505.0,2.02,-1.45,-0.05,1.48
2017-06-12,3.38,3.34,3.39,3.33,263367,88457327.0,1.76,-2.05,-0.07,1.04
2017-06-13,3.34,3.36,3.38,3.33,239308,80372716.0,1.5,0.6,0.02,0.94
2017-06-14,3.35,3.35,3.4,3.33,238380,80160169.0,2.08,-0.3,-0.01,0.94
2017-06-15,3.35,3.39,3.41,3.34,237155,80066992.0,2.09,1.19,0.04,0.93
2017-06-16,3.39,3.37,3.39,3.35,141282,47579647.0,1.18,-0.59,-0.02,0.56
2017-06-19,3.37,3.38,3.4,3.35,177164,59796775.0,1.48,0.3,0.01,0.7
2017-06-20,3.38,3.37,3.4,3.36,161771,54622708.0,1.18,-0.3,-0.01,0.64
2017-06-21,3.38,3.36,3.38,3.35,156068,52451217.0,0.89,-0.3,-0.01,0.61
2017-06-22,3.35,3.33,3.39,3.33,193188,64920738.0,1.79,-0.89,-0.03,0.76
2017-06-23,3.33,3.32,3.34,3.27,218935,72375625.0,2.1,-0.3,-0.01,0.86
2017-06-26,3.36,3.36,3.38,3.33,196671,65973687.0,1.51,1.2,0.04,0.77
2017-06-27,3.36,3.35,3.38,3.34,127465,42782163.0,1.19,-0.3,-0.01,0.5
2017-06-28,3.34,3.31,3.35,3.3,151176,50247612.0,1.49,-1.19,-0.04,0.6
2017-06-29,3.32,3.31,3.34,3.3,133324,44203592.0,1.21,0.0,0.0,0.52
2017-06-30,3.31,3.31,3.32,3.29,117952,38935098.0,0.91,0.0,0.0,0.46
2017-07-03,3.3,3.31,3.32,3.29,112762,37280314.0,0.91,0.0,0.0,0.44
2017-07-04,3.31,3.31,3.33,3.31,114557,38000633.0,0.6,0.0,0.0,0.45
2017-07-05,3.31,3.33,3.33,3.31,94961,31559529.0,0.6,0.6,0.02,0.37
2017-07-06,3.33,3.32,3.34,3.3,142500,47320993.0,1.2,-0.3,-0.01,0.56
2017-07-07,3.31,3.33,3.34,3.3,172160,57187007.0,1.2,0.3,0.01,0.68
2017-07-10,3.32,3.34,3.35,3.32,141318,47137034.0,0.9,0.3,0.01,0.56
2017-07-11,3.33,3.33,3.35,3.32,126271,42104467.0,0.9,-0.3,-0.01,0.5
2017-07-12,3.32,3.31,3.34,3.29,148074,48980913.0,1.5,-0.6,-0.02,0.58
2017-07-13,3.31,3.31,3.32,3.29,106880,35340033.0,0.91,0.0,0.0,0.42
2017-07-14,3.31,3.3,3.31,3.28,136256,44948056.0,0.91,-0.3,-0.01,0.54
2017-07-17,3.3,3.17,3.3,3.16,246794,79289206.0,4.24,-3.94,-0.13,0.97
2017-07-18,3.16,3.19,3.2,3.14,106272,33772977.0,1.89,0.63,0.02,0.42
2017-07-19,3.19,3.24,3.24,3.18,131205,42202850.0,1.88,1.57,0.05,0.52
2017-07-20,3.23,3.28,3.29,3.23,168058,54848557.0,1.85,1.23,0.04,0.66
2017-07-21,3.27,3.26,3.28,3.25,112192,36599309.0,0.91,-0.61,-0.02,0.44
2017-07-24,3.27,3.31,3.32,3.26,175433,57897619.0,1.84,1.53,0.05,0.69
2017-07-25,3.32,3.27,3.32,3.24,149478,49016941.0,2.42,-1.21,-0.04,0.59
2017-07-26,3.27,3.27,3.28,3.25,98275,32090753.0,0.92,0.0,0.0,0.39
2017-07-27,3.27,3.31,3.32,3.26,176204,58175501.0,1.83,1.22,0.04,0.69
2017-07-28,3.3,3.31,3.33,3.29,149099,49407287.0,1.21,0.0,0.0,0.59
2017-07-31,3.31,3.36,3.38,3.3,298824,100138097.0,2.42,1.51,0.05,1.18
2017-08-01,3.36,3.35,3.38,3.33,193747,64854346.0,1.49,-0.3,-0.01,0.76
2017-08-02,3.35,3.34,3.37,3.33,170460,57002753.0,1.19,-0.3,-0.01,0.67
2017-08-03,3.33,3.34,3.36,3.32,123424,41237568.0,1.2,0.0,0.0,0.49
2017-08-04,3.34,3.34,3.38,3.34,167869,56399313.0,1.2,0.0,0.0,0.66
2017-08-07,3.34,3.33,3.36,3.31,127071,42337390.0,1.5,-0.3,-0.01,0.5
2017-08-08,3.32,3.34,3.35,3.32,135096,45096692.0,0.9,0.3,0.01,0.53
2017-08-09,3.34,3.33,3.34,3.31,111316,37054930.0,0.9,-0.3,-0.01,0.44
2017-08-10,3.34,3.35,3.38,3.32,250671,84131970.0,1.8,0.6,0.02,0.99
2017-08-11,3.34,3.3,3.34,3.3,201975,67137993.0,1.19,-1.49,-0.05,0.8
2017-08-14,3.3,3.43,3.45,3.3,297419,100257364.0,4.55,3.94,0.13,1.17
2017-08-15,3.43,3.4,3.45,3.36,309864,105315934.0,2.62,-0.87,-0.03,1.22
2017-08-16,3.4,3.38,3.4,3.36,180543,60872549.0,1.18,-0.59,-0.02,0.71
2017-08-17,3.38,3.4,3.4,3.37,188223,63606594.0,0.89,0.59,0.02,0.74
2017-08-18,3.37,3.38,3.39,3.36,153856,51940628.0,0.88,-0.59,-0.02,0.61
2017-08-21,3.38,3.43,3.43,3.36,266932,90579495.0,2.07,1.48,0.05,1.05
2017-08-22,3.42,3.42,3.44,3.39,283602,96915775.0,1.46,-0.29,-0.01,1.12
2017-08-23,3.42,3.36,3.42,3.36,169637,57345500.0,1.75,-1.75,-0.06,0.67
2017-08-24,3.37,3.35,3.38,3.34,123222,41459110.0,1.19,-0.3,-0.01,0.49
2017-08-25,3.34,3.39,3.4,3.34,139127,47003101.0,1.79,1.19,0.04,0.55
2017-08-28,3.4,3.4,3.42,3.38,166946,56807318.0,1.18,0.29,0.01,0.66
2017-08-29,3.4,3.39,3.41,3.38,121593,41221318.0,0.88,-0.29,-0.01,0.48
2017-08-30,3.39,3.39,3.4,3.38,110709,37548850.0,0.59,0.0,0.0,0.44
2017-08-31,3.39,3.39,3.42,3.39,154558,52541299.0,0.88,0.0,0.0,0.61
2017-09-01,3.39,3.42,3.42,3.38,199057,67707564.0,1.18,0.88,0.03,0.78
2017-09-04,3.41,3.4,3.42,3.37,145520,49415211.0,1.46,-0.58,-0.02,0.57
2017-09-05,3.4,3.39,3.4,3.38,91679,31088671.0,0.59,-0.29,-0.01,0.36
2017-09-06,3.39,3.39,3.4,3.36,113993,38519249.0,1.18,0.0,0.0,0.45
2017-09-07,3.38,3.46,3.55,3.38,706273,245660598.0,5.01,2.06,0.07,2.78
2017-09-08,3.44,3.42,3.48,3.41,367047,125979078.0,2.02,-1.16,-0.04,1.45
2017-09-11,3.42,3.42,3.45,3.41,173809,59562774.0,1.17,0.0,0.0,0.68
2017-09-12,3.42,3.39,3.43,3.39,213776,72779355.0,1.17,-0.88,-0.03,0.84
2017-09-13,3.39,3.41,3.41,3.38,99743,33895608.0,0.88,0.59,0.02,0.39
2017-09-14,3.41,3.44,3.46,3.4,315606,108217646.0,1.76,0.88,0.03,1.24
2017-09-15,3.43,3.48,3.55,3.42,654798,229164718.0,3.78,1.16,0.04,2.58
2017-09-18,3.48,3.47,3.52,3.46,330193,114924434.0,1.72,-0.29,-0.01,1.3
2017-09-19,3.48,3.57,3.65,3.47,744090,265909952.0,5.19,2.88,0.1,2.93
2017-09-20,3.55,3.58,3.58,3.51,428839,152042532.0,1.96,0.28,0.01,1.69
2017-09-21,3.56,3.48,3.58,3.48,337756,118874582.0,2.79,-2.79,-0.1,1.33
2017-09-22,3.48,3.47,3.51,3.45,186373,64740524.0,1.72,-0.29,-0.01,0.73
2017-09-25,3.45,3.37,3.45,3.37,250506,85038403.0,2.31,-2.88,-0.1,0.99
2017-09-26,3.35,3.37,3.38,3.35,117600,39600123.0,0.89,0.0,0.0,0.46
2017-09-27,3.38,3.4,3.41,3.36,122651,41559199.0,1.48,0.89,0.03,0.48
2017-09-28,3.39,3.35,3.4,3.35,144593,48704756.0,1.47,-1.47,-0.05,0.57
2017-09-29,3.34,3.37,3.39,3.34,105981,35673100.0,1.49,0.6,0.02,0.42
2017-10-09,3.4,3.4,3.42,3.39,146182,49726891.0,0.89,0.89,0.03,0.58
2017-10-10,3.39,3.43,3.43,3.38,128762,43818398.0,1.47,0.88,0.03,0.51
2017-10-11,3.42,3.43,3.43,3.4,130789,44683689.0,0.87,0.0,0.0,0.51
2017-10-12,3.42,3.4,3.42,3.38,110268,37495825.0,1.17,-0.87,-0.03,0.43
2017-10-13,3.39,3.41,3.41,3.38,80995,27497632.0,0.88,0.29,0.01,0.32
2017-10-16,3.4,3.37,3.41,3.37,89636,30332712.0,1.17,-1.17,-0.04,0.35
2017-10-17,3.37,3.37,3.39,3.36,54921,18530647.0,0.89,0.0,0.0,0.22
2017-10-18,3.38,3.35,3.39,3.34,109233,36765332.0,1.48,-0.59,-0.02,0.43
2017-10-19,3.35,3.3,3.35,3.29,153639,50946673.0,1.79,-1.49,-0.05,0.6
2017-10-20,3.3,3.32,3.33,3.3,80676,26746215.0,0.91,0.61,0.02,0.32
2017-10-23,3.32,3.32,3.33,3.31,75444,25035816.0,0.6,0.0,0.0,0.3
2017-10-24,3.32,3.34,3.36,3.31,111594,37214105.0,1.51,0.6,0.02,0.44
2017-10-25,3.33,3.34,3.35,3.32,85648,28554022.0,0.9,0.0,0.0,0.34
2017-10-26,3.33,3.33,3.35,3.32,89715,29884563.0,0.9,-0.3,-0.01,0.35
2017-10-27,3.33,3.33,3.35,3.32,73625,24525340.0,0.9,0.0,0.0,0.29
2017-10-30,3.33,3.27,3.33,3.24,140373,46107893.0,2.7,-1.8,-0.06,0.55
2017-10-31,3.26,3.27,3.28,3.26,57217,18708048.0,0.61,0.0,0.0,0.23
2017-11-01,3.27,3.28,3.3,3.26,91867,30106586.0,1.22,0.31,0.01,0.36
2017-11-02,3.27,3.22,3.28,3.21,120793,39149306.0,2.13,-1.83,-0.06,0.48
2017-11-03,3.22,3.19,3.24,3.17,108645,34724867.0,2.17,-0.93,-0.03,0.43
2017-11-06,3.18,3.19,3.2,3.15,95087,30192968.0,1.57,0.0,0.0,0.37
2017-11-07,3.18,3.2,3.21,3.17,100001,31910278.0,1.25,0.31,0.01,0.39
2017-11-08,3.2,3.21,3.22,3.19,75985,24362302.0,0.94,0.31,0.01,0.3
2017-11-09,3.2,3.21,3.21,3.19,65220,20877800.0,0.62,0.0,0.0,0.26
2017-11-10,3.21,3.19,3.21,3.18,69651,22227099.0,0.93,-0.62,-0.02,0.27
2017-11-13,3.19,3.17,3.2,3.16,105132,33371510.0,1.25,-0.63,-0.02,0.41
2017-11-14,3.17,3.18,3.18,3.16,60446,19176511.0,0.63,0.32,0.01,0.24
2017-11-15,3.18,3.17,3.18,3.15,70585,22321217.0,0.94,-0.31,-0.01,0.28
2017-11-16,3.16,3.17,3.21,3.15,94915,30164091.0,1.89,0.0,0.0,0.37
2017-11-17,3.17,3.08,3.17,3.07,164815,51306755.0,3.15,-2.84,-0.09,0.65
2017-11-20,3.07,3.07,3.08,3.03,97157,29685421.0,1.62,-0.32,-0.01,0.38
2017-11-21,3.07,3.09,3.1,3.06,89691,27661149.0,1.3,0.65,0.02,0.35
2017-11-22,3.09,3.08,3.1,3.07,83502,25716957.0,0.97,-0.32,-0.01,0.33
2017-11-23,3.07,3.02,3.07,3.01,92033,28043061.0,1.95,-1.95,-0.06,0.36
2017-11-24,3.01,3.02,3.03,3.0,71667,21642780.0,0.99,0.0,0.0,0.28
2017-11-27,3.02,3.01,3.03,3.0,71223,21477255.0,0.99,-0.33,-0.01,0.28
2017-11-28,3.01,3.03,3.04,3.0,65017,19648222.0,1.33,0.66,0.02,0.26
2017-11-29,3.02,3.09,3.09,3.01,139755,42651113.0,2.64,1.98,0.06,0.55
2017-11-30,3.07,3.04,3.08,3.04,93784,28637553.0,1.29,-1.62,-0.05,0.37
2017-12-01,3.05,3.07,3.09,3.03,86104,26441189.0,1.97,0.99,0.03,0.34
2017-12-04,3.06,3.03,3.07,3.02,74556,22736933.0,1.63,-1.3,-0.04,0.29
2017-12-05,3.02,3.03,3.05,3.01,102399,31000751.0,1.32,0.0,0.0,0.4
2017-12-06,3.0,3.04,3.04,3.0,82244,24829534.0,1.32,0.33,0.01,0.32
2017-12-07,3.04,3.05,3.08,3.02,96937,29608883.0,1.97,0.33,0.01,0.38
2017-12-08,3.04,3.06,3.07,3.02,79508,24248587.0,1.64,0.33,0.01,0.31
2017-12-11,3.07,3.08,3.09,3.05,77296,23732011.0,1.31,0.65,0.02,0.3
2017-12-12,3.08,3.04,3.08,3.04,63039,19287671.0,1.3,-1.3,-0.04,0.25
2017-12-13,3.04,3.05,3.06,3.04,58469,17823348.0,0.66,0.33,0.01,0.23
2017-12-14,3.05,3.05,3.05,3.03,63882,19419984.0,0.66,0.0,0.0,0.25
2017-12-15,3.04,3.03,3.05,3.02,54736,16578276.0,0.98,-0.66,-0.02,0.22
2017-12-18,3.02,3.03,3.04,3.02,48395,14652583.0,0.66,0.0,0.0,0.19
2017-12-19,3.03,3.04,3.06,3.02,74663,22735003.0,1.32,0.33,0.01,0.29
2017-12-20,3.04,3.01,3.05,3.0,88641,26813306.0,1.64,-0.99,-0.03,0.35
2017-12-21,3.02,3.03,3.05,2.99,115681,34938969.0,1.99,0.66,0.02,0.46
2017-12-22,3.04,3.01,3.05,3.01,72654,21949928.0,1.32,-0.66,-0.02,0.29
2017-12-25,3.0,3.0,3.03,2.99,97988,29470621.0,1.33,-0.33,-0.01,0.39
2017-12-26,3.0,3.01,3.02,2.98,81225,24342628.0,1.33,0.33,0.01,0.32
2017-12-27,3.01,2.99,3.02,2.99,60480,18133897.0,1.0,-0.66,-0.02,0.24
2017-12-28,2.99,3.0,3.01,2.98,87696,26310627.0,1.0,0.33,0.01,0.35
2017-12-29,3.0,3.04,3.04,2.99,117214,35397855.0,1.67,1.33,0.04,0.46
2018-01-02,3.04,3.08,3.1,3.04,240996,74228659.0,1.97,1.32,0.04,0.95
2018-01-03,3.07,3.07,3.09,3.06,179579,55223805.0,0.97,-0.32,-0.01,0.71
2018-01-04,3.07,3.09,3.11,3.06,155617,48010100.0,1.63,0.65,0.02,0.61
2018-01-05,3.08,3.38,3.4,3.07,1571993,525838080.0,10.68,9.39,0.29,6.19
2018-01-08,3.34,3.35,3.43,3.27,1154675,386994080.0,4.73,-0.89,-0.03,4.55
2018-01-09,3.31,3.47,3.54,3.29,1330094,459415856.0,7.46,3.58,0.12,5.24
2018-01-10,3.45,3.4,3.45,3.34,660554,224005625.0,3.17,-2.02,-0.07,2.6
2018-01-11,3.35,3.38,3.4,3.28,536255,178847743.0,3.53,-0.59,-0.02,2.11
2018-01-12,3.36,3.42,3.57,3.33,939441,326360128.0,7.1,1.18,0.04,3.7
2018-01-15,3.39,3.4,3.48,3.33,535707,181977648.0,4.39,-0.58,-0.02,2.11
2018-01-16,3.37,3.54,3.68,3.33,918910,318899968.0,10.29,4.12,0.14,3.62
2018-01-17,3.5,3.37,3.53,3.33,846239,288996144.0,5.65,-4.8,-0.17,3.33
2018-01-18,3.39,3.35,3.39,3.33,316611,106341273.0,1.78,-0.59,-0.02,1.25
2018-01-19,3.35,3.33,3.42,3.29,477750,159849282.0,3.88,-0.6,-0.02,1.88
2018-01-22,3.31,3.32,3.33,3.29,278705,92275181.0,1.2,-0.3,-0.01,1.1
2018-01-23,3.31,3.33,3.38,3.31,409918,137053493.0,2.11,0.3,0.01,1.61
2018-01-24,3.32,3.32,3.35,3.3,334902,111249032.0,1.5,-0.3,-0.01,1.32
2018-01-25,3.31,3.3,3.33,3.28,288573,95274805.0,1.51,-0.6,-0.02,1.14
2018-01-26,3.29,3.31,3.35,3.29,288766,95905762.0,1.82,0.3,0.01,1.14
2018-01-29,3.31,3.25,3.33,3.24,333143,109387985.0,2.72,-1.81,-0.06,1.31
2018-01-30,3.25,3.25,3.29,3.24,179546,58582712.0,1.54,0.0,0.0,0.71
2018-01-31,3.24,3.23,3.27,3.2,197056,63625729.0,2.15,-0.62,-0.02,0.78
2018-02-01,3.22,3.11,3.23,3.08,305133,96321945.0,4.64,-3.72,-0.12,1.2
2018-02-02,3.09,3.08,3.11,3.03,172612,53038999.0,2.57,-0.96,-0.03,0.68
2018-02-05,3.05,3.11,3.12,3.04,145195,44744375.0,2.6,0.97,0.03,0.57
2018-02-06,3.07,2.98,3.08,2.98,268135,81265047.0,3.22,-4.18,-0.13,1.06
2018-02-07,3.01,2.98,3.04,2.93,221295,66114643.0,3.69,0.0,0.0,0.87
2018-02-08,2.98,3.0,3.03,2.97,105308,31591642.0,2.01,0.67,0.02,0.41
2018-02-09,2.96,2.9,2.97,2.84,229315,66641607.0,4.33,-3.33,-0.1,0.9
2018-02-12,2.91,2.94,2.96,2.9,109718,32155372.0,2.07,1.38,0.04,0.43
2018-02-13,2.95,2.96,3.0,2.94,120282,35746007.0,2.04,0.68,0.02,0.47
2018-02-14,2.96,2.96,2.97,2.93,69015,20390589.0,1.35,0.0,0.0,0.27
2018-02-22,2.96,3.0,3.0,2.96,98135,29292555.0,1.35,1.35,0.04,0.39
2018-02-23,2.99,3.01,3.04,2.99,112192,33825218.0,1.67,0.33,0.01,0.44
2018-02-26,3.03,3.04,3.05,2.99,156160,47142171.0,1.99,1.0,0.03,0.61
2018-02-27,3.04,3.01,3.04,3.0,88692,26759133.0,1.32,-0.99,-0.03,0.35
2018-02-28,3.01,3.02,3.05,2.99,119246,35943954.0,1.99,0.33,0.01,0.47
2018-03-01,3.01,3.02,3.02,2.99,106002,31919658.0,0.99,0.0,0.0,0.42
2018-03-02,3.0,3.0,3.02,3.0,87620,26360521.0,0.66,-0.66,-0.02,0.34
2018-03-05,3.01,3.0,3.02,2.99,77570,23321795.0,1.0,0.0,0.0,0.31
2018-03-06,3.0,3.04,3.04,2.99,108324,32693778.0,1.67,1.33,0.04,0.43
2018-03-07,3.03,3.02,3.05,3.02,101298,30705096.0,0.99,-0.66,-0.02,0.4
2018-03-08,3.02,3.04,3.05,3.01,79292,24032353.0,1.32,0.66,0.02,0.31
2018-03-09,3.04,3.05,3.05,3.03,115295,35061144.0,0.66,0.33,0.01,0.45
2018-03-12,3.05,3.06,3.07,3.04,135742,41499327.0,0.98,0.33,0.01,0.53
2018-03-13,3.07,3.07,3.1,3.05,167386,51498980.0,1.63,0.33,0.01,0.66
2018-03-14,3.06,3.05,3.08,3.04,126700,38709418.0,1.3,-0.65,-0.02,0.5
2018-03-15,3.05,3.02,3.06,3.01,89380,27102763.0,1.64,-0.98,-0.03,0.35
2018-03-16,3.02,3.03,3.05,3.02,81986,24882787.0,0.99,0.33,0.01,0.32
2018-03-19,3.03,3.02,3.04,3.01,60942,18434533.0,0.99,-0.33,-0.01,0.24
2018-03-20,3.01,3.01,3.02,3.0,66264,19927815.0,0.66,-0.33,-0.01,0.26
2018-03-21,3.02,3.0,3.04,3.0,106748,32246773.0,1.33,-0.33,-0.01,0.42
2018-03-22,3.01,2.99,3.02,2.98,74068,22213630.0,1.33,-0.33,-0.01,0.29
2018-03-23,2.96,2.87,2.96,2.84,199000,57777580.0,4.01,-4.01,-0.12,0.78
2018-03-26,2.87,2.89,2.9,2.8,131594,37394017.0,3.48,0.7,0.02,0.52
2018-03-27,2.9,2.93,2.94,2.9,96115,28133785.0,1.38,1.38,0.04,0.38
2018-03-28,2.91,2.9,2.92,2.89,90993,26464096.0,1.02,-1.02,-0.03,0.36
2018-03-29,2.9,3.0,3.08,2.88,247773,73696958.0,6.9,3.45,0.1,0.98
2018-03-30,2.99,2.97,3.0,2.95,117117,34763603.0,1.67,-1.0,-0.03,0.46
2018-04-02,2.96,2.97,3.0,2.96,97354,28953511.0,1.35,0.0,0.0,0.38
2018-04-03,2.95,2.92,2.95,2.91,103802,30359184.0,1.35,-1.68,-0.05,0.41
2018-04-04,2.93,2.91,2.94,2.9,65264,19038488.0,1.37,-0.34,-0.01,0.26
2018-04-09,2.9,2.89,2.92,2.88,66285,19215407.0,1.37,-0.69,-0.02,0.26
2018-04-10,2.89,2.91,2.92,2.88,80688,23418333.0,1.38,0.69,0.02,0.32
2018-04-11,2.91,2.93,2.96,2.91,111514,32744938.0,1.72,0.69,0.02,0.44
2018-04-12,2.93,2.9,2.93,2.89,83913,24422744.0,1.37,-1.02,-0.03,0.33
2018-04-13,2.91,2.9,2.92,2.9,53440,15533676.0,0.69,0.0,0.0,0.21
2018-04-16,2.9,2.88,2.9,2.87,69744,20110927.0,1.03,-0.69,-0.02,0.27
2018-04-17,2.88,2.85,2.88,2.84,97622,27959439.0,1.39,-1.04,-0.03,0.38
2018-04-18,2.85,2.86,2.87,2.82,86785,24715966.0,1.75,0.35,0.01,0.34
2018-04-19,2.86,2.85,2.88,2.85,81871,23441009.0,1.05,-0.35,-0.01,0.32
2018-04-20,2.85,2.8,2.85,2.79,96536,27173780.0,2.11,-1.75,-0.05,0.38
2018-04-23,2.8,2.79,2.82,2.77,70276,19634265.0,1.79,-0.36,-0.01,0.28
2018-04-24,2.79,2.83,2.84,2.79,66385,18765261.0,1.79,1.43,0.04,0.26
2018-04-25,2.82,2.83,2.83,2.8,75758,21317159.0,1.06,0.0,0.0,0.3
2018-04-26,2.82,2.78,2.82,2.77,81980,22884481.0,1.77,-1.77,-0.05,0.32
2018-04-27,2.78,2.78,2.79,2.76,66630,18481267.0,1.08,0.0,0.0,0.26
2018-05-02,2.77,2.69,2.78,2.67,156905,42538659.0,3.96,-3.24,-0.09,0.62
2018-05-03,2.69,2.65,2.69,2.63,152505,40478033.0,2.23,-1.49,-0.04,0.6
2018-05-04,2.65,2.65,2.66,2.64,70760,18734347.0,0.75,0.0,0.0,0.28
2018-05-07,2.65,2.68,2.69,2.65,96450,25776177.0,1.51,1.13,0.03,0.38
2018-05-08,2.68,2.68,2.69,2.67,121082,32406576.0,0.75,0.0,0.0,0.48
2018-05-09,2.67,2.66,2.68,2.65,72527,19316631.0,1.12,-0.75,-0.02,0.29
2018-05-10,2.66,2.67,2.68,2.65,70082,18710455.0,1.13,0.38,0.01,0.28
2018-05-11,2.67,2.67,2.68,2.66,79514,21222120.0,0.75,0.0,0.0,0.31
2018-05-14,2.67,2.66,2.69,2.65,72675,19392168.0,1.5,-0.37,-0.01,0.29
2018-05-15,2.66,2.66,2.67,2.65,47881,12740945.0,0.75,0.0,0.0,0.19
2018-05-16,2.66,2.66,2.67,2.65,49572,13188551.0,0.75,0.0,0.0,0.2
2018-05-17,2.65,2.63,2.66,2.63,61703,16336850.0,1.13,-1.13,-0.03,0.24
2018-05-18,2.63,2.64,2.65,2.62,82436,21719171.0,1.14,0.38,0.01,0.32
2018-05-21,2.64,2.66,2.67,2.63,86846,23092539.0,1.52,0.76,0.02,0.34
2018-05-22,2.68,2.68,2.7,2.67,105301,28268879.0,1.13,0.75,0.02,0.41
2018-05-23,2.68,2.65,2.68,2.65,67695,18023050.0,1.12,-1.12,-0.03,0.27
2018-05-24,2.66,2.63,2.66,2.62,69819,18429755.0,1.51,-0.75,-0.02,0.27
2018-05-25,2.63,2.58,2.64,2.58,92175,24028538.0,2.28,-1.9,-0.05,0.36
2018-05-28,2.58,2.55,2.58,2.54,88969,22772578.0,1.55,-1.16,-0.03,0.35
2018-05-29,2.56,2.5,2.56,2.49,113646,28671276.0,2.75,-1.96,-0.05,0.45
2018-05-30,2.49,2.52,2.65,2.37,327966,82644539.0,11.2,0.8,0.02,1.29
2018-05-31,2.51,2.49,2.52,2.47,139842,34944021.0,1.98,-1.19,-0.03,0.55
2018-06-01,2.48,2.48,2.52,2.46,68283,16995990.0,2.41,-0.4,-0.01,0.27
2018-06-04,2.48,2.46,2.49,2.46,72342,17901976.0,1.21,-0.81,-0.02,0.28
2018-06-05,2.45,2.48,2.49,2.44,80449,19829791.0,2.03,0.81,0.02,0.32
2018-06-06,2.48,2.44,2.48,2.43,85661,20970948.0,2.02,-1.61,-0.04,0.34
2018-06-07,2.44,2.43,2.46,2.42,57858,14111985.0,1.64,-0.41,-0.01,0.23
2018-06-08,2.43,2.37,2.43,2.35,118905,28307969.0,3.29,-2.47,-0.06,0.47
2018-06-11,2.37,2.36,2.38,2.35,51528,12165721.0,1.27,-0.42,-0.01,0.2
2018-06-12,2.36,2.36,2.37,2.35,47633,11250014.0,0.85,0.0,0.0,0.19
2018-06-13,2.36,2.33,2.37,2.3,111033,25879965.0,2.97,-1.27,-0.03,0.44
2018-06-14,2.33,2.34,2.38,2.31,104418,24533207.0,3.0,0.43,0.01,0.41
2018-06-15,2.34,2.33,2.39,2.32,137187,32237228.0,2.99,-0.43,-0.01,0.54
2018-06-19,2.31,2.13,2.31,2.1,221701,48754528.0,9.01,-8.58,-0.2,0.87
2018-06-20,2.12,2.14,2.16,2.11,152892,32644338.0,2.35,0.47,0.01,0.6
2018-06-21,2.14,2.09,2.16,2.08,190404,40591324.0,3.74,-2.34,-0.05,0.75
2018-06-22,2.07,2.11,2.13,2.03,136098,28465163.0,4.78,0.96,0.02,0.54
2018-06-25,2.12,2.11,2.15,2.11,113607,24227241.0,1.9,0.0,0.0,0.45
2018-06-26,2.09,2.12,2.13,2.07,100410,21095089.0,2.84,0.47,0.01,0.4
2018-06-27,2.11,2.11,2.14,2.1,86847,18378417.0,1.89,-0.47,-0.01,0.34
2018-06-28,2.11,2.1,2.14,2.08,137066,28908759.0,2.84,-0.47,-0.01,0.54
2018-06-29,2.1,2.13,2.14,2.09,164600,34744630.0,2.38,1.43,0.03,0.65
2018-07-02,2.12,2.12,2.15,2.1,152378,32380760.0,2.35,-0.47,-0.01,0.6
2018-07-03,2.13,2.16,2.16,2.1,121891,26001889.0,2.83,1.89,0.04,0.48
2018-07-04,2.15,2.12,2.15,2.12,73569,15697828.0,1.39,-1.85,-0.04,0.29
2018-07-05,2.12,2.11,2.15,2.1,104441,22179171.0,2.36,-0.47,-0.01,0.41
2018-07-06,2.11,2.13,2.15,2.07,125375,26575926.0,3.79,0.95,0.02,0.49
2018-07-09,2.13,2.16,2.16,2.11,128364,27486443.0,2.35,1.41,0.03,0.51
2018-07-10,2.15,2.17,2.18,2.14,117486,25371189.0,1.85,0.46,0.01,0.46
2018-07-11,2.25,2.21,2.3,2.2,251400,56229712.0,4.61,1.84,0.04,0.99
2018-07-12,2.19,2.24,2.25,2.18,137673,30609251.0,3.17,1.36,0.03,0.54
2018-07-13,2.24,2.26,2.28,2.23,121612,27476205.0,2.23,0.89,0.02,0.48
2018-07-16,2.26,2.23,2.26,2.22,75552,16898778.0,1.77,-1.33,-0.03,0.3
2018-07-17,2.23,2.22,2.24,2.2,56421,12488221.0,1.79,-0.45,-0.01,0.22
2018-07-18,2.23,2.23,2.25,2.22,64025,14297622.0,1.35,0.45,0.01,0.25
2018-07-19,2.24,2.21,2.24,2.2,85541,18983490.0,1.79,-0.9,-0.02,0.34
2018-07-20,2.21,2.23,2.24,2.16,102899,22701149.0,3.62,0.9,0.02,0.41
2018-07-23,2.22,2.23,2.24,2.2,75791,16811275.0,1.79,0.0,0.0,0.3
2018-07-24,2.23,2.27,2.29,2.22,119066,27011912.0,3.14,1.79,0.04,0.47
2018-07-25,2.27,2.28,2.29,2.26,85899,19575291.0,1.32,0.44,0.01,0.34
2018-07-26,2.27,2.34,2.39,2.27,204113,47852121.0,5.26,2.63,0.06,0.8
2018-07-27,2.34,2.31,2.34,2.31,105505,24512150.0,1.28,-1.28,-0.03,0.42
2018-07-30,2.32,2.28,2.34,2.28,74537,17233109.0,2.6,-1.3,-0.03,0.29
2018-07-31,2.28,2.29,2.32,2.27,61931,14242195.0,2.19,0.44,0.01,0.24
2018-08-01,2.29,2.25,2.33,2.24,114887,26223060.0,3.93,-1.75,-0.04,0.45
2018-08-02,2.25,2.16,2.25,2.13,119284,25982113.0,5.33,-4.0,-0.09,0.47
2018-08-03,2.17,2.17,2.19,2.16,65555,14265597.0,1.39,0.46,0.01,0.26
2018-08-06,2.15,2.16,2.19,2.14,68025,14757039.0,2.3,-0.46,-0.01,0.27
2018-08-07,2.17,2.21,2.22,2.16,72871,15979453.0,2.78,2.31,0.05,0.29
2018-08-08,2.21,2.2,2.22,2.19,51888,11436408.0,1.36,-0.45,-0.01,0.2
2018-08-09,2.19,2.24,2.25,2.19,74326,16567543.0,2.73,1.82,0.04,0.29
2018-08-10,2.23,2.27,2.29,2.22,119027,26963636.0,3.13,1.34,0.03,0.47
2018-08-13,2.25,2.33,2.33,2.25,172491,39653983.0,3.52,2.64,0.06,0.68
2018-08-14,2.32,2.33,2.34,2.3,118913,27608324.0,1.72,0.0,0.0,0.47
2018-08-15,2.33,2.31,2.34,2.29,104268,24050585.0,2.15,-0.86,-0.02,0.41
2018-08-16,2.3,2.27,2.31,2.26,78227,17877574.0,2.16,-1.73,-0.04,0.31
2018-08-17,2.29,2.25,2.3,2.25,91707,20829715.0,2.2,-0.88,-0.02,0.36
2018-08-20,2.25,2.28,2.28,2.23,84922,19208055.0,2.22,1.33,0.03,0.33
2018-08-21,2.27,2.3,2.31,2.26,76520,17560301.0,2.19,0.88,0.02,0.3
2018-08-22,2.3,2.29,2.31,2.27,73424,16786162.0,1.74,-0.43,-0.01,0.29
2018-08-23,2.29,2.3,2.33,2.28,86672,19955922.0,2.18,0.44,0.01,0.34
2018-08-24,2.3,2.3,2.3,2.28,54570,12500175.0,0.87,0.0,0.0,0.21
2018-08-27,2.29,2.32,2.34,2.29,98999,22940565.0,2.17,0.87,0.02,0.39
2018-08-28,2.31,2.31,2.33,2.3,70697,16348347.0,1.29,-0.43,-0.01,0.28
2018-08-29,2.31,2.3,2.32,2.29,49373,11366932.0,1.3,-0.43,-0.01,0.19
2018-08-30,2.31,2.28,2.31,2.27,63414,14485652.0,1.74,-0.87,-0.02,0.25
2018-08-31,2.28,2.25,2.29,2.25,53308,12091491.0,1.75,-1.32,-0.03,0.21
2018-09-03,2.25,2.29,2.29,2.23,95240,21594390.0,2.67,1.78,0.04,0.37
2018-09-04,2.28,2.31,2.32,2.28,73999,17025745.0,1.75,0.87,0.02,0.29
2018-09-05,2.3,2.29,2.31,2.29,66997,15402788.0,0.87,-0.87,-0.02,0.26
2018-09-06,2.29,2.27,2.3,2.27,48450,11077334.0,1.31,-0.87,-0.02,0.19
2018-09-07,2.27,2.27,2.3,2.26,65453,14910215.0,1.76,0.0,0.0,0.26
2018-09-10,2.28,2.29,2.3,2.27,69814,15973581.0,1.32,0.88,0.02,0.27
2018-09-11,2.28,2.22,2.29,2.2,118053,26459348.0,3.93,-3.06,-0.07,0.46
2018-09-12,2.2,2.21,2.22,2.19,61020,13477090.0,1.35,-0.45,-0.01,0.24
2018-09-13,2.22,2.22,2.23,2.21,59302,13170402.0,0.9,0.45,0.01,0.23
2018-09-14,2.23,2.21,2.23,2.2,58065,12855813.0,1.35,-0.45,-0.01,0.23
2018-09-17,2.2,2.24,2.34,2.18,143595,32317784.0,7.24,1.36,0.03,0.57
2018-09-18,2.24,2.25,2.26,2.21,94633,21151294.0,2.23,0.45,0.01,0.37
2018-09-19,2.24,2.27,2.3,2.23,113493,25770119.0,3.11,0.89,0.02,0.45
2018-09-20,2.26,2.27,2.28,2.25,75877,17218556.0,1.32,0.0,0.0,0.3
2018-09-21,2.26,2.3,2.32,2.25,136785,31326346.0,3.08,1.32,0.03,0.54
2018-09-25,2.29,2.28,2.29,2.27,79736,18180135.0,0.87,-0.87,-0.02,0.31
2018-09-26,2.29,2.28,2.3,2.28,64620,14785374.0,0.88,0.0,0.0,0.25
2018-09-27,2.29,2.26,2.29,2.25,67755,15362919.0,1.75,-0.88,-0.02,0.27
2018-09-28,2.26,2.28,2.3,2.26,66085,15083356.0,1.77,0.88,0.02,0.26
2018-10-08,2.26,2.22,2.28,2.22,88798,19942853.0,2.63,-2.63,-0.06,0.35
2018-10-09,2.23,2.22,2.24,2.21,63994,14237574.0,1.35,0.0,0.0,0.25
2018-10-10,2.22,2.23,2.25,2.22,57428,12839649.0,1.35,0.45,0.01,0.23
2018-10-11,2.2,2.09,2.2,2.07,161799,34620709.0,5.83,-6.28,-0.14,0.64
2018-10-12,2.07,2.09,2.14,1.96,169313,34836967.0,8.61,0.0,0.0,0.67
2018-10-15,2.1,2.1,2.16,2.09,92143,19550536.0,3.35,0.48,0.01,0.36
2018-10-16,2.1,2.07,2.11,2.06,63607,13275772.0,2.38,-1.43,-0.03,0.25
2018-10-17,2.09,2.09,2.1,2.06,54061,11279334.0,1.93,0.97,0.02,0.21
2018-10-18,2.08,2.01,2.09,2.01,59772,12262700.0,3.83,-3.83,-0.08,0.24
2018-10-19,1.98,2.07,2.09,1.98,82007,16817416.0,5.47,2.99,0.06,0.32
2018-10-22,2.07,2.15,2.19,2.07,122017,26245721.0,5.8,3.86,0.08,0.48
2018-10-23,2.16,2.14,2.17,2.13,75322,16190644.0,1.86,-0.47,-0.01,0.3
2018-10-24,2.14,2.14,2.17,2.13,58730,12612856.0,1.87,0.0,0.0,0.23
2018-10-25,2.11,2.17,2.18,2.09,84454,18043530.0,4.21,1.4,0.03,0.33
2018-10-26,2.17,2.22,2.32,2.16,225270,50820080.0,7.37,2.3,0.05,0.89
2018-10-29,2.22,2.23,2.26,2.21,134020,29919831.0,2.25,0.45,0.01,0.53
2018-10-30,2.21,2.22,2.23,2.16,143024,31424392.0,3.14,-0.45,-0.01,0.56
2018-10-31,2.21,2.21,2.24,2.19,121740,26929805.0,2.25,-0.45,-0.01,0.48
2018-11-01,2.22,2.2,2.24,2.19,131170,29082042.0,2.26,-0.45,-0.01,0.52
2018-11-02,2.21,2.24,2.25,2.21,118034,26295159.0,1.82,1.82,0.04,0.46
2018-11-05,2.23,2.22,2.24,2.2,120431,26708377.0,1.79,-0.89,-0.02,0.47
2018-11-06,2.21,2.22,2.23,2.2,100886,22334769.0,1.35,0.0,0.0,0.4
2018-11-07,2.22,2.2,2.23,2.2,94359,20938354.0,1.35,-0.9,-0.02,0.37
2018-11-08,2.22,2.21,2.22,2.2,74337,16445951.0,0.91,0.45,0.01,0.29
2018-11-09,2.21,2.22,2.23,2.2,91997,20401354.0,1.36,0.45,0.01,0.36
2018-11-12,2.22,2.29,2.29,2.21,190298,43091859.0,3.6,3.15,0.07,0.75
2018-11-13,2.27,2.38,2.42,2.26,331325,77729326.0,6.99,3.93,0.09,1.3
2018-11-14,2.37,2.39,2.46,2.36,304754,72975435.0,4.2,0.42,0.01,1.2
2018-11-15,2.4,2.4,2.41,2.37,146587,35076647.0,1.67,0.42,0.01,0.58
2018-11-16,2.41,2.46,2.47,2.4,256776,62380982.0,2.92,2.5,0.06,1.01
2018-11-19,2.47,2.5,2.5,2.4,355796,87166911.0,4.07,1.63,0.04,1.4
2018-11-20,2.47,2.47,2.49,2.4,368498,90041852.0,3.6,-1.2,-0.03,1.45
2018-11-21,2.42,2.45,2.45,2.38,373347,90148753.0,2.83,-0.81,-0.02,1.47
2018-11-22,2.43,2.44,2.45,2.39,285488,68975245.0,2.45,-0.41,-0.01,1.12
2018-11-23,2.43,2.39,2.43,2.38,196025,47060289.0,2.05,-2.05,-0.05,0.77
2018-11-26,2.38,2.41,2.42,2.37,109728,26339977.0,2.09,0.84,0.02,0.43
2018-11-27,2.41,2.45,2.46,2.41,182682,44580619.0,2.07,1.66,0.04,0.72
2018-11-28,2.44,2.5,2.51,2.43,218079,54125890.0,3.27,2.04,0.05,0.86
2018-11-29,2.52,2.5,2.53,2.49,175111,43867324.0,1.6,0.0,0.0,0.69
2018-11-30,2.5,2.51,2.52,2.45,223730,55742995.0,2.8,0.4,0.01,0.88
2018-12-03,2.55,2.53,2.57,2.51,229372,58106606.0,2.39,0.8,0.02,0.9
2018-12-04,2.5,2.52,2.54,2.49,178119,44612678.0,1.98,-0.4,-0.01,0.7
2018-12-05,2.48,2.54,2.55,2.47,124978,31466143.0,3.17,0.79,0.02,0.49
2018-12-06,2.52,2.5,2.53,2.49,111247,27788512.0,1.57,-1.57,-0.04,0.44
2018-12-07,2.49,2.5,2.5,2.47,104991,26137168.0,1.2,0.0,0.0,0.41
2018-12-10,2.5,2.46,2.5,2.44,196328,48344219.0,2.4,-1.6,-0.04,0.77
2018-12-11,2.47,2.51,2.51,2.46,165899,41213273.0,2.03,2.03,0.05,0.65
2018-12-12,2.52,2.52,2.55,2.49,85399,21517614.0,2.39,0.4,0.01,0.34
2018-12-13,2.52,2.55,2.56,2.51,121887,30912762.0,1.98,1.19,0.03,0.48
2018-12-14,2.56,2.54,2.56,2.51,95215,24080677.0,1.96,-0.39,-0.01,0.37
2018-12-17,2.51,2.51,2.54,2.48,126941,31765396.0,2.36,-1.18,-0.03,0.5
2018-12-18,2.49,2.52,2.52,2.47,140413,35134463.0,1.99,0.4,0.01,0.55
2018-12-19,2.54,2.55,2.56,2.52,175422,44477153.0,1.59,1.19,0.03,0.69
2018-12-20,2.54,2.55,2.57,2.52,88243,22507191.0,1.96,0.0,0.0,0.35
2018-12-21,2.54,2.52,2.55,2.5,114197,28849790.0,1.96,-1.18,-0.03,0.45
2018-12-24,2.52,2.51,2.53,2.49,157746,39527125.0,1.59,-0.4,-0.01,0.62
2018-12-25,2.5,2.48,2.5,2.44,161039,39608170.0,2.39,-1.2,-0.03,0.63
2018-12-26,2.47,2.5,2.5,2.47,128608,31884836.0,1.21,0.81,0.02,0.51
2018-12-27,2.5,2.49,2.53,2.48,136489,34126469.0,2.0,-0.4,-0.01,0.54
2018-12-28,2.49,2.5,2.51,2.48,103904,25862468.0,1.2,0.4,0.01,0.41
2019-01-02,2.49,2.47,2.5,2.46,162005,40099019.0,1.6,-1.2,-0.03,0.64
2019-01-03,2.47,2.49,2.49,2.46,125445,31055549.0,1.21,0.81,0.02,0.49
2019-01-04,2.48,2.51,2.51,2.46,200566,49855581.0,2.01,0.8,0.02,0.79
2019-01-07,2.51,2.51,2.52,2.5,158638,39784967.0,0.8,0.0,0.0,0.62
2019-01-08,2.51,2.5,2.51,2.47,153161,38118648.0,1.59,-0.4,-0.01,0.6
2019-01-09,2.5,2.53,2.53,2.49,198709,49969134.0,1.6,1.2,0.03,0.78
2019-01-10,2.52,2.52,2.55,2.5,203046,51227038.0,1.98,-0.4,-0.01,0.8
2019-01-11,2.52,2.52,2.53,2.5,136124,34251877.0,1.19,0.0,0.0,0.54
2019-01-14,2.52,2.51,2.53,2.49,143987,36135817.0,1.59,-0.4,-0.01,0.57
2019-01-15,2.51,2.49,2.51,2.47,154347,38309699.0,1.59,-0.8,-0.02,0.61
2019-01-16,2.49,2.47,2.49,2.46,118870,29422754.0,1.2,-0.8,-0.02,0.47
2019-01-17,2.47,2.45,2.48,2.43,128080,31373935.0,2.02,-0.81,-0.02,0.5
2019-01-18,2.44,2.46,2.47,2.43,152467,37353559.0,1.63,0.41,0.01,0.6
2019-01-21,2.46,2.47,2.47,2.45,114140,28060325.0,0.81,0.41,0.01,0.45
2019-01-22,2.45,2.44,2.46,2.43,109929,26869023.0,1.21,-1.21,-0.03,0.43
2019-01-23,2.43,2.42,2.43,2.4,98005,23606776.0,1.23,-0.82,-0.02,0.39
2019-01-24,2.42,2.43,2.44,2.4,107243,25983368.0,1.65,0.41,0.01,0.42
2019-01-25,2.42,2.44,2.44,2.41,89133,21619474.0,1.23,0.41,0.01,0.35
2019-01-28,2.43,2.43,2.44,2.41,166457,40331635.0,1.23,-0.41,-0.01,0.66
2019-01-29,2.42,2.43,2.43,2.4,124823,30155266.0,1.23,0.0,0.0,0.49
2019-01-30,2.42,2.43,2.44,2.41,89678,21768027.0,1.23,0.0,0.0,0.35
2019-01-31,2.42,2.46,2.46,2.41,118563,28843775.0,2.06,1.23,0.03,0.47
2019-02-01,2.45,2.51,2.51,2.45,150810,37474216.0,2.44,2.03,0.05,0.59
2019-02-11,2.51,2.54,2.54,2.5,124732,31431807.0,1.59,1.2,0.03,0.49
2019-02-12,2.53,2.53,2.55,2.52,134453,34067867.0,1.18,-0.39,-0.01,0.53
2019-02-13,2.53,2.55,2.56,2.52,166143,42228007.0,1.58,0.79,0.02,0.65
2019-02-14,2.55,2.56,2.57,2.53,124632,31736692.0,1.57,0.39,0.01,0.49
2019-02-15,2.55,2.54,2.55,2.52,178943,45418430.0,1.17,-0.78,-0.02,0.7
2019-02-18,2.54,2.58,2.58,2.53,191120,48922301.0,1.97,1.57,0.04,0.75
2019-02-19,2.57,2.59,2.61,2.56,254653,65803470.0,1.94,0.39,0.01,1.0
2019-02-20,2.59,2.59,2.61,2.58,144206,37378557.0,1.16,0.0,0.0,0.57
2019-02-21,2.6,2.59,2.61,2.58,156812,40689199.0,1.16,0.0,0.0,0.62
2019-02-22,2.59,2.61,2.61,2.57,139124,36047632.0,1.54,0.77,0.02,0.55
2019-02-25,2.61,2.73,2.74,2.6,308550,82731608.0,5.36,4.6,0.12,1.21
2019-02-26,2.73,2.82,2.88,2.7,450807,125341311.0,6.59,3.3,0.09,1.77
2019-02-27,2.8,2.8,2.86,2.77,371280,104019892.0,3.19,-0.71,-0.02,1.46
2019-02-28,2.79,2.77,2.84,2.74,372857,103631097.0,3.57,-1.07,-0.03,1.47
2019-03-01,2.77,2.76,2.78,2.73,195807,53997892.0,1.81,-0.36,-0.01,0.77
2019-03-04,2.77,2.8,2.85,2.77,397648,111625887.0,2.9,1.45,0.04,1.57
2019-03-05,2.78,2.84,2.84,2.78,312733,87717067.0,2.14,1.43,0.04,1.23
2019-03-06,2.83,2.88,2.89,2.82,366754,104877236.0,2.46,1.41,0.04,1.44
2019-03-07,2.87,2.93,2.96,2.86,485162,141433765.0,3.47,1.74,0.05,1.91
2019-03-08,2.91,2.8,2.92,2.78,440639,125781729.0,4.78,-4.44,-0.13,1.73
2019-03-11,2.79,2.84,2.86,2.77,319267,90181498.0,3.21,1.43,0.04,1.26
2019-03-12,2.85,2.86,2.91,2.84,421921,121606459.0,2.46,0.7,0.02,1.66
2019-03-13,2.86,2.84,2.87,2.8,345013,97942598.0,2.45,-0.7,-0.02,1.36
2019-03-14,2.82,2.74,2.84,2.72,229703,63568383.0,4.23,-3.52,-0.1,0.9
2019-03-15,2.74,2.77,2.79,2.73,227115,62765268.0,2.19,1.09,0.03,0.89
2019-03-18,2.77,2.82,2.82,2.72,225081,62501667.0,3.61,1.81,0.05,0.89
2019-03-19,2.8,2.81,2.86,2.8,258815,73275005.0,2.13,-0.35,-0.01,1.02
2019-03-20,2.82,2.88,2.93,2.78,448564,127720198.0,5.34,2.49,0.07,1.77
2019-03-21,2.87,2.85,2.88,2.83,331079,94503345.0,1.74,-1.04,-0.03,1.3
2019-03-22,2.85,2.85,2.86,2.81,224123,63532567.0,1.75,0.0,0.0,0.88
2019-03-25,2.82,2.83,2.86,2.8,220309,62488594.0,2.11,-0.7,-0.02,0.87
2019-03-26,2.83,2.77,2.85,2.74,358352,99450802.0,3.89,-2.12,-0.06,1.41
2019-03-27,2.76,2.73,2.78,2.71,164742,44964331.0,2.53,-1.44,-0.04,0.65
2019-03-28,2.72,2.73,2.74,2.7,145813,39548928.0,1.47,0.0,0.0,0.57
2019-03-29,2.72,2.8,2.8,2.69,278310,76723282.0,4.03,2.56,0.07,1.1
2019-04-01,2.79,2.86,2.88,2.78,375365,106809171.0,3.57,2.14,0.06,1.48
2019-04-02,2.87,2.85,2.88,2.85,229506,65766639.0,1.05,-0.35,-0.01,0.9
2019-04-03,2.84,2.87,2.87,2.84,296874,84816773.0,1.05,0.7,0.02,1.17
2019-04-04,2.87,2.86,2.9,2.84,449734,128896518.0,2.09,-0.35,-0.01,1.77
2019-04-08,2.88,2.85,2.89,2.81,330597,94388997.0,2.8,-0.35,-0.01,1.3
2019-04-09,2.84,2.83,2.85,2.82,269940,76517347.0,1.05,-0.7,-0.02,1.06
2019-04-10,2.82,2.8,2.83,2.77,359804,100659671.0,2.12,-1.06,-0.03,1.42
2019-04-11,2.81,2.76,2.82,2.75,278876,77325283.0,2.5,-1.43,-0.04,1.1
2019-04-12,2.76,2.72,2.77,2.7,278419,75991308.0,2.54,-1.45,-0.04,1.1
2019-04-15,2.71,2.8,2.83,2.71,513893,143065747.0,4.41,2.94,0.08,2.02
2019-04-16,2.78,2.87,2.88,2.73,578919,162888110.0,5.36,2.5,0.07,2.28
2019-04-17,2.86,2.92,2.94,2.83,582991,168088416.0,3.83,1.74,0.05,2.3
2019-04-18,2.9,2.88,2.92,2.86,346397,100101633.0,2.05,-1.37,-0.04,1.36
2019-04-19,2.87,2.9,2.9,2.84,314063,90390208.0,2.08,0.69,0.02,1.24
2019-04-22,2.9,2.89,2.91,2.86,314502,90523072.0,1.72,-0.34,-0.01,1.24
2019-04-23,2.89,2.95,2.99,2.88,580958,170904444.0,3.81,2.08,0.06,2.29
2019-04-24,2.95,2.89,2.96,2.86,367057,106102503.0,3.39,-2.03,-0.06,1.45
2019-04-25,2.88,2.81,2.88,2.8,283912,80485878.0,2.77,-2.77,-0.08,1.12
2019-04-26,2.8,2.81,2.83,2.77,188331,52779054.0,2.14,0.0,0.0,0.74
2019-04-29,2.78,2.79,2.82,2.75,195549,54400212.0,2.49,-0.71,-0.02,0.77
2019-04-30,2.77,2.83,2.84,2.77,160500,45188046.0,2.51,1.43,0.04,0.63
2019-05-06,2.78,2.72,2.79,2.7,306585,83588871.0,3.18,-3.89,-0.11,1.21
2019-05-07,2.74,2.75,2.75,2.7,190685,51954751.0,1.84,1.1,0.03,0.75
2019-05-08,2.72,2.74,2.75,2.71,138179,37714043.0,1.45,-0.36,-0.01,0.54
2019-05-09,2.73,2.72,2.76,2.67,316793,85696954.0,3.28,-0.73,-0.02,1.25
2019-05-10,2.71,2.76,2.76,2.71,306233,83704241.0,1.84,1.47,0.04,1.21
2019-05-13,2.75,2.71,2.75,2.69,163830,44411975.0,2.17,-1.81,-0.05,0.65
2019-05-14,2.7,2.72,2.73,2.69,114701,31135438.0,1.48,0.37,0.01,0.45
2019-05-15,2.72,2.75,2.75,2.71,145586,39660079.0,1.47,1.1,0.03,0.57
2019-05-16,2.74,2.77,2.78,2.73,269177,74073053.0,1.82,0.73,0.02,1.06
2019-05-17,2.76,2.74,2.77,2.72,174216,47775298.0,1.81,-1.08,-0.03,0.69
2019-05-20,2.73,2.73,2.74,2.7,240482,65251775.0,1.46,-0.36,-0.01,0.95
2019-05-21,2.73,2.74,2.76,2.72,136966,37485118.0,1.47,0.37,0.01,0.54
2019-05-22,2.74,2.73,2.74,2.71,67521,18372554.0,1.09,-0.36,-0.01,0.27
2019-05-23,2.72,2.72,2.73,2.7,119843,32575468.0,1.1,-0.37,-0.01,0.47
2019-05-24,2.72,2.73,2.73,2.71,144638,39355608.0,0.74,0.37,0.01,0.57
2019-05-27,2.71,2.74,2.74,2.71,204598,55684103.0,1.1,0.37,0.01,0.81
2019-05-28,2.74,2.73,2.74,2.71,106139,28910678.0,1.09,-0.36,-0.01,0.42
2019-05-29,2.72,2.72,2.73,2.71,118938,32307147.0,0.73,-0.37,-0.01,0.47
2019-05-30,2.71,2.73,2.73,2.7,88970,24107120.0,1.1,0.37,0.01,0.35
2019-05-31,2.73,2.73,2.74,2.71,91051,24774924.0,1.1,0.0,0.0,0.36
2019-06-03,2.73,2.73,2.74,2.7,123101,33421940.0,1.47,0.0,0.0,0.48
2019-06-04,2.73,2.72,2.73,2.7,149379,40457647.0,1.1,-0.37,-0.01,0.59
2019-06-05,2.71,2.72,2.72,2.69,165168,44762394.0,1.1,0.0,0.0,0.65
2019-06-06,2.71,2.72,2.72,2.69,256635,69338272.0,1.1,0.0,0.0,1.01
2019-06-10,2.71,2.72,2.72,2.7,90434,24507188.0,0.74,0.0,0.0,0.36
2019-06-11,2.71,2.74,2.75,2.7,245836,66938107.0,1.84,0.74,0.02,0.97
2019-06-12,2.73,2.72,2.73,2.7,248021,67233201.0,1.09,-0.73,-0.02,0.98
2019-06-13,2.71,2.71,2.72,2.7,229246,62020758.0,0.74,-0.37,-0.01,0.9
2019-06-14,2.71,2.7,2.71,2.7,214518,57981391.0,0.37,-0.37,-0.01,0.84
2019-06-17,2.7,2.63,2.7,2.61,232312,61453855.0,3.33,-2.59,-0.07,0.91
2019-06-18,2.62,2.63,2.64,2.59,222300,58052703.0,1.9,0.0,0.0,0.88
2019-06-19,2.65,2.64,2.66,2.62,126530,33429256.0,1.52,0.38,0.01,0.5
2019-06-20,2.63,2.69,2.69,2.62,291337,77119187.0,2.65,1.89,0.05,1.15
2019-06-21,2.69,2.69,2.73,2.67,182183,49085549.0,2.23,0.0,0.0,0.72
2019-06-24,2.67,2.68,2.7,2.67,155522,41711488.0,1.12,-0.37,-0.01,0.61
2019-06-25,2.68,2.66,2.68,2.65,140741,37480381.0,1.12,-0.75,-0.02,0.55
2019-06-26,2.65,2.66,2.67,2.64,143256,38103852.0,1.13,0.0,0.0,0.56
2019-06-27,2.67,2.65,2.67,2.63,132180,35031270.0,1.5,-0.38,-0.01,0.52
2019-06-28,2.65,2.63,2.65,2.61,125273,32850829.0,1.51,-0.75,-0.02,0.49
2019-07-01,2.65,2.66,2.67,2.62,178764,47253013.0,1.9,1.14,0.03,0.7
2019-07-02,2.65,2.64,2.66,2.63,111081,29306397.0,1.13,-0.75,-0.02,0.44
2019-07-03,2.63,2.63,2.64,2.62,89718,23565143.0,0.76,-0.38,-0.01,0.35
2019-07-04,2.63,2.64,2.66,2.61,143476,37856299.0,1.9,0.38,0.01,0.56
2019-07-05,2.63,2.63,2.63,2.6,135705,35458388.0,1.14,-0.38,-0.01,0.53
2019-07-08,2.62,2.6,2.62,2.57,103430,26777802.0,1.9,-1.14,-0.03,0.41
2019-07-09,2.59,2.62,2.62,2.57,107891,28022833.0,1.92,0.77,0.02,0.42
2019-07-10,2.62,2.61,2.62,2.59,79377,20718202.0,1.15,-0.38,-0.01,0.31
2019-07-11,2.61,2.6,2.61,2.58,77453,20137610.0,1.15,-0.38,-0.01,0.3
2019-07-12,2.59,2.6,2.6,2.58,86907,22498310.0,0.77,0.0,0.0,0.34
2019-07-15,2.59,2.62,2.63,2.57,97147,25196908.0,2.31,0.77,0.02,0.38
2019-07-16,2.61,2.62,2.62,2.6,97787,25526795.0,0.76,0.0,0.0,0.39
2019-07-17,2.62,2.62,2.63,2.6,76846,20126596.0,1.15,0.0,0.0,0.3
2019-07-18,2.62,2.61,2.62,2.59,92509,24056624.0,1.15,-0.38,-0.01,0.36
2019-07-19,2.6,2.64,2.66,2.59,220898,57795070.0,2.68,1.15,0.03,0.87
2019-07-22,2.63,2.62,2.65,2.6,69787,18238670.0,1.89,-0.76,-0.02,0.27
2019-07-23,2.61,2.62,2.62,2.59,77421,20191855.0,1.15,0.0,0.0,0.3
2019-07-24,2.61,2.63,2.64,2.61,64068,16821275.0,1.15,0.38,0.01,0.25
2019-07-25,2.63,2.62,2.63,2.61,81806,21425548.0,0.76,-0.38,-0.01,0.32
2019-07-26,2.61,2.62,2.62,2.6,73467,19173668.0,0.76,0.0,0.0,0.29
2019-07-29,2.62,2.62,2.62,2.6,63778,16641832.0,0.76,0.0,0.0,0.25
2019-07-30,2.61,2.63,2.64,2.6,84028,22032626.0,1.53,0.38,0.01,0.33
2019-07-31,2.63,2.64,2.64,2.62,117104,30786250.0,0.76,0.38,0.01,0.46
2019-08-01,2.63,2.64,2.64,2.62,121217,31879766.0,0.76,0.0,0.0,0.5
2019-08-02,2.62,2.65,2.65,2.6,119873,31454026.0,1.89,0.38,0.01,0.49
2019-08-05,2.64,2.63,2.66,2.62,112876,29766740.0,1.51,-0.75,-0.02,0.46
2019-08-06,2.62,2.65,2.69,2.58,207676,54561482.0,4.18,0.76,0.02,0.85
2019-08-07,2.65,2.67,2.68,2.64,124558,33081621.0,1.51,0.75,0.02,0.51
2019-08-08,2.67,2.69,2.69,2.65,142125,38093345.0,1.5,0.75,0.02,0.58
2019-08-09,2.68,2.68,2.69,2.65,90186,24096384.0,1.49,-0.37,-0.01,0.37
2019-08-12,2.66,2.69,2.69,2.66,160697,43004761.0,1.12,0.37,0.01,0.66
2019-08-13,2.68,2.69,2.69,2.61,154426,41098202.0,2.97,0.0,0.0,0.63
2019-08-14,2.69,2.68,2.7,2.67,124888,33529269.0,1.12,-0.37,-0.01,0.51
2019-08-15,2.67,2.68,2.68,2.65,120747,32187477.0,1.12,0.0,0.0,0.49
2019-08-16,2.68,2.68,2.68,2.66,124111,33128290.0,0.75,0.0,0.0,0.51
2019-08-19,2.68,2.67,2.68,2.66,129398,34553588.0,0.75,-0.37,-0.01,0.53
2019-08-20,2.66,2.67,2.68,2.66,180483,48172445.0,0.75,0.0,0.0,0.74
2019-08-21,2.67,2.66,2.68,2.66,82479,22008883.0,0.75,-0.37,-0.01,0.34
2019-08-22,2.67,2.66,2.67,2.64,130968,34734296.0,1.13,0.0,0.0,0.54
2019-08-23,2.65,2.65,2.66,2.63,158273,41813262.0,1.13,-0.38,-0.01,0.65
2019-08-26,2.63,2.64,2.64,2.62,154016,40515824.0,0.75,-0.38,-0.01,0.63
2019-08-27,2.63,2.68,2.69,2.63,248169,66017580.0,2.27,1.52,0.04,1.01
2019-08-28,2.68,2.73,2.73,2.66,215051,57990818.0,2.61,1.87,0.05,0.88
2019-08-29,2.73,2.75,2.77,2.71,197986,54377939.0,2.2,0.73,0.02,0.81
2019-08-30,2.75,2.78,2.79,2.74,188139,52214419.0,1.82,1.09,0.03,0.77
2019-09-02,2.79,2.78,2.82,2.76,160010,44724583.0,2.16,0.0,0.0,0.65
2019-09-03,2.78,2.77,2.79,2.75,122109,33812628.0,1.44,-0.36,-0.01,0.5
2019-09-04,2.77,2.83,2.83,2.76,208275,58253420.0,2.53,2.17,0.06,0.85
2019-09-05,2.84,2.86,2.87,2.83,170663,48739929.0,1.41,1.06,0.03,0.7
2019-09-06,2.87,2.87,2.88,2.84,184122,52535026.0,1.4,0.35,0.01,0.75
2019-09-09,2.89,2.9,2.91,2.87,190827,55124346.0,1.39,1.05,0.03,0.78
2019-09-10,2.9,2.87,2.9,2.86,141736,40763862.0,1.38,-1.03,-0.03,0.58
2019-09-11,2.87,2.87,2.89,2.86,143672,41267243.0,1.05,0.0,0.0,0.59
2019-09-12,2.87,2.9,2.91,2.86,205862,59367757.0,1.74,1.05,0.03,0.84
2019-09-16,2.89,2.89,2.9,2.87,157487,45453223.0,1.03,-0.34,-0.01,0.64
2019-09-17,2.89,2.85,2.89,2.82,169018,48154974.0,2.42,-1.38,-0.04,0.69
2019-09-18,2.84,2.83,2.86,2.82,139710,39680317.0,1.4,-0.7,-0.02,0.57
2019-09-19,2.83,2.86,2.87,2.82,156785,44645843.0,1.77,1.06,0.03,0.64
2019-09-20,2.86,2.88,2.89,2.85,154065,44239495.0,1.4,0.7,0.02,0.63
2019-09-23,2.87,2.86,2.88,2.83,127637,36363668.0,1.74,-0.69,-0.02,0.52
2019-09-24,2.85,2.86,2.87,2.83,151233,43171677.0,1.4,0.0,0.0,0.62
2019-09-25,2.85,2.84,2.86,2.82,146232,41470227.0,1.4,-0.7,-0.02,0.6
2019-09-26,2.84,2.82,2.84,2.81,149293,42114609.0,1.06,-0.7,-0.02,0.61
2019-09-27,2.81,2.84,2.84,2.8,144204,40725317.0,1.42,0.71,0.02,0.59
2019-09-30,2.83,2.85,2.87,2.83,119873,34213129.0,1.41,0.35,0.01,0.49
2019-10-08,2.84,2.83,2.85,2.81,138256,39069416.0,1.4,-0.7,-0.02,0.56
2019-10-09,2.81,2.82,2.82,2.8,120647,33891744.0,0.71,-0.35,-0.01,0.49
2019-10-10,2.81,2.83,2.84,2.79,202368,57074910.0,1.77,0.35,0.01,0.83
2019-10-11,2.82,2.81,2.83,2.81,160842,45306872.0,0.71,-0.71,-0.02,0.66
2019-10-14,2.82,2.83,2.84,2.81,136706,38664084.0,1.07,0.71,0.02,0.56
2019-10-15,2.82,2.77,2.82,2.76,151429,42210312.0,2.12,-2.12,-0.06,0.62
2019-10-16,2.77,2.75,2.78,2.72,167864,46026257.0,2.17,-0.72,-0.02,0.69
2019-10-17,2.74,2.72,2.74,2.69,132357,35807173.0,1.82,-1.09,-0.03,0.54
2019-10-18,2.71,2.69,2.72,2.65,156144,41774416.0,2.57,-1.1,-0.03,0.64
2019-10-21,2.68,2.66,2.68,2.63,131392,34803504.0,1.86,-1.12,-0.03,0.54
2019-10-22,2.66,2.68,2.68,2.65,123649,32981233.0,1.13,0.75,0.02,0.51
2019-10-23,2.67,2.73,2.73,2.67,175950,47617948.0,2.24,1.87,0.05,0.72
2019-10-24,2.72,2.74,2.75,2.71,131843,35982502.0,1.47,0.37,0.01,0.54
2019-10-25,2.74,2.8,2.81,2.73,146062,40450702.0,2.92,2.19,0.06,0.6
2019-10-28,2.81,2.82,2.83,2.8,164010,46107063.0,1.07,0.71,0.02,0.67
2019-10-29,2.82,2.83,2.84,2.79,181574,51121174.0,1.77,0.35,0.01,0.74
2019-10-30,2.82,2.78,2.82,2.76,100808,28102942.0,2.12,-1.77,-0.05,0.41
2019-10-31,2.78,2.79,2.81,2.77,115122,32139502.0,1.44,0.36,0.01,0.47
2019-11-01,2.79,2.78,2.8,2.76,112554,31273001.0,1.43,-0.36,-0.01,0.46
2019-11-04,2.79,2.79,2.8,2.77,140892,39251245.0,1.08,0.36,0.01,0.58
2019-11-05,2.78,2.76,2.79,2.74,99960,27600492.0,1.79,-1.08,-0.03,0.41
2019-11-06,2.76,2.76,2.77,2.74,143440,39450569.0,1.09,0.0,0.0,0.59
2019-11-07,2.76,2.75,2.76,2.73,91135,24998370.0,1.09,-0.36,-0.01,0.37
2019-11-08,2.75,2.78,2.8,2.71,106664,29324686.0,3.27,1.09,0.03,0.44
2019-11-11,2.77,2.75,2.77,2.72,92020,25248267.0,1.8,-1.08,-0.03,0.38
2019-11-12,2.74,2.73,2.75,2.71,89804,24506876.0,1.45,-0.73,-0.02,0.37
2019-11-13,2.72,2.73,2.73,2.7,101673,27618861.0,1.1,0.0,0.0,0.42
2019-11-14,2.73,2.79,2.79,2.72,122222,33718338.0,2.56,2.2,0.06,0.5
2019-11-15,2.8,2.77,2.8,2.76,82784,22947530.0,1.43,-0.72,-0.02,0.34
2019-11-18,2.76,2.78,2.78,2.74,85656,23644962.0,1.44,0.36,0.01,0.35
2019-11-19,2.77,2.78,2.79,2.76,120991,33568309.0,1.08,0.0,0.0,0.49
2019-11-20,2.76,2.77,2.78,2.75,134875,37288589.0,1.08,-0.36,-0.01,0.55
2019-11-21,2.76,2.74,2.77,2.72,134213,36780028.0,1.81,-1.08,-0.03,0.55
2019-11-22,2.74,2.74,2.75,2.73,145243,39781290.0,0.73,0.0,0.0,0.59
2019-11-25,2.73,2.72,2.74,2.7,142282,38578213.0,1.46,-0.73,-0.02,0.58
2019-11-26,2.71,2.72,2.72,2.7,102630,27816149.0,0.74,0.0,0.0,0.42
2019-11-27,2.71,2.75,2.75,2.71,98132,26738045.0,1.47,1.1,0.03,0.4
2019-11-28,2.73,2.74,2.76,2.73,73500,20156828.0,1.09,-0.36,-0.01,0.3
2019-11-29,2.73,2.76,2.76,2.73,87023,23868635.0,1.09,0.73,0.02,0.36
2019-12-02,2.76,2.76,2.76,2.73,87654,24102603.0,1.09,0.0,0.0,0.36
2019-12-03,2.75,2.75,2.76,2.73,79192,21746200.0,1.09,-0.36,-0.01,0.32
2019-12-04,2.75,2.74,2.75,2.72,63762,17426245.0,1.09,-0.36,-0.01,0.26
2019-12-05,2.73,2.76,2.77,2.73,94544,25970240.0,1.46,0.73,0.02,0.39
2019-12-06,2.77,2.79,2.79,2.75,111080,30789058.0,1.45,1.09,0.03,0.45
2019-12-09,2.79,2.81,2.81,2.78,148871,41592175.0,1.08,0.72,0.02,0.61
2019-12-10,2.81,2.78,2.81,2.76,126186,35087875.0,1.78,-1.07,-0.03,0.52
2019-12-11,2.78,2.76,2.79,2.75,92536,25583447.0,1.44,-0.72,-0.02,0.38
2019-12-12,2.75,2.74,2.76,2.72,140816,38540578.0,1.45,-0.72,-0.02,0.58
2019-12-13,2.74,2.75,2.76,2.73,146096,40089324.0,1.09,0.36,0.01,0.6
2019-12-16,2.74,2.76,2.76,2.73,138741,38109974.0,1.09,0.36,0.01,0.57
2019-12-17,2.75,2.79,2.79,2.74,154000,42508116.0,1.81,1.09,0.03,0.63
2019-12-18,2.79,2.77,2.79,2.75,134878,37322251.0,1.43,-0.72,-0.02,0.55
2019-12-19,2.76,2.76,2.77,2.74,122983,33834085.0,1.08,-0.36,-0.01,0.5
2019-12-20,2.76,2.78,2.79,2.74,136761,37793074.0,1.81,0.72,0.02,0.56
2019-12-23,2.77,2.73,2.78,2.71,182443,49847253.0,2.52,-1.8,-0.05,0.75
2019-12-24,2.72,2.73,2.73,2.7,128291,34800155.0,1.1,0.0,0.0,0.52
2019-12-25,2.73,2.73,2.74,2.71,77750,21152608.0,1.1,0.0,0.0,0.32
2019-12-26,2.73,2.73,2.74,2.71,88605,24105262.0,1.1,0.0,0.0,0.36
2019-12-27,2.72,2.71,2.73,2.7,99260,26924290.0,1.1,-0.73,-0.02,0.41
2019-12-30,2.69,2.69,2.71,2.68,98082,26421651.0,1.11,-0.74,-0.02,0.4
2019-12-31,2.69,2.73,2.74,2.69,102127,27791596.0,1.86,1.49,0.04,0.42
2020-01-02,2.74,2.75,2.76,2.73,122075,33499999.0,1.1,0.73,0.02,0.5
2020-01-03,2.74,2.76,2.77,2.72,132025,36227012.0,1.82,0.36,0.01,0.54
2020-01-06,2.75,2.76,2.77,2.73,124284,34204635.0,1.45,0.0,0.0,0.51
2020-01-07,2.76,2.77,2.78,2.75,150085,41449383.0,1.09,0.36,0.01,0.61
2020-01-08,2.76,2.74,2.77,2.73,87686,24086643.0,1.44,-1.08,-0.03,0.36
2020-01-09,2.74,2.75,2.76,2.73,148208,40701128.0,1.09,0.36,0.01,0.61
2020-01-10,2.75,2.74,2.76,2.72,87385,23877127.0,1.45,-0.36,-0.01,0.36
2020-01-13,2.73,2.73,2.74,2.71,91329,24843357.0,1.09,-0.36,-0.01,0.37
2020-01-14,2.73,2.72,2.74,2.7,131404,35721449.0,1.47,-0.37,-0.01,0.54
2020-01-15,2.71,2.7,2.71,2.69,90381,24388194.0,0.74,-0.74,-0.02,0.37
2020-01-16,2.7,2.7,2.7,2.67,170145,45729075.0,1.11,0.0,0.0,0.7
2020-01-17,2.7,2.7,2.71,2.68,91902,24739970.0,1.11,0.0,0.0,0.38
2020-01-20,2.7,2.69,2.71,2.68,88475,23830896.0,1.11,-0.37,-0.01,0.36
2020-01-21,2.69,2.69,2.7,2.67,90802,24365652.0,1.12,0.0,0.0,0.37
2020-01-22,2.69,2.71,2.72,2.66,119843,32298574.0,2.23,0.74,0.02,0.49
2020-01-23,2.71,2.7,2.72,2.67,124164,33434630.0,1.85,-0.37,-0.01,0.51
2020-02-03,2.58,2.43,2.58,2.43,148394,37393768.0,5.56,-10.0,-0.27,0.61
2020-02-04,2.19,2.4,2.49,2.19,1353507,301178896.0,12.35,-1.23,-0.03,5.53
2020-02-05,2.26,2.37,2.42,2.21,995466,231958288.0,8.75,-1.25,-0.03,4.07
2020-02-06,2.35,2.49,2.53,2.33,507253,122425813.0,8.44,5.06,0.12,2.07
2020-02-07,2.5,2.56,2.57,2.47,283474,71643413.0,4.02,2.81,0.07,1.16
2020-02-10,2.62,2.55,2.62,2.53,215783,55275549.0,3.52,-0.39,-0.01,0.88
2020-02-11,2.55,2.58,2.59,2.53,344228,87985172.0,2.35,1.18,0.03,1.41
2020-02-12,2.57,2.63,2.63,2.56,262868,68401493.0,2.71,1.94,0.05,1.07
2020-02-13,2.62,2.66,2.67,2.61,197038,52263088.0,2.28,1.14,0.03,0.81
2020-02-14,2.65,2.64,2.68,2.62,141500,37442218.0,2.26,-0.75,-0.02,0.58
2020-02-17,2.64,2.66,2.66,2.62,229011,60516827.0,1.52,0.76,0.02,0.94
2020-02-18,2.65,2.64,2.66,2.63,199427,52712794.0,1.13,-0.75,-0.02,0.81
2020-02-19,2.64,2.62,2.65,2.61,121040,31858570.0,1.52,-0.76,-0.02,0.49
2020-02-20,2.63,2.64,2.64,2.6,159837,41908757.0,1.53,0.76,0.02,0.65
2020-02-21,2.63,2.7,2.7,2.63,262079,69929478.0,2.65,2.27,0.06,1.07
2020-02-24,2.7,2.71,2.73,2.68,224197,60702147.0,1.85,0.37,0.01,0.92
2020-02-25,2.7,2.67,2.7,2.64,256854,68532133.0,2.21,-1.48,-0.04,1.05
2020-02-26,2.66,2.66,2.71,2.64,221724,59327424.0,2.62,-0.37,-0.01,0.91
2020-02-27,2.67,2.65,2.68,2.62,205599,54444817.0,2.26,-0.38,-0.01,0.84
2020-02-28,2.62,2.65,2.67,2.6,229275,60516932.0,2.64,0.0,0.0,0.94
2020-03-02,2.64,2.72,2.73,2.63,313192,84146476.0,3.77,2.64,0.07,1.28
2020-03-03,2.73,2.69,2.75,2.68,174360,47213346.0,2.57,-1.1,-0.03,0.71
2020-03-04,2.69,2.73,2.75,2.67,238081,64658987.0,2.97,1.49,0.04,0.97
2020-03-05,2.74,2.74,2.75,2.71,249878,68183819.0,1.47,0.37,0.01,1.02
2020-03-06,2.73,2.73,2.74,2.7,247993,67379319.0,1.46,-0.36,-0.01,1.01
2020-03-09,2.71,2.67,2.72,2.67,189744,51037206.0,1.83,-2.2,-0.06,0.78
2020-03-10,2.66,2.83,2.94,2.63,378111,105153292.0,11.61,5.99,0.16,1.55
2020-03-11,2.82,2.8,2.86,2.77,178368,50128714.0,3.18,-1.06,-0.03,0.73
2020-03-12,2.78,2.76,2.79,2.73,133131,36682173.0,2.14,-1.43,-0.04,0.54
2020-03-13,2.67,2.75,2.78,2.65,225132,61372785.0,4.71,-0.36,-0.01,0.92
2020-03-16,2.77,2.74,2.89,2.7,330299,92580520.0,6.91,-0.36,-0.01,1.35
2020-03-17,2.74,2.75,2.78,2.67,182588,49785005.0,4.01,0.36,0.01,0.75
2020-03-18,2.75,2.77,2.87,2.75,225801,63545473.0,4.36,0.73,0.02,0.92
2020-03-19,2.76,2.79,2.79,2.71,160066,43848466.0,2.89,0.72,0.02,0.65
2020-03-20,2.79,2.84,2.85,2.73,289400,81211159.0,4.3,1.79,0.05,1.18
2020-03-23,2.81,2.83,2.85,2.78,270071,76388854.0,2.46,-0.35,-0.01,1.1
2020-03-24,2.83,2.87,2.9,2.82,295633,84636074.0,2.83,1.41,0.04,1.21
2020-03-25,2.88,2.9,2.93,2.84,389282,112172364.0,3.14,1.05,0.03,1.59
2020-03-26,2.88,2.86,2.92,2.84,430275,123993862.0,2.76,-1.38,-0.04,1.76
2020-03-27,2.85,2.89,2.94,2.84,488644,141169875.0,3.5,1.05,0.03,2.0
2020-03-30,2.86,2.85,2.91,2.82,595703,170679320.0,3.11,-1.38,-0.04,2.43
2020-03-31,2.86,2.81,2.87,2.79,371113,105265645.0,2.81,-1.4,-0.04,1.52
2020-04-01,2.8,2.77,2.83,2.75,277189,77660835.0,2.85,-1.42,-0.04,1.13
2020-04-02,2.76,2.77,2.78,2.72,371498,102114034.0,2.17,0.0,0.0,1.52
2020-04-03,2.77,2.71,2.78,2.7,308595,84405449.0,2.89,-2.17,-0.06,1.26
2020-04-07,2.73,2.73,2.74,2.67,416551,113214949.0,2.58,0.74,0.02,1.7
2020-04-08,2.71,2.68,2.74,2.65,376440,101385936.0,3.3,-1.83,-0.05,1.54
2020-04-09,2.67,2.78,2.78,2.58,803103,213047975.0,7.46,3.73,0.1,3.28
2020-04-10,2.74,2.82,2.88,2.72,439042,122459506.0,5.76,1.44,0.04,1.79
2020-04-13,2.82,2.8,2.85,2.77,337088,94822773.0,2.84,-0.71,-0.02,1.38
2020-04-14,2.81,2.87,2.87,2.8,480112,136412681.0,2.5,2.5,0.07,1.96
2020-04-15,2.87,2.83,2.88,2.81,280522,79690633.0,2.44,-1.39,-0.04,1.15
2020-04-16,2.81,2.79,2.85,2.77,284108,79414549.0,2.83,-1.41,-0.04,1.16
2020-04-17,2.77,2.74,2.81,2.73,297743,82155101.0,2.87,-1.79,-0.05,1.22
2020-04-20,2.75,2.72,2.75,2.7,175715,47826639.0,1.82,-0.73,-0.02,0.72
2020-04-21,2.71,2.73,2.73,2.61,395682,106272541.0,4.41,0.37,0.01,1.62
2020-04-22,2.7,2.83,2.84,2.7,431927,120403115.0,5.13,3.66,0.1,1.76
2020-04-23,2.84,2.79,2.88,2.72,496919,139718148.0,5.65,-1.41,-0.04,2.03
2020-04-24,2.77,2.86,2.87,2.73,342601,95685337.0,5.02,2.51,0.07,1.4
2020-04-27,2.87,2.85,2.91,2.83,357658,102660614.0,2.8,-0.35,-0.01,1.46
2020-04-28,2.85,2.82,2.85,2.78,382866,108062230.0,2.46,-1.05,-0.03,1.56
2020-04-29,2.8,2.79,2.86,2.77,329409,92470001.0,3.19,-1.06,-0.03,1.35
2020-04-30,2.79,2.82,2.82,2.75,218141,60719011.0,2.51,1.08,0.03,0.89
2020-05-06,2.78,2.81,2.82,2.78,168018,46985229.0,1.42,-0.35,-0.01,0.69
2020-05-07,2.8,2.8,2.84,2.78,216092,60625104.0,2.14,-0.36,-0.01,0.88
2020-05-08,2.79,2.78,2.81,2.74,333129,92462493.0,2.5,-0.71,-0.02,1.36
2020-05-11,2.77,2.76,2.8,2.75,144207,39850094.0,1.8,-0.72,-0.02,0.59
2020-05-12,2.74,2.77,2.79,2.73,224425,61779644.0,2.17,0.36,0.01,0.92
2020-05-13,2.76,2.77,2.81,2.75,197971,54831137.0,2.17,0.0,0.0,0.81
2020-05-14,2.75,2.75,2.78,2.72,125744,34541495.0,2.17,-0.72,-0.02,0.51
2020-05-15,2.75,2.73,2.75,2.71,131220,35812651.0,1.45,-0.73,-0.02,0.54
2020-05-18,2.72,2.77,2.77,2.71,124127,34063068.0,2.2,1.47,0.04,0.51
2020-05-19,2.76,2.79,2.79,2.75,127834,35440656.0,1.44,0.72,0.02,0.52
2020-05-20,2.79,2.76,2.79,2.72,146452,40327869.0,2.51,-1.08,-0.03,0.6
2020-05-21,2.75,2.75,2.78,2.73,126945,34982316.0,1.81,-0.36,-0.01,0.52
2020-05-22,2.74,2.73,2.74,2.71,75116,20470024.0,1.09,-0.73,-0.02,0.31
2020-05-25,2.72,2.76,2.76,2.7,156732,42806677.0,2.2,1.1,0.03,0.64
2020-05-26,2.76,2.78,2.8,2.75,172370,47899056.0,1.81,0.72,0.02,0.7
2020-05-27,2.78,2.79,2.81,2.77,182495,51004099.0,1.44,0.36,0.01,0.75
2020-05-28,2.78,2.79,2.82,2.76,115439,32217777.0,2.15,0.0,0.0,0.47
2020-05-29,2.78,2.77,2.81,2.75,145970,40582884.0,2.15,-0.72,-0.02,0.6
2020-06-01,2.78,2.8,2.83,2.74,271473,75586410.0,3.25,1.08,0.03,1.11
2020-06-02,2.79,2.78,2.8,2.76,170461,47372071.0,1.43,-0.71,-0.02,0.7
2020-06-03,2.78,2.77,2.79,2.75,161401,44670275.0,1.44,-0.36,-0.01,0.66
2020-06-04,2.77,2.75,2.78,2.74,222038,61251943.0,1.44,-0.72,-0.02,0.91
2020-06-05,2.77,2.73,2.77,2.69,349265,94918660.0,2.91,-0.73,-0.02,1.43
2020-06-08,2.71,2.78,2.79,2.7,335633,92406261.0,3.3,1.83,0.05,1.37
2020-06-09,2.77,2.82,2.83,2.76,219451,61646141.0,2.52,1.44,0.04,0.9
2020-06-10,2.82,2.86,2.87,2.81,300286,85284430.0,2.13,1.42,0.04,1.23
2020-06-11,2.85,2.84,2.88,2.83,260876,74321037.0,1.75,-0.7,-0.02,1.07
2020-06-12,2.82,2.82,2.84,2.8,135741,38242243.0,1.41,-0.7,-0.02,0.55
2020-06-15,2.81,2.79,2.83,2.76,200249,56039896.0,2.48,-1.06,-0.03,0.82
2020-06-16,2.78,2.78,2.8,2.76,172266,47854135.0,1.43,-0.36,-0.01,0.7
2020-06-17,2.77,2.77,2.81,2.75,228239,63490491.0,2.16,-0.36,-0.01,0.93
2020-06-18,2.77,2.77,2.78,2.74,159303,43986572.0,1.44,0.0,0.0,0.65
2020-06-19,2.76,2.79,2.8,2.75,248141,68898819.0,1.81,0.72,0.02,1.01
2020-06-22,2.79,2.77,2.79,2.75,135700,37569640.0,1.43,-0.72,-0.02,0.55
2020-06-23,2.77,2.74,2.77,2.73,134548,36876626.0,1.44,-1.08,-0.03,0.55
2020-06-24,2.74,2.74,2.76,2.72,104293,28540272.0,1.46,0.0,0.0,0.43
2020-06-29,2.73,2.74,2.75,2.71,101071,27604078.0,1.46,0.0,0.0,0.41
2020-06-30,2.73,2.76,2.78,2.72,205255,56505888.0,2.19,0.73,0.02,0.84
2020-07-01,2.75,2.79,2.8,2.74,187873,52193386.0,2.17,1.09,0.03,0.77
2020-07-02,2.79,2.8,2.81,2.78,166523,46545827.0,1.08,0.36,0.01,0.68
2020-07-03,2.8,2.89,2.89,2.79,363034,103474420.0,3.57,3.21,0.09,1.48
2020-07-06,2.9,3.04,3.05,2.89,502392,150235365.0,5.54,5.19,0.15,2.05
2020-07-07,3.06,3.01,3.11,3.0,445378,135231480.0,3.62,-0.99,-0.03,1.82
2020-07-08,3.0,3.09,3.09,2.98,377727,115175631.0,3.65,2.66,0.08,1.54
2020-07-09,3.09,3.16,3.18,3.06,479174,149349805.0,3.88,2.27,0.07,1.96
2020-07-10,3.16,3.17,3.23,3.15,344075,109449768.0,2.53,0.32,0.01,1.41
2020-07-13,3.16,3.28,3.32,3.16,565682,183398954.0,5.05,3.47,0.11,2.31
2020-07-14,3.27,3.26,3.3,3.22,346385,113065472.0,2.44,-0.61,-0.02,1.42
2020-07-15,3.25,3.26,3.31,3.24,344170,112680477.0,2.15,0.0,0.0,1.41
2020-07-16,3.26,3.22,3.31,3.19,494993,161263672.0,3.68,-1.23,-0.04,2.02
2020-07-17,3.22,3.23,3.28,3.17,289668,93281934.0,3.42,0.31,0.01,1.18
2020-07-20,3.25,3.36,3.36,3.25,523835,174451280.0,3.41,4.02,0.13,2.14
2020-07-21,3.38,3.5,3.67,3.38,664751,232768760.0,8.63,4.17,0.14,2.72
2020-07-22,3.48,3.51,3.56,3.42,531589,186604562.0,4.0,0.29,0.01,2.17
2020-07-23,3.5,3.49,3.55,3.44,306531,107064167.0,3.13,-0.57,-0.02,1.25
2020-07-24,3.52,3.42,3.63,3.39,528555,185995899.0,6.88,-2.01,-0.07,2.16
2020-07-27,3.43,3.46,3.5,3.33,439844,150047584.0,4.97,1.17,0.04,1.8
2020-07-28,3.49,3.41,3.5,3.35,426469,145917397.0,4.34,-1.45,-0.05,1.74
2020-07-29,3.42,3.5,3.5,3.36,413809,143057563.0,4.11,2.64,0.09,1.69
2020-07-30,3.51,3.49,3.58,3.44,439381,154469125.0,4.0,-0.29,-0.01,1.8
2020-07-31,3.49,3.51,3.55,3.42,382121,133224465.0,3.72,0.57,0.02,1.56
2020-08-03,3.51,3.57,3.58,3.49,505380,178869146.0,2.56,1.71,0.06,2.07
2020-08-04,3.58,3.62,3.62,3.53,473680,169963142.0,2.52,1.4,0.05,1.94
2020-08-05,3.63,3.66,3.67,3.59,382096,138824356.0,2.21,1.1,0.04,1.56
2020-08-06,3.67,3.6,3.69,3.59,390913,142088739.0,2.73,-1.64,-0.06,1.6
2020-08-07,3.62,3.56,3.64,3.5,400979,143596855.0,3.89,-1.11,-0.04,1.64
2020-08-10,3.55,3.58,3.61,3.53,459562,164529402.0,2.25,0.56,0.02,1.88
2020-08-11,3.57,3.5,3.6,3.45,608145,212688326.0,4.19,-2.23,-0.08,2.48
2020-08-12,3.48,3.57,3.58,3.45,344438,121486536.0,3.71,2.0,0.07,1.41
2020-08-13,3.58,3.84,3.87,3.57,704059,263708931.0,8.4,7.56,0.27,2.88
2020-08-14,3.82,3.9,3.98,3.78,727966,284556608.0,5.21,1.56,0.06,2.97
2020-08-17,3.9,3.87,3.95,3.84,562716,219448109.0,2.82,-0.77,-0.03,2.3
2020-08-18,3.89,3.94,3.99,3.87,468685,184500792.0,3.1,1.81,0.07,1.92
2020-08-19,3.95,3.89,4.02,3.88,481156,190083873.0,3.55,-1.27,-0.05,1.97
2020-08-20,3.84,3.79,3.93,3.76,408053,156855326.0,4.37,-2.57,-0.1,1.67
2020-08-21,3.82,3.84,3.9,3.76,445164,169398926.0,3.69,1.32,0.05,1.82
2020-08-24,3.84,3.77,3.87,3.75,447399,170494048.0,3.13,-1.82,-0.07,1.83
2020-08-25,3.78,3.74,3.8,3.7,358005,134941898.0,2.65,-0.8,-0.03,1.46
2020-08-26,3.75,3.67,3.78,3.62,296435,109902292.0,4.28,-1.87,-0.07,1.21
2020-08-27,3.67,3.79,3.79,3.65,369575,138044755.0,3.81,3.27,0.12,1.51
2020-08-28,3.8,3.79,3.85,3.73,233417,88391760.0,3.17,0.0,0.0,0.95
2020-08-31,3.79,3.78,3.85,3.76,291279,111000960.0,2.37,-0.26,-0.01,1.19
2020-09-01,3.78,3.8,3.82,3.76,244414,92491419.0,1.59,0.53,0.02,1.0
2020-09-02,3.8,3.79,3.84,3.75,261372,98989450.0,2.37,-0.26,-0.01,1.07
2020-09-03,3.77,3.72,3.82,3.68,229775,86009345.0,3.69,-1.85,-0.07,0.94
2020-09-04,3.68,3.68,3.74,3.64,191748,70548919.0,2.69,-1.08,-0.04,0.78
2020-09-07,3.66,3.61,3.73,3.57,246123,89603528.0,4.35,-1.9,-0.07,1.01
2020-09-08,3.62,3.81,3.85,3.6,491197,184346787.0,6.93,5.54,0.2,2.01
2020-09-09,3.82,3.77,3.86,3.7,480682,182605478.0,4.2,-1.05,-0.04,1.96
2020-09-10,3.76,3.69,3.8,3.66,373567,139792142.0,3.71,-2.12,-0.08,1.53
2020-09-11,3.69,3.67,3.71,3.61,161583,59018766.0,2.71,-0.54,-0.02,0.66
2020-09-14,3.65,3.68,3.71,3.61,201343,73542802.0,2.72,0.27,0.01,0.82
2020-09-15,3.66,3.82,3.84,3.61,417944,157595766.0,6.25,3.8,0.14,1.71
2020-09-16,3.83,3.81,3.87,3.76,330639,126630337.0,2.88,-0.26,-0.01,1.35
2020-09-17,3.82,3.84,3.86,3.77,359940,138007775.0,2.36,0.79,0.03,1.47
2020-09-18,3.83,3.88,3.91,3.81,274560,106319603.0,2.6,1.04,0.04,1.12
2020-09-21,3.88,3.84,3.92,3.81,219766,84924959.0,2.84,-1.03,-0.04,0.9
2020-09-22,3.82,3.81,3.86,3.77,159466,60717459.0,2.34,-0.78,-0.03,0.65
2020-09-23,3.79,3.86,3.87,3.77,229195,87468348.0,2.62,1.31,0.05,0.94
2020-09-24,3.84,3.78,3.84,3.74,239127,90604207.0,2.59,-2.07,-0.08,0.98
2020-09-25,3.77,3.71,3.81,3.69,151377,56474399.0,3.17,-1.85,-0.07,0.62
2020-09-28,3.71,3.9,3.93,3.67,392335,150908270.0,7.01,5.12,0.19,1.6
2020-09-29,3.93,3.87,3.95,3.8,372072,144215163.0,3.85,-0.77,-0.03,1.52
2020-09-30,3.86,3.84,3.91,3.8,195196,75238832.0,2.84,-0.78,-0.03,0.8
2020-10-09,3.88,4.11,4.13,3.86,550350,222008414.0,7.03,7.03,0.27,2.25
2020-10-12,4.16,4.03,4.18,3.96,452626,183218625.0,5.35,-1.95,-0.08,1.85
2020-10-13,4.0,3.98,4.02,3.95,330914,131544181.0,1.74,-1.24,-0.05,1.35
2020-10-14,3.95,3.94,3.98,3.91,234310,92394073.0,1.76,-1.01,-0.04,0.96
2020-10-15,3.91,3.85,3.93,3.85,310899,120709767.0,2.03,-2.28,-0.09,1.27
2020-10-16,3.86,3.82,3.88,3.8,142831,54876692.0,2.08,-0.78,-0.03,0.58
2020-10-19,3.82,3.76,3.85,3.74,109216,41443074.0,2.88,-1.57,-0.06,0.45
2020-10-20,3.76,3.81,3.81,3.7,176515,66320070.0,2.93,1.33,0.05,0.72
2020-10-21,3.81,3.78,3.82,3.75,111352,42006308.0,1.84,-0.79,-0.03,0.45
2020-10-22,3.78,3.77,3.79,3.73,108608,40855899.0,1.59,-0.26,-0.01,0.44
2020-10-23,3.77,3.76,3.81,3.74,66489,25117164.0,1.86,-0.27,-0.01,0.27
2020-10-26,3.76,3.75,3.77,3.71,66575,24904010.0,1.6,-0.27,-0.01,0.27
2020-10-27,3.76,3.77,3.78,3.67,200388,74750857.0,2.93,0.53,0.02,0.82
2020-10-28,3.77,3.75,3.77,3.71,129639,48600097.0,1.59,-0.53,-0.02,0.53
2020-10-29,3.73,3.73,3.76,3.67,185413,68992736.0,2.4,-0.53,-0.02,0.76
2020-10-30,3.73,3.69,3.74,3.67,82672,30682878.0,1.88,-1.07,-0.04,0.34
2020-11-02,3.69,3.72,3.73,3.63,186106,68666725.0,2.71,0.81,0.03,0.76
2020-11-03,3.71,3.76,3.78,3.7,167690,62989126.0,2.15,1.08,0.04,0.69
2020-11-04,3.77,3.73,3.81,3.7,152460,57235487.0,2.93,-0.8,-0.03,0.62
2020-11-05,3.73,3.72,3.75,3.68,103592,38410024.0,1.88,-0.27,-0.01,0.42
2020-11-06,3.72,3.68,3.72,3.65,144070,52934484.0,1.88,-1.08,-0.04,0.59
2020-11-09,3.68,3.63,3.69,3.6,193941,70357345.0,2.45,-1.36,-0.05,0.79
2020-11-10,3.63,3.6,3.64,3.59,107323,38799599.0,1.38,-0.83,-0.03,0.44
2020-11-11,3.6,3.59,3.61,3.52,180214,64180346.0,2.5,-0.28,-0.01,0.74
2020-11-12,3.58,3.62,3.64,3.55,110174,39628884.0,2.51,0.84,0.03,0.45
2020-11-13,3.61,3.58,3.61,3.56,52073,18619626.0,1.38,-1.1,-0.04,0.21
2020-11-16,3.59,3.58,3.6,3.54,119157,42442553.0,1.68,0.0,0.0,0.49
2020-11-17,3.59,3.72,3.73,3.51,256323,92376297.0,6.15,3.91,0.14,1.05
2020-11-18,3.71,3.8,3.83,3.68,234657,88889201.0,4.03,2.15,0.08,0.96
2020-11-19,3.8,3.85,3.86,3.77,247955,94858409.0,2.37,1.32,0.05,1.01
2020-11-20,3.87,3.86,3.89,3.83,109536,42242455.0,1.56,0.26,0.01,0.45
2020-11-23,3.85,3.86,3.88,3.83,133476,51446178.0,1.3,0.0,0.0,0.55
2020-11-24,3.86,3.87,3.9,3.82,177000,68447340.0,2.07,0.26,0.01,0.72
2020-11-25,3.88,3.84,3.89,3.82,144651,55819215.0,1.81,-0.78,-0.03,0.59
2020-11-26,3.83,3.81,3.84,3.78,103454,39473773.0,1.56,-0.78,-0.03,0.42
2020-11-27,3.82,3.87,3.88,3.79,105698,40590460.0,2.36,1.57,0.06,0.43
2020-11-30,3.88,3.83,3.93,3.82,112322,43490580.0,2.84,-1.03,-0.04,0.46
2020-12-01,3.81,3.88,3.9,3.8,173267,67008525.0,2.61,1.31,0.05,0.71
2020-12-02,3.89,3.88,3.9,3.86,114211,44304706.0,1.03,0.0,0.0,0.47
2020-12-03,3.89,3.88,3.89,3.84,107536,41555769.0,1.29,0.0,0.0,0.44
2020-12-04,3.89,3.97,3.98,3.87,278268,109734961.0,2.84,2.32,0.09,1.14
2020-12-07,3.97,4.03,4.05,3.96,241743,97213115.0,2.27,1.51,0.06,0.99
2020-12-08,4.02,3.96,4.05,3.92,192449,76791340.0,3.23,-1.74,-0.07,0.79
2020-12-09,3.96,3.89,3.96,3.87,102155,39898678.0,2.27,-1.77,-0.07,0.42
2020-12-10,3.89,3.82,3.9,3.76,125128,47701273.0,3.6,-1.8,-0.07,0.51
2020-12-11,3.81,3.75,3.84,3.68,233534,87377048.0,4.19,-1.83,-0.07,0.95
2020-12-14,3.75,3.96,3.99,3.72,338293,131901201.0,7.2,5.6,0.21,1.38
2020-12-15,3.97,3.87,4.0,3.84,172198,67205377.0,4.04,-2.27,-0.09,0.7
2020-12-16,3.88,3.84,3.89,3.81,126423,48777333.0,2.07,-0.78,-0.03,0.52
2020-12-17,3.85,3.84,3.87,3.8,122146,46842900.0,1.82,0.0,0.0,0.5
2020-12-18,3.84,3.81,3.86,3.79,85866,32781881.0,1.82,-0.78,-0.03,0.35
2020-12-21,3.78,3.83,3.88,3.77,183222,70170041.0,2.89,0.52,0.02,0.75
2020-12-22,3.82,3.77,3.83,3.75,102413,38703048.0,2.09,-1.57,-0.06,0.42
2020-12-23,3.78,3.82,3.87,3.76,139419,53316206.0,2.92,1.33,0.05,0.57
2020-12-24,3.82,3.78,3.86,3.76,130595,49807302.0,2.62,-1.05,-0.04,0.53
2020-12-25,3.78,3.75,3.81,3.72,93754,35299402.0,2.38,-0.79,-0.03,0.38
2020-12-28,3.75,3.74,3.77,3.68,80649,29977928.0,2.4,-0.27,-0.01,0.33
2020-12-29,3.75,3.73,3.8,3.68,97451,36405778.0,3.21,-0.27,-0.01,0.4
2020-12-30,3.73,3.75,3.75,3.7,109500,40855354.0,1.34,0.54,0.02,0.45
2020-12-31,3.76,3.88,3.91,3.72,221184,84705086.0,5.07,3.47,0.13,0.9
2021-01-04,3.88,3.87,3.88,3.82,110920,42648562.0,1.55,-0.26,-0.01,0.45
2021-01-05,3.85,3.84,3.87,3.81,55500,21280141.0,1.55,-0.78,-0.03,0.23
2021-01-06,3.84,3.87,3.88,3.79,94229,36133761.0,2.34,0.78,0.03,0.39
2021-01-07,3.87,3.82,3.93,3.79,149898,57524024.0,3.62,-1.29,-0.05,0.61
2021-01-08,3.83,3.82,3.84,3.75,140102,53355944.0,2.36,0.0,0.0,0.57
2021-01-11,3.81,3.82,3.83,3.75,98025,37056658.0,2.09,0.0,0.0,0.4
2021-01-12,3.81,3.82,3.83,3.78,137953,52509192.0,1.31,0.0,0.0,0.56
2021-01-13,3.83,3.85,3.89,3.8,178283,68632765.0,2.36,0.79,0.03,0.73
2021-01-14,3.85,3.8,3.86,3.77,84323,32053587.0,2.34,-1.3,-0.05,0.34
2021-01-15,3.79,3.42,3.81,3.42,541963,199304612.0,10.26,-10.0,-0.38,2.21
2021-01-18,3.08,3.08,3.23,3.08,1089078,336313744.0,4.39,-9.94,-0.34,4.45
2021-01-19,2.77,2.77,2.77,2.77,96381,26697537.0,0.0,-10.06,-0.31,0.39
2021-01-20,2.49,2.49,2.49,2.49,78779,19615971.0,0.0,-10.11,-0.28,0.32
2021-01-21,2.24,2.24,2.44,2.24,4575884,1032049440.0,8.03,-10.04,-0.25,18.7
2021-01-22,2.02,2.02,2.1,2.02,4226179,860319584.0,3.57,-9.82,-0.22,17.27
2021-01-25,1.97,1.95,2.04,1.92,2613473,515858688.0,5.94,-3.47,-0.07,10.68
2021-01-26,1.94,1.96,1.98,1.91,1403465,273198128.0,3.59,0.51,0.01,5.73
2021-01-27,1.94,1.88,1.97,1.86,1710577,328463632.0,5.61,-4.08,-0.08,6.99
2021-01-28,1.89,1.9,1.92,1.85,1043884,197574239.0,3.72,1.06,0.02,4.27
2021-01-29,1.91,1.85,1.91,1.8,1581198,292277360.0,5.79,-2.63,-0.05,6.46
2021-02-01,1.83,1.79,1.84,1.77,1362377,245553799.0,3.78,-3.24,-0.06,5.57
2021-02-02,1.79,1.74,1.79,1.69,1709415,296103200.0,5.59,-2.79,-0.05,6.98
2021-02-03,1.72,1.71,1.76,1.69,1293429,221786964.0,4.02,-1.72,-0.03,5.29
2021-02-04,1.69,1.55,1.7,1.54,3519912,554824800.0,9.36,-9.36,-0.16,14.38
2021-02-05,1.54,1.59,1.66,1.54,2692130,431591776.0,7.74,2.58,0.04,11.0
2021-02-08,1.6,1.54,1.61,1.54,1619584,254690869.0,4.4,-3.14,-0.05,6.62
2021-02-09,1.55,1.61,1.65,1.54,1576451,250589507.0,7.14,4.55,0.07,6.44
2021-02-10,1.61,1.61,1.66,1.6,1272409,206807211.0,3.73,0.0,0.0,5.2
2021-02-18,1.64,1.69,1.73,1.6,1863175,309895440.0,8.07,4.97,0.08,7.61
2021-02-19,1.69,1.81,1.84,1.68,2087039,368741536.0,9.47,7.1,0.12,8.53
2021-02-22,1.82,1.9,1.98,1.81,2324636,442228848.0,9.39,4.97,0.09,9.5
2021-02-23,1.91,1.83,1.92,1.82,1532280,284518576.0,5.26,-3.68,-0.07,6.26
2021-02-24,1.84,1.85,1.88,1.82,1128661,208760493.0,3.28,1.09,0.02,4.61
2021-02-25,1.85,1.87,1.93,1.82,2148337,404371344.0,5.95,1.08,0.02,8.78
2021-02-26,1.83,1.85,1.87,1.8,1373599,251840234.0,3.74,-1.07,-0.02,5.61
2021-03-01,1.85,1.9,1.91,1.84,1399233,262618048.0,3.78,2.7,0.05,5.72
2021-03-02,1.91,1.84,1.92,1.83,1371113,255945080.0,4.74,-3.16,-0.06,5.6
2021-03-03,1.84,1.86,1.88,1.82,1252223,231894255.0,3.26,1.09,0.02,5.12
2021-03-04,1.86,2.05,2.05,1.85,2854313,571674512.0,10.75,10.22,0.19,11.66
2021-03-05,2.12,2.26,2.26,2.11,2409269,537416416.0,7.32,10.24,0.21,9.84
2021-03-08,2.33,2.36,2.44,2.07,6823591,1551334768.0,16.37,4.42,0.1,27.88
2021-03-09,2.22,2.12,2.29,2.12,3526037,766531552.0,7.2,-10.17,-0.24,14.41
2021-03-10,2.05,1.95,2.09,1.92,3014488,597908736.0,8.02,-8.02,-0.17,12.32
2021-03-11,1.95,2.03,2.07,1.91,2090534,416767440.0,8.21,4.1,0.08,8.54
2021-03-12,2.0,2.04,2.09,1.99,1784837,363786656.0,4.93,0.49,0.01,7.29
2021-03-15,2.03,1.99,2.04,1.96,1317746,262580366.0,3.92,-2.45,-0.05,5.38
2021-03-16,1.99,2.03,2.03,1.95,1760428,350155136.0,4.02,2.01,0.04,7.19
2021-03-17,2.01,2.02,2.08,1.99,1650802,335710720.0,4.43,-0.49,-0.01,6.75
2021-03-18,2.01,1.97,2.03,1.96,1412488,279797120.0,3.47,-2.48,-0.05,5.77
2021-03-19,1.95,1.92,1.95,1.9,1342707,258459973.0,2.54,-2.54,-0.05,5.49
2021-03-22,1.9,1.93,1.94,1.89,1020652,195708985.0,2.6,0.52,0.01,4.17
2021-03-23,1.91,1.86,1.92,1.85,1278045,239752651.0,3.63,-3.63,-0.07,5.22
2021-03-24,1.83,1.8,1.84,1.79,1132760,204968142.0,2.69,-3.23,-0.06,4.63
2021-03-25,1.79,1.82,1.84,1.78,796061,144598130.0,3.33,1.11,0.02,3.25
2021-03-26,1.81,1.84,1.85,1.8,692196,126776964.0,2.75,1.1,0.02,2.83
2021-03-29,1.84,1.83,1.88,1.82,727857,134254042.0,3.26,-0.54,-0.01,2.97
2021-03-30,1.82,1.81,1.83,1.79,716697,129388364.0,2.19,-1.09,-0.02,2.93
2021-03-31,1.8,1.87,1.9,1.79,1123131,207306198.0,6.08,3.31,0.06,4.59
2021-04-01,1.85,1.9,1.93,1.82,1250993,234334450.0,5.88,1.6,0.03,5.11
2021-04-02,1.89,1.87,1.91,1.86,962010,180997935.0,2.63,-1.58,-0.03,3.93
2021-04-06,1.86,1.87,1.87,1.84,755963,140181934.0,1.6,0.0,0.0,3.09
2021-04-07,1.86,1.92,1.95,1.85,1348437,256030416.0,5.35,2.67,0.05,5.51
2021-04-08,1.9,1.89,1.93,1.88,1131031,214771381.0,2.6,-1.56,-0.03,4.62
2021-04-09,1.88,1.86,1.89,1.85,768851,143810403.0,2.12,-1.59,-0.03,3.14
2021-04-12,1.9,2.05,2.05,1.89,2504077,502790704.0,8.6,10.22,0.19,10.23
2021-04-13,2.13,2.06,2.26,2.04,5150717,1103851136.0,10.73,0.49,0.01,21.05
2021-04-14,2.03,2.07,2.15,1.98,2758617,568438000.0,8.25,0.49,0.01,11.27
2021-04-15,2.0,1.92,2.01,1.91,2400914,464643408.0,4.83,-7.25,-0.15,9.81
2021-04-16,1.9,2.01,2.06,1.9,2264166,450822608.0,8.33,4.69,0.09,9.25
2021-04-19,1.99,1.98,2.06,1.98,1774038,356044992.0,3.98,-1.49,-0.03,7.25
2021-04-20,1.98,1.94,2.0,1.93,1263632,247501891.0,3.54,-2.02,-0.04,5.16
2021-04-21,1.92,1.91,1.94,1.9,911077,174903907.0,2.06,-1.55,-0.03,3.72
2021-04-22,1.91,1.88,1.93,1.87,1041376,197930433.0,3.14,-1.57,-0.03,4.26
2021-04-23,1.88,1.85,1.88,1.83,935479,172697145.0,2.66,-1.6,-0.03,3.82
2021-04-26,1.84,1.82,1.86,1.82,705862,129849623.0,2.16,-1.62,-0.03,2.88
2021-04-27,1.82,1.85,1.86,1.81,661877,121539748.0,2.75,1.65,0.03,2.7
2021-04-28,1.83,1.82,1.84,1.81,552464,100669667.0,1.62,-1.62,-0.03,2.26
2021-04-29,1.82,1.83,1.84,1.81,543126,99311013.0,1.65,0.55,0.01,2.22
2021-04-30,1.83,1.79,1.84,1.78,712675,128901171.0,3.28,-2.19,-0.04,2.91
2021-05-06,1.79,1.82,1.82,1.78,440306,79575765.0,2.23,1.68,0.03,1.8
2021-05-07,1.81,1.84,1.87,1.8,782276,143294423.0,3.85,1.1,0.02,3.2
2021-05-10,1.84,1.85,1.87,1.82,577830,106547443.0,2.72,0.54,0.01,2.36
2021-05-11,1.84,1.89,1.91,1.83,918434,172138476.0,4.32,2.16,0.04,3.75
2021-05-12,1.87,1.87,1.88,1.85,682518,126956804.0,1.59,-1.06,-0.02,2.79
2021-05-13,1.86,1.89,1.95,1.85,1083539,205431480.0,5.35,1.07,0.02,4.43
2021-05-14,1.88,1.88,1.9,1.87,782398,147258600.0,1.59,-0.53,-0.01,3.2
2021-05-17,1.86,1.83,1.87,1.82,742198,136409935.0,2.66,-2.66,-0.05,3.03
2021-05-18,1.82,1.84,1.85,1.82,442409,81122806.0,1.64,0.55,0.01,1.81
2021-05-19,1.84,1.83,1.85,1.82,400715,73399671.0,1.63,-0.54,-0.01,1.64
2021-05-20,1.83,1.81,1.83,1.8,410150,74410354.0,1.64,-1.09,-0.02,1.68
2021-05-21,1.81,1.82,1.84,1.81,347505,63367946.0,1.66,0.55,0.01,1.42
2021-05-24,1.81,1.83,1.84,1.81,394163,72140962.0,1.65,0.55,0.01,1.61
2021-05-25,1.83,1.83,1.84,1.81,547844,100061903.0,1.64,0.0,0.0,2.24
2021-05-26,1.83,1.85,1.87,1.82,739533,136769266.0,2.73,1.09,0.02,3.02
2021-05-27,1.85,1.88,1.88,1.84,753312,140362133.0,2.16,1.62,0.03,3.08
2021-05-28,1.87,1.86,1.88,1.84,620318,115044076.0,2.13,-1.06,-0.02,2.53
2021-05-31,1.85,1.84,1.86,1.83,369846,68094954.0,1.61,-1.08,-0.02,1.51
2021-06-01,1.85,1.87,1.88,1.83,609305,113170586.0,2.72,1.63,0.03,2.49
2021-06-02,1.87,1.85,1.89,1.84,657508,122244704.0,2.67,-1.07,-0.02,2.69
2021-06-03,1.84,1.84,1.87,1.83,499406,92153510.0,2.16,-0.54,-0.01,2.04
2021-06-04,1.85,1.82,1.85,1.82,619392,113330859.0,1.63,-1.09,-0.02,2.53
2021-06-07,1.82,1.8,1.82,1.79,645950,116448162.0,1.65,-1.1,-0.02,2.64
2021-06-08,1.8,1.8,1.82,1.79,489028,88127752.0,1.67,0.0,0.0,2.0
2021-06-09,1.8,1.82,1.84,1.79,554065,100849836.0,2.78,1.11,0.02,2.26
2021-06-10,1.81,1.81,1.82,1.8,500747,90652553.0,1.1,-0.55,-0.01,2.05
2021-06-11,1.81,1.81,1.83,1.8,358511,64968343.0,1.66,0.0,0.0,1.46
2021-06-15,1.81,1.8,1.81,1.75,674099,120525639.0,3.31,-0.55,-0.01,2.75
2021-06-16,1.79,1.79,1.82,1.78,360204,64777768.0,2.22,-0.56,-0.01,1.47
2021-06-17,1.79,1.77,1.8,1.77,364857,64918431.0,1.68,-1.12,-0.02,1.49
2021-06-18,1.77,1.75,1.77,1.74,495026,86698451.0,1.69,-1.13,-0.02,2.02
2021-06-21,1.74,1.75,1.76,1.73,241496,42240532.0,1.71,0.0,0.0,0.99
2021-06-22,1.75,1.77,1.78,1.74,353085,62290916.0,2.29,1.14,0.02,1.44
2021-06-23,1.76,1.75,1.77,1.74,332020,58149393.0,1.69,-1.13,-0.02,1.36
2021-06-24,1.74,1.74,1.75,1.73,278021,48444087.0,1.14,-0.57,-0.01,1.14
2021-06-25,1.74,1.75,1.77,1.73,386331,67564233.0,2.3,0.57,0.01,1.58
2021-06-28,1.75,1.72,1.75,1.71,396220,68699345.0,2.29,-1.71,-0.03,1.62
2021-06-29,1.72,1.7,1.73,1.68,470497,80069013.0,2.91,-1.16,-0.02,1.92
2021-06-30,1.69,1.69,1.71,1.68,286279,48517997.0,1.76,-0.59,-0.01,1.17
2021-07-01,1.69,1.71,1.74,1.68,546158,93164448.0,3.55,1.18,0.02,2.24
2021-07-02,1.7,1.67,1.7,1.67,434717,73198807.0,1.75,-2.34,-0.04,1.78
2021-07-05,1.68,1.68,1.68,1.66,276874,46300134.0,1.2,0.6,0.01,1.14
2021-07-06,1.67,1.7,1.72,1.67,465598,78908815.0,2.98,1.19,0.02,1.91
2021-07-07,1.7,1.7,1.7,1.68,332374,56245829.0,1.18,0.0,0.0,1.36
2021-07-08,1.7,1.68,1.7,1.68,313183,52868355.0,1.18,-1.18,-0.02,1.28
2021-07-09,1.68,1.71,1.71,1.68,351961,59856446.0,1.79,1.79,0.03,1.44
2021-07-12,1.71,1.71,1.74,1.71,434723,74835406.0,1.75,0.0,0.0,1.78
2021-07-13,1.72,1.73,1.74,1.7,472257,81273751.0,2.34,1.17,0.02,1.94
2021-07-14,1.73,1.7,1.74,1.7,353837,60670715.0,2.31,-1.73,-0.03,1.45
2021-07-15,1.67,1.64,1.67,1.62,701359,114895156.0,2.94,-3.53,-0.06,2.88
2021-07-16,1.64,1.64,1.67,1.63,403302,66406286.0,2.44,0.0,0.0,1.65
2021-07-19,1.64,1.64,1.65,1.62,327064,53365117.0,1.83,0.0,0.0,1.34
2021-07-20,1.63,1.62,1.63,1.61,322298,52050001.0,1.22,-1.22,-0.02,1.32
2021-07-21,1.62,1.6,1.63,1.6,340129,54849941.0,1.85,-1.23,-0.02,1.39
2021-07-22,1.61,1.62,1.63,1.6,410374,66454154.0,1.88,1.25,0.02,1.68
2021-07-23,1.62,1.7,1.75,1.61,1088501,181599643.0,8.64,4.94,0.08,4.46
2021-07-26,1.68,1.64,1.68,1.61,708094,116465334.0,4.12,-3.53,-0.06,2.9
2021-07-27,1.63,1.61,1.66,1.61,459594,75167581.0,3.05,-1.83,-0.03,1.88
2021-07-28,1.61,1.57,1.62,1.55,444882,70284373.0,4.35,-2.48,-0.04,1.82
2021-07-29,1.58,1.6,1.61,1.57,335877,53434857.0,2.55,1.91,0.03,1.38
2021-07-30,1.6,1.62,1.62,1.58,334354,53611098.0,2.5,1.25,0.02,1.37
2021-08-02,1.61,1.63,1.64,1.59,406469,65713005.0,3.09,0.62,0.01,1.67
2021-08-03,1.62,1.63,1.66,1.62,369792,60659618.0,2.45,0.0,0.0,1.52
2021-08-04,1.63,1.63,1.64,1.62,227610,37079033.0,1.23,0.0,0.0,0.93
2021-08-05,1.62,1.64,1.68,1.61,518761,85458176.0,4.29,0.61,0.01,2.13
2021-08-06,1.63,1.61,1.63,1.6,318875,51470676.0,1.83,-1.83,-0.03,1.31
2021-08-09,1.61,1.63,1.66,1.6,542721,88699356.0,3.73,1.24,0.02,2.22
2021-08-10,1.64,1.63,1.66,1.62,472354,77437945.0,2.45,0.0,0.0,1.94
2021-08-11,1.64,1.65,1.68,1.63,650877,108106298.0,3.07,1.23,0.02,2.67
2021-08-12,1.66,1.67,1.68,1.64,465193,77302919.0,2.42,1.21,0.02,1.91
2021-08-13,1.67,1.66,1.67,1.65,363639,60260929.0,1.2,-0.6,-0.01,1.49
2021-08-16,1.66,1.67,1.67,1.65,377398,62605932.0,1.2,0.6,0.01,1.55
2021-08-17,1.66,1.62,1.67,1.61,523151,85936294.0,3.59,-2.99,-0.05,2.14
2021-08-18,1.61,1.62,1.63,1.6,306084,49502990.0,1.85,0.0,0.0,1.25
2021-08-19,1.62,1.6,1.63,1.59,431562,69313511.0,2.47,-1.23,-0.02,1.77
2021-08-20,1.6,1.59,1.6,1.57,353357,55912490.0,1.88,-0.63,-0.01,1.45
2021-08-23,1.59,1.6,1.61,1.58,280693,44883577.0,1.89,0.63,0.01,1.15
2021-08-24,1.61,1.6,1.62,1.6,247224,39665644.0,1.25,0.0,0.0,1.01
2021-08-25,1.6,1.62,1.62,1.59,322504,51848555.0,1.88,1.25,0.02,1.32
2021-08-26,1.62,1.64,1.67,1.6,837200,137286584.0,4.32,1.23,0.02,3.43
2021-08-27,1.64,1.62,1.65,1.62,481918,78560134.0,1.83,-1.22,-0.02,1.98
2021-08-30,1.62,1.64,1.65,1.61,461426,75366203.0,2.47,1.23,0.02,1.89
2021-08-31,1.64,1.66,1.68,1.63,717576,118867556.0,3.05,1.22,0.02,2.94
2021-09-01,1.66,1.7,1.75,1.66,1231268,210902910.0,5.42,2.41,0.04,5.05
2021-09-02,1.7,1.72,1.75,1.68,925822,158867723.0,4.12,1.18,0.02,3.8
2021-09-03,1.73,1.74,1.79,1.71,1038920,181242252.0,4.65,1.16,0.02,4.26
2021-09-06,1.73,1.72,1.76,1.71,703436,121342197.0,2.87,-1.15,-0.02,2.88
2021-09-07,1.72,1.77,1.79,1.71,1106073,193846687.0,4.65,2.91,0.05,4.53
2021-09-08,1.77,1.85,1.85,1.76,1572373,286075648.0,5.08,4.52,0.08,6.45
2021-09-09,1.86,1.85,1.87,1.83,1067156,197216154.0,2.16,0.0,0.0,4.37
2021-09-10,1.86,1.82,1.91,1.81,1378478,255766179.0,5.41,-1.62,-0.03,5.65
2021-09-13,1.81,1.85,1.86,1.79,843284,154217996.0,3.85,1.65,0.03,3.46
2021-09-14,1.85,1.79,1.86,1.77,900596,162559193.0,4.86,-3.24,-0.06,3.69
2021-09-15,1.79,1.8,1.81,1.77,579791,104042365.0,2.23,0.56,0.01,2.38
2021-09-16,1.84,1.81,1.96,1.8,1851088,346820752.0,8.89,0.56,0.01,7.59
2021-09-17,1.81,1.76,1.83,1.74,988460,176402579.0,4.97,-2.76,-0.05,4.05
2021-09-22,1.73,1.74,1.75,1.71,660508,114473674.0,2.27,-1.14,-0.02,2.71
2021-09-23,1.77,1.82,1.83,1.77,1073693,193940751.0,3.45,4.6,0.08,4.4
2021-09-24,1.82,1.74,1.83,1.74,800485,142327220.0,4.95,-4.4,-0.08,3.28
2021-09-27,1.75,1.68,1.76,1.67,759172,129480578.0,5.17,-3.45,-0.06,3.11
2021-09-28,1.68,1.71,1.73,1.68,536426,91322688.0,2.98,1.79,0.03,2.2
2021-09-29,1.72,1.69,1.75,1.69,661792,113560977.0,3.51,-1.17,-0.02,2.71
2021-09-30,1.72,1.7,1.72,1.69,446476,75896019.0,1.78,0.59,0.01,1.83
2021-10-08,1.71,1.73,1.74,1.7,647772,111182113.0,2.35,1.76,0.03,2.66
2021-10-11,1.72,1.71,1.74,1.71,416263,71564459.0,1.73,-1.16,-0.02,1.71
2021-10-12,1.71,1.7,1.73,1.69,533356,91084055.0,2.34,-0.58,-0.01,2.19
2021-10-13,1.7,1.68,1.71,1.66,482868,81210433.0,2.94,-1.18,-0.02,1.98
2021-10-14,1.68,1.67,1.69,1.65,343191,57303105.0,2.38,-0.6,-0.01,1.41
2021-10-15,1.65,1.63,1.66,1.62,404915,66353821.0,2.4,-2.4,-0.04,1.66
2021-10-18,1.63,1.66,1.67,1.63,316588,52261320.0,2.45,1.84,0.03,1.3
2021-10-19,1.66,1.65,1.67,1.65,127368,21085983.0,1.2,-0.6,-0.01,0.52
2021-10-20,1.65,1.64,1.65,1.64,124676,20498364.0,0.61,-0.61,-0.01,0.51
2021-10-21,1.64,1.64,1.67,1.64,260022,42868274.0,1.83,0.0,0.0,1.07
2021-10-22,1.64,1.64,1.69,1.63,538964,89350505.0,3.66,0.0,0.0,2.21
2021-10-25,1.62,1.6,1.62,1.58,504834,80785811.0,2.44,-2.44,-0.04,2.07
2021-10-26,1.6,1.59,1.61,1.58,285766,45570896.0,1.88,-0.63,-0.01,1.17
2021-10-27,1.59,1.56,1.59,1.55,351516,55082455.0,2.52,-1.89,-0.03,1.44
2021-10-28,1.56,1.56,1.57,1.55,228509,35641809.0,1.28,0.0,0.0,0.94
2021-10-29,1.56,1.58,1.59,1.56,249285,39260266.0,1.92,1.28,0.02,1.02
2021-11-01,1.58,1.58,1.59,1.57,192542,30428313.0,1.27,0.0,0.0,0.79
2021-11-02,1.58,1.55,1.59,1.54,319817,49925421.0,3.16,-1.9,-0.03,1.31
2021-11-03,1.55,1.57,1.57,1.55,129962,20301930.0,1.29,1.29,0.02,0.53
2021-11-04,1.57,1.57,1.57,1.56,121406,19004147.0,0.64,0.0,0.0,0.5
2021-11-05,1.57,1.56,1.57,1.55,239578,37345755.0,1.27,-0.64,-0.01,0.98
2021-11-08,1.56,1.56,1.57,1.55,123306,19256456.0,1.28,0.0,0.0,0.51
2021-11-09,1.57,1.57,1.58,1.56,202062,31754621.0,1.28,0.64,0.01,0.83
2021-11-10,1.57,1.6,1.6,1.56,335492,53090062.0,2.55,1.91,0.03,1.38
2021-11-11,1.59,1.65,1.67,1.59,674313,110735172.0,5.0,3.13,0.05,2.76
2021-11-12,1.65,1.62,1.65,1.61,375582,61113739.0,2.42,-1.82,-0.03,1.54
2021-11-15,1.62,1.63,1.64,1.61,321624,52372000.0,1.85,0.62,0.01,1.32
2021-11-16,1.64,1.64,1.66,1.63,349069,57496462.0,1.84,0.61,0.01,1.43
2021-11-17,1.64,1.63,1.65,1.63,217435,35551294.0,1.22,-0.61,-0.01,0.89
2021-11-18,1.64,1.63,1.64,1.62,234940,38307374.0,1.23,0.0,0.0,0.96
2021-11-19,1.63,1.65,1.66,1.62,298885,48857493.0,2.45,1.23,0.02,1.23
2021-11-22,1.65,1.63,1.65,1.62,257594,42107589.0,1.82,-1.21,-0.02,1.06
2021-11-23,1.62,1.63,1.64,1.62,189384,30900531.0,1.23,0.0,0.0,0.78
2021-11-24,1.64,1.65,1.67,1.63,390224,64368568.0,2.45,1.23,0.02,1.6
2021-11-25,1.65,1.65,1.67,1.64,252518,41684411.0,1.82,0.0,0.0,1.04
2021-11-26,1.64,1.63,1.65,1.62,223493,36438795.0,1.82,-1.21,-0.02,0.92
2021-11-29,1.62,1.61,1.62,1.6,232851,37463885.0,1.23,-1.23,-0.02,0.95
2021-11-30,1.61,1.62,1.63,1.61,189990,30718808.0,1.24,0.62,0.01,0.78
2021-12-01,1.61,1.64,1.64,1.6,261352,42445325.0,2.47,1.23,0.02,1.07
2021-12-02,1.63,1.65,1.66,1.63,405419,66785317.0,1.83,0.61,0.01,1.66
2021-12-03,1.65,1.65,1.66,1.63,296139,48711432.0,1.82,0.0,0.0,1.21
2021-12-06,1.65,1.64,1.67,1.63,546810,90529016.0,2.42,-0.61,-0.01,2.24
2021-12-07,1.66,1.67,1.7,1.64,827550,138032896.0,3.66,1.83,0.03,3.39
2021-12-08,1.67,1.65,1.67,1.64,443825,73330675.0,1.8,-1.2,-0.02,1.82
2021-12-09,1.64,1.66,1.67,1.63,515747,85353386.0,2.42,0.61,0.01,2.11
2021-12-10,1.65,1.66,1.69,1.65,610102,101942572.0,2.41,0.0,0.0,2.5
2021-12-13,1.67,1.64,1.67,1.64,356200,58917722.0,1.81,-1.2,-0.02,1.46
2021-12-14,1.64,1.63,1.65,1.62,307341,50180933.0,1.83,-0.61,-0.01,1.26
2021-12-15,1.63,1.69,1.76,1.63,1233384,209269389.0,7.98,3.68,0.06,5.06
2021-12-16,1.69,1.7,1.73,1.68,715559,121490467.0,2.96,0.59,0.01,2.93
2021-12-17,1.7,1.71,1.75,1.69,820040,141326814.0,3.53,0.59,0.01,3.36
2021-12-20,1.73,1.78,1.84,1.72,1563035,278139840.0,7.02,4.09,0.07,6.41
2021-12-21,1.77,1.96,1.96,1.75,3118380,590199344.0,11.8,10.11,0.18,12.78
2021-12-22,2.16,1.89,2.16,1.88,4338981,878487040.0,14.29,-3.57,-0.07,17.79
2021-12-23,1.89,1.89,1.96,1.85,2782160,528526656.0,5.82,0.0,0.0,11.41
2021-12-24,1.85,1.78,1.87,1.76,1955039,352372656.0,5.82,-5.82,-0.11,8.01
2021-12-27,1.77,1.77,1.81,1.75,942836,167210127.0,3.37,-0.56,-0.01,3.87
2021-12-28,1.76,1.75,1.77,1.72,835259,145011176.0,2.82,-1.13,-0.02,3.42
2021-12-29,1.74,1.73,1.75,1.71,540943,93741922.0,2.29,-1.14,-0.02,2.22
2021-12-30,1.73,1.73,1.76,1.72,545095,94771172.0,2.31,0.0,0.0,2.23
2021-12-31,1.73,1.74,1.76,1.72,624755,108724733.0,2.31,0.58,0.01,2.56
2022-01-04,1.73,1.77,1.79,1.72,909551,160312585.0,4.02,1.72,0.03,3.73
2022-01-05,1.78,1.78,1.8,1.76,818257,145673820.0,2.26,0.56,0.01,3.35
2022-01-06,1.77,1.81,1.84,1.76,1073453,194849339.0,4.49,1.69,0.03,4.4
2022-01-07,1.82,1.86,1.94,1.82,1749772,329707344.0,6.63,2.76,0.05,7.17
2022-01-10,1.85,1.89,1.9,1.83,1267540,236425148.0,3.76,1.61,0.03,5.2
2022-01-11,1.89,1.9,1.97,1.87,1500029,287620560.0,5.29,0.53,0.01,6.15
2022-01-12,1.89,1.88,1.91,1.84,1126734,210869216.0,3.68,-1.05,-0.02,4.62
2022-01-13,1.88,1.9,1.97,1.87,1414587,272092080.0,5.32,1.06,0.02,5.8
2022-01-14,1.89,1.81,1.9,1.81,1034984,191078907.0,4.74,-4.74,-0.09,4.24
2022-01-17,1.83,1.81,1.85,1.8,652417,118441722.0,2.76,0.0,0.0,2.67
2022-01-18,1.78,1.78,1.81,1.76,805779,143627709.0,2.76,-1.66,-0.03,3.3
2022-01-19,1.77,1.79,1.81,1.76,621444,111455429.0,2.81,0.56,0.01,2.55
2022-01-20,1.81,1.78,1.84,1.78,901013,163380384.0,3.35,-0.56,-0.01,3.69
2022-01-21,1.76,1.75,1.79,1.73,723230,127030858.0,3.37,-1.69,-0.03,2.96
2022-01-24,1.75,1.76,1.78,1.72,541919,94785943.0,3.43,0.57,0.01,2.22
2022-01-25,1.75,1.69,1.76,1.67,771790,132567734.0,5.11,-3.98,-0.07,3.16
2022-01-26,1.68,1.74,1.75,1.68,612193,104907490.0,4.14,2.96,0.05,2.51
2022-01-27,1.74,1.69,1.74,1.68,519977,88528716.0,3.45,-2.87,-0.05,2.13
2022-01-28,1.68,1.71,1.72,1.66,499476,84589127.0,3.55,1.18,0.02,2.05
2022-02-07,1.6,1.65,1.65,1.6,892176,145003714.0,2.92,-3.51,-0.06,3.66
2022-02-08,1.64,1.74,1.76,1.63,1049313,179258192.0,7.88,5.45,0.09,4.3
2022-02-09,1.75,1.77,1.8,1.72,864031,152912151.0,4.6,1.72,0.03,3.54
2022-02-10,1.77,1.77,1.78,1.73,568954,99859725.0,2.82,0.0,0.0,2.33
2022-02-11,1.8,1.77,1.84,1.76,1297436,233023905.0,4.52,0.0,0.0,5.32
2022-02-14,1.77,1.72,1.78,1.71,855784,148201157.0,3.95,-2.82,-0.05,3.51
2022-02-15,1.72,1.7,1.72,1.68,574775,97666448.0,2.33,-1.16,-0.02,2.36
2022-02-16,1.7,1.71,1.73,1.69,416763,71267187.0,2.35,0.59,0.01,1.71
2022-02-17,1.71,1.69,1.72,1.68,510403,86571039.0,2.34,-1.17,-0.02,2.09
2022-02-18,1.68,1.74,1.75,1.67,718116,123190349.0,4.73,2.96,0.05,2.94
2022-02-21,1.74,1.78,1.79,1.73,782822,137332313.0,3.45,2.3,0.04,3.21
2022-02-22,1.79,1.75,1.8,1.74,727597,128925119.0,3.37,-1.69,-0.03,2.98
2022-02-23,1.76,1.73,1.78,1.72,613876,106902296.0,3.43,-1.14,-0.02,2.52
2022-02-24,1.72,1.67,1.75,1.64,868293,147193581.0,6.36,-3.47,-0.06,3.56
2022-02-25,1.68,1.66,1.7,1.66,609086,102178326.0,2.4,-0.6,-0.01,2.5
2022-02-28,1.66,1.67,1.67,1.64,448599,74191238.0,1.81,0.6,0.01,1.84
2022-03-01,1.66,1.68,1.69,1.66,388384,65072187.0,1.8,0.6,0.01,1.59
2022-03-02,1.68,1.7,1.72,1.67,503471,85599498.0,2.98,1.19,0.02,2.06
2022-03-03,1.72,1.75,1.76,1.7,849235,147799728.0,3.53,2.94,0.05,3.48
2022-03-04,1.76,1.7,1.77,1.69,664409,114179483.0,4.57,-2.86,-0.05,2.72
2022-03-07,1.7,1.7,1.73,1.69,646983,110653218.0,2.35,0.0,0.0,2.65
2022-03-08,1.71,1.65,1.71,1.64,631759,105292151.0,4.12,-2.94,-0.05,2.59
2022-03-09,1.65,1.62,1.67,1.56,707574,115062683.0,6.67,-1.82,-0.03,2.9
2022-03-10,1.64,1.66,1.67,1.63,463919,76628326.0,2.47,2.47,0.04,1.9
2022-03-11,1.64,1.66,1.66,1.61,531517,86779789.0,3.01,0.0,0.0,2.18
2022-03-14,1.65,1.64,1.68,1.63,614262,101977245.0,3.01,-1.2,-0.02,2.52
2022-03-15,1.63,1.57,1.64,1.57,627586,100533334.0,4.27,-4.27,-0.07,2.57
2022-03-16,1.58,1.62,1.63,1.55,637557,101427896.0,5.1,3.18,0.05,2.61
2022-03-17,1.67,1.69,1.74,1.64,1236200,208902900.0,6.17,4.32,0.07,5.07
2022-03-18,1.67,1.75,1.76,1.66,1123024,192151246.0,5.92,3.55,0.06,4.6
2022-03-21,1.73,1.84,1.93,1.72,2995665,551008352.0,12.0,5.14,0.09,12.28
2022-03-22,1.8,1.88,1.92,1.77,2914878,538513680.0,8.15,2.17,0.04,11.95
2022-03-23,1.85,2.07,2.07,1.83,4520044,896504816.0,12.77,10.11,0.19,18.53
2022-03-24,1.99,1.91,2.09,1.86,4886933,964461904.0,11.11,-7.73,-0.16,20.03
2022-03-25,1.81,1.92,2.05,1.78,3774424,706524032.0,14.14,0.52,0.01,15.47
2022-03-28,1.86,2.0,2.09,1.85,3827516,759585216.0,12.5,4.17,0.08,15.69
2022-03-29,1.95,2.2,2.2,1.89,4052739,821558544.0,15.5,10.0,0.2,16.61
2022-03-30,2.21,2.26,2.42,2.13,7067668,1596551024.0,13.18,2.73,0.06,28.97
2022-03-31,2.16,2.15,2.3,2.1,5157495,1123421664.0,8.85,-4.87,-0.11,21.14
2022-04-01,2.09,2.12,2.19,2.04,3430917,725134384.0,6.98,-1.4,-0.03,14.07
2022-04-06,2.11,2.14,2.18,2.1,2994041,642174768.0,3.77,0.94,0.02,12.27
2022-04-07,2.09,2.01,2.12,1.98,2880448,588650944.0,6.54,-6.07,-0.13,11.81
2022-04-08,2.01,2.05,2.08,1.94,2899148,587635216.0,6.97,1.99,0.04,11.89
2022-04-11,1.99,1.92,2.02,1.88,2232097,431985904.0,6.83,-6.34,-0.13,9.15
2022-04-12,1.91,1.91,1.98,1.87,1797657,347034384.0,5.73,-0.52,-0.01,7.37
2022-04-13,1.89,1.82,1.92,1.82,1913066,357052288.0,5.24,-4.71,-0.09,7.84
2022-04-14,1.84,1.89,1.93,1.83,1913141,360185904.0,5.49,3.85,0.07,7.84
2022-04-15,1.88,1.86,1.92,1.84,1434083,270437040.0,4.23,-1.59,-0.03,5.88
2022-04-18,1.85,1.83,1.93,1.81,1174661,218781107.0,6.45,-1.61,-0.03,4.82
2022-04-19,1.81,1.85,1.87,1.8,1131208,206822744.0,3.83,1.09,0.02,4.64
2022-04-20,1.84,1.76,1.85,1.73,1382711,245808074.0,6.49,-4.86,-0.09,5.67
2022-04-21,1.75,1.66,1.77,1.65,1432221,242973513.0,6.82,-5.68,-0.1,5.87
2022-04-22,1.67,1.65,1.7,1.65,975423,163015566.0,3.01,-0.6,-0.01,4.0
2022-04-25,1.64,1.56,1.65,1.55,1400686,224003671.0,6.06,-5.45,-0.09,5.74
2022-04-26,1.58,1.54,1.6,1.53,1285350,200757102.0,4.49,-1.28,-0.02,5.27
2022-04-27,1.49,1.54,1.55,1.45,1206807,180009343.0,6.49,0.0,0.0,4.95
2022-04-28,1.53,1.53,1.55,1.48,1034901,157097288.0,4.55,-0.65,-0.01,4.24
2022-04-29,1.52,1.57,1.59,1.51,1025623,159124670.0,5.23,2.61,0.04,4.2
2022-05-05,1.58,1.6,1.64,1.56,1001640,159585601.0,5.1,1.91,0.03,4.11
2022-05-06,1.56,1.54,1.58,1.53,752638,116894741.0,3.13,-3.75,-0.06,3.09
2022-05-09,1.55,1.6,1.62,1.54,927203,147911615.0,5.19,3.9,0.06,3.8
2022-05-10,1.59,1.61,1.62,1.57,710368,113740757.0,3.13,0.63,0.01,2.91
2022-05-11,1.62,1.59,1.64,1.58,992794,159346848.0,3.73,-1.24,-0.02,4.07
2022-05-12,1.57,1.58,1.6,1.55,707870,111618029.0,3.14,-0.63,-0.01,2.9
2022-05-13,1.58,1.64,1.65,1.56,1318319,212843760.0,5.7,3.8,0.06,5.4
2022-05-16,1.69,1.69,1.72,1.63,1307485,219144995.0,5.49,3.05,0.05,5.36
2022-05-17,1.68,1.65,1.69,1.64,727918,120399645.0,2.96,-2.37,-0.04,2.98
2022-05-18,1.65,1.66,1.7,1.64,701103,116660439.0,3.64,0.61,0.01,2.87
2022-05-19,1.64,1.69,1.7,1.62,920248,154392881.0,4.82,1.81,0.03,3.77
2022-05-20,1.69,1.67,1.7,1.67,729068,122529903.0,1.78,-1.18,-0.02,2.99
2022-05-23,1.68,1.68,1.7,1.67,564644,94888658.0,1.8,0.6,0.01,2.31
2022-05-24,1.69,1.61,1.69,1.6,769607,126475220.0,5.36,-4.17,-0.07,3.16
2022-05-25,1.61,1.63,1.64,1.59,518129,84188491.0,3.11,1.24,0.02,2.12
2022-05-26,1.64,1.65,1.67,1.63,557831,92026006.0,2.45,1.23,0.02,2.29
2022-05-27,1.65,1.64,1.68,1.63,604097,99590599.0,3.03,-0.61,-0.01,2.48
2022-05-30,1.65,1.63,1.66,1.62,580962,95056494.0,2.44,-0.61,-0.01,2.38
2022-05-31,1.63,1.63,1.64,1.61,548114,88768575.0,1.84,0.0,0.0,2.25
2022-06-01,1.62,1.61,1.63,1.6,592171,95746264.0,1.84,-1.23,-0.02,2.43
2022-06-02,1.61,1.59,1.62,1.59,470421,75443099.0,1.86,-1.24,-0.02,1.93
2022-06-06,1.59,1.6,1.61,1.58,550207,87720470.0,1.89,0.63,0.01,2.26
2022-06-07,1.59,1.62,1.62,1.58,724268,116059732.0,2.5,1.25,0.02,2.97
2022-06-08,1.61,1.6,1.62,1.58,615594,98114688.0,2.47,-1.23,-0.02,2.52
2022-06-09,1.59,1.58,1.61,1.58,438677,69800353.0,1.88,-1.25,-0.02,1.8
2022-06-10,1.58,1.58,1.59,1.56,626585,98544671.0,1.9,0.0,0.0,2.57
2022-06-13,1.57,1.54,1.57,1.53,583653,90510076.0,2.53,-2.53,-0.04,2.39
2022-06-14,1.53,1.59,1.6,1.52,815893,127323904.0,5.19,3.25,0.05,3.34
2022-06-15,1.58,1.6,1.63,1.57,981150,157394960.0,3.77,0.63,0.01,4.02
2022-06-16,1.6,1.6,1.62,1.59,618018,98968050.0,1.88,0.0,0.0,2.53
2022-06-17,1.59,1.59,1.61,1.57,498117,79207173.0,2.5,-0.63,-0.01,2.04
2022-06-20,1.59,1.59,1.61,1.58,448600,71677786.0,1.89,0.0,0.0,1.84
2022-06-21,1.6,1.62,1.64,1.59,706629,114690958.0,3.14,1.89,0.03,2.9
2022-06-22,1.61,1.6,1.63,1.6,490171,79104935.0,1.85,-1.23,-0.02,2.01
2022-06-23,1.61,1.62,1.64,1.59,458917,74162270.0,3.13,1.25,0.02,1.88
2022-06-24,1.63,1.61,1.63,1.6,403749,65130632.0,1.85,-0.62,-0.01,1.66
2022-06-27,1.61,1.62,1.63,1.6,667625,107717787.0,1.86,0.62,0.01,2.74
2022-06-28,1.61,1.61,1.62,1.6,537797,86517335.0,1.23,-0.62,-0.01,2.2
2022-06-29,1.61,1.61,1.64,1.6,921184,149437395.0,2.48,0.0,0.0,3.78
2022-06-30,1.62,1.6,1.62,1.59,683615,109783753.0,1.86,-0.62,-0.01,2.8
2022-07-01,1.6,1.58,1.61,1.57,657964,104322285.0,2.5,-1.25,-0.02,2.7
2022-07-04,1.58,1.57,1.58,1.56,466966,73198698.0,1.27,-0.63,-0.01,1.91
2022-07-05,1.56,1.56,1.58,1.55,506094,79185859.0,1.91,-0.64,-0.01,2.07
2022-07-06,1.56,1.55,1.57,1.54,380579,59091872.0,1.92,-0.64,-0.01,1.56
2022-07-07,1.55,1.56,1.58,1.55,333593,52208683.0,1.94,0.65,0.01,1.37
2022-07-08,1.57,1.56,1.58,1.55,364771,57051720.04,1.92,0.0,0.0,1.5
2022-07-11,1.56,1.55,1.57,1.54,389288,60509203.2,1.92,-0.64,-0.01,1.6
2022-07-12,1.55,1.56,1.57,1.54,362198,56333372.85,1.94,0.65,0.01,1.48
2022-07-13,1.56,1.57,1.61,1.55,780536,123093508.88,3.85,0.64,0.01,3.2
2022-07-14,1.57,1.53,1.57,1.52,777156,119835119.45,3.18,-2.55,-0.04,3.19
2022-07-15,1.52,1.45,1.53,1.44,939090,137839228.78,5.88,-5.23,-0.08,3.85
2022-07-18,1.45,1.51,1.52,1.44,903327,134797962.16,5.52,4.14,0.06,3.7
2022-07-19,1.51,1.52,1.53,1.5,537270,81315091.55,1.99,0.66,0.01,2.2
2022-07-20,1.52,1.51,1.53,1.51,352335,53433092.6,1.32,-0.66,-0.01,1.44
2022-07-21,1.52,1.5,1.52,1.5,373604,56348556.0,1.32,-0.66,-0.01,1.53
2022-07-22,1.5,1.52,1.53,1.5,339777,51469986.33,2.0,1.33,0.02,1.39
2022-07-25,1.52,1.53,1.55,1.51,462019,70799202.0,2.63,0.66,0.01,1.89
2022-07-26,1.52,1.59,1.62,1.52,1252664,197266186.02,6.54,3.92,0.06,5.14
2022-07-27,1.59,1.59,1.61,1.57,866753,137903405.11,2.52,0.0,0.0,3.55
2022-07-28,1.6,1.6,1.63,1.59,949157,152673329.67,2.52,0.63,0.01,3.89
2022-07-29,1.61,1.59,1.61,1.59,580913,92915929.84,1.25,-0.63,-0.01,2.38
2022-08-01,1.6,1.57,1.6,1.56,416186,65667243.49,2.52,-1.26,-0.02,1.71
2022-08-02,1.57,1.5,1.57,1.48,703640,106237589.29,5.73,-4.46,-0.07,2.88
2022-08-03,1.51,1.48,1.53,1.48,524261,78453076.0,3.33,-1.33,-0.02,2.15
2022-08-04,1.48,1.48,1.5,1.46,438659,64882712.75,2.7,0.0,0.0,1.8
2022-08-05,1.48,1.5,1.5,1.47,392494,58169081.1,2.03,1.35,0.02,1.61
2022-08-08,1.49,1.53,1.57,1.49,743399,113482546.74,5.33,2.0,0.03,3.05
2022-08-09,1.51,1.5,1.53,1.49,620865,93186763.66,2.61,-1.96,-0.03,2.55
2022-08-10,1.5,1.49,1.5,1.47,483330,71639691.0,2.0,-0.67,-0.01,1.98
2022-08-11,1.49,1.5,1.51,1.48,493622,73999748.49,2.01,0.67,0.01,2.02
2022-08-12,1.51,1.52,1.53,1.49,587824,88907453.12,2.67,1.33,0.02,2.41
2022-08-15,1.53,1.51,1.54,1.5,556064,84360315.0,2.63,-0.66,-0.01,2.28
2022-08-16,1.51,1.55,1.56,1.51,886340,136523038.45,3.31,2.65,0.04,3.63
2022-08-17,1.55,1.58,1.59,1.55,822528,129364324.88,2.58,1.94,0.03,3.37
2022-08-18,1.58,1.54,1.58,1.54,503515,78157335.05,2.53,-2.53,-0.04,2.06
2022-08-19,1.54,1.55,1.58,1.54,431946,67520982.4,2.6,0.65,0.01,1.77
2022-08-22,1.55,1.56,1.58,1.55,498958,78021129.0,1.94,0.65,0.01,2.05
2022-08-23,1.56,1.56,1.57,1.54,264559,41022812.0,1.92,0.0,0.0,1.08
2022-08-24,1.55,1.53,1.57,1.53,384047,59288167.66,2.56,-1.92,-0.03,1.57
2022-08-25,1.53,1.53,1.55,1.51,441558,67299850.95,2.61,0.0,0.0,1.81
2022-08-26,1.53,1.5,1.53,1.5,372434,56436899.0,1.96,-1.96,-0.03,1.53
2022-08-29,1.49,1.51,1.52,1.48,366999,55035862.0,2.67,0.67,0.01,1.5
2022-08-30,1.51,1.53,1.55,1.51,475513,72771103.41,2.65,1.32,0.02,1.95
2022-08-31,1.53,1.5,1.55,1.5,481364,73165814.9,3.27,-1.96,-0.03,1.97
2022-09-01,1.5,1.54,1.56,1.5,810663,124441901.55,4.0,2.67,0.04,3.32
2022-09-02,1.54,1.55,1.56,1.53,470996,72731182.15,1.95,0.65,0.01,1.93
2022-09-05,1.55,1.58,1.59,1.54,676027,106088389.84,3.23,1.94,0.03,2.77
2022-09-06,1.59,1.6,1.63,1.58,769368,123414041.36,3.16,1.27,0.02,3.15
2022-09-07,1.6,1.64,1.67,1.59,1161058,190221939.22,5.0,2.5,0.04,4.76
2022-09-08,1.64,1.62,1.67,1.61,611792,99783897.52,3.66,-1.22,-0.02,2.51
2022-09-09,1.62,1.64,1.66,1.61,579446,95085835.39,3.09,1.23,0.02,2.38
2022-09-13,1.65,1.6,1.65,1.58,535988,86321732.56,4.27,-2.44,-0.04,2.2
2022-09-14,1.58,1.58,1.62,1.57,406428,64916443.32,3.13,-1.25,-0.02,1.67
2022-09-15,1.59,1.61,1.63,1.58,659289,105884639.8,3.16,1.9,0.03,2.7
2022-09-16,1.61,1.55,1.64,1.55,641429,102117432.1,5.59,-3.73,-0.06,2.63
2022-09-19,1.55,1.53,1.55,1.51,489645,74955785.0,2.58,-1.29,-0.02,2.01
2022-09-20,1.54,1.57,1.61,1.53,575485,90774969.8,5.23,2.61,0.04,2.36
2022-09-21,1.56,1.66,1.71,1.53,1317578,214218475.47,11.46,5.73,0.09,5.4
2022-09-22,1.68,1.63,1.75,1.62,1527652,254145219.88,7.83,-1.81,-0.03,6.26
2022-09-23,1.59,1.69,1.79,1.59,3350295,579751123.16,12.27,3.68,0.06,13.73
2022-09-26,1.68,1.62,1.74,1.6,2215606,366746735.11,8.28,-4.14,-0.07,9.08
2022-09-27,1.6,1.59,1.62,1.54,1517029,238161463.27,4.94,-1.85,-0.03,6.22
2022-09-28,1.58,1.54,1.59,1.53,1034757,161038433.28,3.77,-3.14,-0.05,4.24
2022-09-29,1.55,1.48,1.56,1.48,1057872,159176464.16,5.19,-3.9,-0.06,4.34
2022-09-30,1.49,1.49,1.52,1.47,849349,126814429.04,3.38,0.68,0.01,3.48
2022-10-10,1.51,1.47,1.53,1.46,875759,131382606.48,4.7,-1.34,-0.02,3.59
2022-10-11,1.48,1.44,1.48,1.41,770655,110745498.49,4.76,-2.04,-0.03,3.16
2022-10-12,1.42,1.48,1.48,1.41,791601,113729355.02,4.86,2.78,0.04,3.25
2022-10-13,1.46,1.45,1.47,1.43,681722,98587548.46,2.7,-2.03,-0.03,2.79
2022-10-14,1.44,1.46,1.48,1.44,603280,88374019.34,2.76,0.69,0.01,2.47
2022-10-17,1.45,1.48,1.48,1.43,634896,92665547.44,3.42,1.37,0.02,2.6
2022-10-18,1.48,1.45,1.49,1.45,784898,114882331.39,2.7,-2.03,-0.03,3.22
2022-10-19,1.44,1.44,1.46,1.43,606684,87582867.24,2.07,-0.69,-0.01,2.49
2022-10-20,1.43,1.43,1.45,1.41,634175,90566814.32,2.78,-0.69,-0.01,2.6
2022-10-21,1.43,1.43,1.45,1.42,574336,82422895.38,2.1,0.0,0.0,2.35
2022-10-24,1.43,1.38,1.44,1.37,857288,120208283.61,4.9,-3.5,-0.05,3.51
2022-10-25,1.38,1.37,1.38,1.35,474046,64616217.0,2.17,-0.72,-0.01,1.94
2022-10-26,1.37,1.37,1.39,1.36,375494,51621913.37,2.19,0.0,0.0,1.54
2022-10-27,1.37,1.36,1.38,1.36,309158,42336994.05,1.46,-0.73,-0.01,1.27
2022-10-28,1.35,1.3,1.36,1.29,600754,79466432.58,5.15,-4.41,-0.06,2.46
2022-10-31,1.3,1.28,1.3,1.26,432438,55512410.68,3.08,-1.54,-0.02,1.77
2022-11-01,1.28,1.3,1.31,1.28,384757,49779650.9,2.34,1.56,0.02,1.58
2022-11-02,1.3,1.31,1.32,1.29,404370,52972221.49,2.31,0.77,0.01,1.66
2022-11-03,1.3,1.3,1.32,1.3,282108,36861554.05,1.53,-0.76,-0.01,1.16
2022-11-04,1.3,1.33,1.33,1.3,370775,48887620.26,2.31,2.31,0.03,1.52
2022-11-07,1.32,1.35,1.36,1.32,488668,65535056.13,3.01,1.5,0.02,2.0
2022-11-08,1.35,1.35,1.36,1.33,327944,44049332.92,2.22,0.0,0.0,1.34
2022-11-09,1.35,1.37,1.39,1.34,654359,89955464.78,3.7,1.48,0.02,2.68
2022-11-10,1.36,1.38,1.39,1.35,535471,73662848.31,2.92,0.73,0.01,2.2
2022-11-11,1.4,1.44,1.48,1.39,1329900,190723966.41,6.52,4.35,0.06,5.45
2022-11-14,1.47,1.47,1.51,1.44,1280467,188146880.05,4.86,2.08,0.03,5.25
2022-11-15,1.47,1.5,1.51,1.46,1069253,159315068.89,3.4,2.04,0.03,4.38
2022-11-16,1.5,1.49,1.52,1.47,933986,139837896.61,3.33,-0.67,-0.01,3.83
2022-11-17,1.48,1.51,1.52,1.47,859077,128969632.65,3.36,1.34,0.02,3.52
2022-11-18,1.51,1.47,1.52,1.47,671170,100068199.19,3.31,-2.65,-0.04,2.75
2022-11-21,1.48,1.45,1.48,1.43,562018,81387451.85,3.4,-1.36,-0.02,2.3
2022-11-22,1.46,1.43,1.48,1.42,531066,76677681.8,4.14,-1.38,-0.02,2.18
2022-11-23,1.43,1.42,1.43,1.4,370559,52467377.81,2.1,-0.7,-0.01,1.52
2022-11-24,1.43,1.46,1.47,1.43,658854,95589376.8,2.82,2.82,0.04,2.7
2022-11-25,1.46,1.51,1.53,1.45,1106573,165973251.0,5.48,3.42,0.05,4.54
2022-11-28,1.49,1.52,1.53,1.47,833992,125558358.0,3.97,0.66,0.01,3.42
2022-11-29,1.62,1.62,1.65,1.55,1597557,254913406.4,6.58,6.58,0.1,6.55
2022-11-30,1.61,1.65,1.67,1.6,1817113,297549456.83,4.32,1.85,0.03,7.45
2022-12-01,1.63,1.6,1.65,1.58,1078799,173508171.0,4.24,-3.03,-0.05,4.42
2022-12-02,1.59,1.58,1.59,1.55,732572,115081172.0,2.5,-1.25,-0.02,3.0
2022-12-05,1.58,1.6,1.63,1.58,647032,103576901.0,3.16,1.27,0.02,2.65
2022-12-06,1.59,1.57,1.6,1.55,467141,73319891.8,3.13,-1.88,-0.03,1.92
2022-12-07,1.58,1.56,1.6,1.53,550493,86055938.08,4.46,-0.64,-0.01,2.26
2022-12-08,1.57,1.56,1.58,1.54,476759,74316943.16,2.56,0.0,0.0,1.95
2022-12-09,1.56,1.55,1.6,1.55,573127,89876969.0,3.21,-0.64,-0.01,2.35
2022-12-12,1.55,1.51,1.57,1.51,528830,81155025.4,3.87,-2.58,-0.04,2.17
2022-12-13,1.51,1.55,1.56,1.51,491018,75642479.4,3.31,2.65,0.04,2.01
2022-12-14,1.54,1.5,1.55,1.49,443519,67148413.0,3.87,-3.23,-0.05,1.82
2022-12-15,1.49,1.51,1.52,1.48,348688,52299404.5,2.67,0.67,0.01,1.43
2022-12-16,1.51,1.51,1.54,1.5,606442,92128886.53,2.65,0.0,0.0,2.49
2022-12-19,1.52,1.49,1.54,1.47,517458,77603553.47,4.64,-1.32,-0.02,2.12
2022-12-20,1.48,1.46,1.49,1.43,385031,56150201.0,4.03,-2.01,-0.03,1.58
2022-12-21,1.46,1.45,1.47,1.44,324022,47113274.46,2.05,-0.68,-0.01,1.33
2022-12-22,1.47,1.44,1.49,1.44,425922,62534371.85,3.45,-0.69,-0.01,1.75
2022-12-23,1.43,1.43,1.46,1.42,337804,48727367.0,2.78,-0.69,-0.01,1.38
2022-12-26,1.43,1.42,1.44,1.4,383276,54224254.61,2.8,-0.7,-0.01,1.57
2022-12-27,1.42,1.44,1.45,1.41,397105,56709916.82,2.82,1.41,0.02,1.63
2022-12-28,1.43,1.41,1.44,1.41,373551,53136134.81,2.08,-2.08,-0.03,1.53
2022-12-29,1.41,1.39,1.42,1.38,369728,51677835.0,2.84,-1.42,-0.02,1.52
2022-12-30,1.39,1.4,1.41,1.37,301815,41928889.1,2.88,0.72,0.01,1.24
2023-01-03,1.4,1.41,1.42,1.38,430076,60443793.0,2.86,0.71,0.01,1.76
2023-01-04,1.4,1.44,1.45,1.4,517129,74166672.33,3.55,2.13,0.03,2.12
2023-01-05,1.44,1.42,1.45,1.41,387260,55216820.85,2.78,-1.39,-0.02,1.59
2023-01-06,1.43,1.37,1.43,1.37,613004,85370885.74,4.23,-3.52,-0.05,2.51
2023-01-09,1.38,1.36,1.38,1.35,513008,69980479.65,2.19,-0.73,-0.01,2.1
2023-01-10,1.35,1.34,1.36,1.33,504332,67500778.22,2.21,-1.47,-0.02,2.07
2023-01-11,1.34,1.33,1.35,1.32,423714,56497804.35,2.24,-0.75,-0.01,1.74
2023-01-12,1.33,1.32,1.33,1.31,315987,41596023.86,1.5,-0.75,-0.01,1.3
2023-01-13,1.32,1.33,1.33,1.31,359398,47336465.36,1.52,0.76,0.01,1.47
2023-01-16,1.32,1.34,1.34,1.31,371576,49301193.32,2.26,0.75,0.01,1.52
2023-01-17,1.33,1.32,1.34,1.32,261963,34827239.0,1.49,-1.49,-0.02,1.07
2023-01-18,1.33,1.35,1.37,1.32,556170,74907617.7,3.79,2.27,0.03,2.28
2023-01-19,1.35,1.35,1.36,1.34,318188,42984366.0,1.48,0.0,0.0,1.3
2023-01-20,1.35,1.38,1.38,1.34,447084,60917124.36,2.96,2.22,0.03,1.83
2023-01-30,1.38,1.39,1.4,1.38,433227,60153587.39,1.45,0.72,0.01,1.78
2023-01-31,1.38,1.41,1.42,1.36,633866,88317308.39,4.32,1.44,0.02,2.6
2023-02-01,1.42,1.42,1.42,1.39,631208,88536917.7,2.13,0.71,0.01,2.59
2023-02-02,1.41,1.41,1.42,1.39,426024,59877398.01,2.11,-0.7,-0.01,1.75
2023-02-03,1.41,1.4,1.41,1.38,532519,74262764.38,2.13,-0.71,-0.01,2.18
2023-02-06,1.39,1.38,1.4,1.37,352186,48724216.9,2.14,-1.43,-0.02,1.44
2023-02-07,1.39,1.39,1.4,1.37,343914,47792454.38,2.17,0.72,0.01,1.41
2023-02-08,1.39,1.39,1.4,1.38,369242,51350306.27,1.44,0.0,0.0,1.51
2023-02-09,1.39,1.39,1.4,1.37,344534,47783878.48,2.16,0.0,0.0,1.41
2023-02-10,1.39,1.39,1.41,1.39,371685,51952844.0,1.44,0.0,0.0,1.52
2023-02-13,1.4,1.4,1.4,1.38,387533,53967529.76,1.44,0.72,0.01,1.59
2023-02-14,1.41,1.4,1.42,1.39,427503,60046545.2,2.14,0.0,0.0,1.75
2023-02-15,1.4,1.38,1.41,1.37,455825,63062385.0,2.86,-1.43,-0.02,1.87
2023-02-16,1.38,1.36,1.39,1.35,376553,51732833.28,2.9,-1.45,-0.02,1.54
2023-02-17,1.36,1.35,1.37,1.35,228553,31025927.0,1.47,-0.74,-0.01,0.94
2023-02-20,1.35,1.35,1.36,1.34,271741,36680201.0,1.48,0.0,0.0,1.11
2023-02-21,1.36,1.37,1.38,1.35,317906,43462085.12,2.22,1.48,0.02,1.3
2023-02-22,1.36,1.36,1.37,1.35,214760,29295352.08,1.46,-0.73,-0.01,0.88
2023-02-23,1.37,1.36,1.38,1.36,287944,39482047.0,1.47,0.0,0.0,1.18
2023-02-24,1.37,1.36,1.37,1.35,206960,28111732.6,1.47,0.0,0.0,0.85
2023-02-27,1.36,1.34,1.36,1.34,228145,30794097.0,1.47,-1.47,-0.02,0.94
2023-02-28,1.34,1.36,1.37,1.34,340968,46245765.66,2.24,1.49,0.02,1.4
2023-03-01,1.36,1.37,1.38,1.36,432800,59306523.51,1.47,0.74,0.01,1.77
2023-03-02,1.38,1.36,1.38,1.36,204772,28031583.16,1.46,-0.73,-0.01,0.84
2023-03-03,1.36,1.37,1.38,1.36,241195,33020089.7,1.47,0.74,0.01,0.99
2023-03-06,1.37,1.36,1.38,1.36,238127,32527134.0,1.46,-0.73,-0.01,0.98
2023-03-07,1.36,1.34,1.37,1.34,296511,40153838.0,2.21,-1.47,-0.02,1.22
2023-03-08,1.34,1.35,1.35,1.33,176989,23747442.4,1.49,0.75,0.01,0.73
2023-03-09,1.34,1.34,1.35,1.34,126338,16998922.0,0.74,-0.74,-0.01,0.52
2023-03-10,1.35,1.33,1.35,1.32,233723,31139697.0,2.24,-0.75,-0.01,0.96
2023-03-13,1.33,1.32,1.33,1.31,268896,35437452.08,1.5,-0.75,-0.01,1.1
2023-03-14,1.32,1.31,1.32,1.3,306127,40065470.98,1.52,-0.76,-0.01,1.25
2023-03-15,1.31,1.32,1.33,1.31,149112,19691421.83,1.53,0.76,0.01,0.61
2023-03-16,1.32,1.3,1.32,1.3,162826,21319862.41,1.52,-1.52,-0.02,0.67
2023-03-17,1.3,1.31,1.32,1.3,169392,22221767.24,1.54,0.77,0.01,0.69
2023-03-20,1.31,1.3,1.32,1.3,164604,21547578.0,1.53,-0.76,-0.01,0.67
2023-03-21,1.31,1.31,1.31,1.3,123389,16119466.0,0.77,0.77,0.01,0.51
2023-03-22,1.31,1.31,1.32,1.3,234578,30706160.0,1.53,0.0,0.0,0.96
2023-03-23,1.31,1.31,1.31,1.3,83602,10911022.4,0.76,0.0,0.0,0.34
2023-03-24,1.31,1.31,1.32,1.29,476156,62135379.0,2.29,0.0,0.0,1.95
2023-03-27,1.31,1.28,1.31,1.28,341759,44105123.0,2.29,-2.29,-0.03,1.4
2023-03-28,1.29,1.27,1.29,1.27,166213,21221799.0,1.56,-0.78,-0.01,0.68
2023-03-29,1.27,1.26,1.28,1.26,181692,22998161.88,1.57,-0.79,-0.01,0.74
2023-03-30,1.26,1.24,1.27,1.23,358817,44491109.05,3.17,-1.59,-0.02,1.47
2023-03-31,1.24,1.24,1.25,1.23,156506,19441873.48,1.61,0.0,0.0,0.64
2023-04-03,1.24,1.25,1.26,1.24,181164,22643081.5,1.61,0.81,0.01,0.74
2023-04-04,1.25,1.19,1.26,1.18,624756,75804087.2,6.4,-4.8,-0.06,2.56
2023-04-06,1.19,1.12,1.19,1.11,960368,108722493.07,6.72,-5.88,-0.07,3.94
2023-04-07,1.11,1.17,1.19,1.11,910414,105217428.17,7.14,4.46,0.05,3.73
2023-04-10,1.18,1.14,1.18,1.14,488404,56260349.14,3.42,-2.56,-0.03,2.0
2023-04-11,1.15,1.17,1.18,1.12,415788,47940806.35,5.26,2.63,0.03,1.7
2023-04-12,1.17,1.19,1.22,1.16,452160,53740281.98,5.13,1.71,0.02,1.85
2023-04-13,1.18,1.2,1.22,1.18,431661,52095290.4,3.36,0.84,0.01,1.77
2023-04-14,1.2,1.18,1.22,1.18,342100,40799310.0,3.33,-1.67,-0.02,1.4
2023-04-17,1.18,1.18,1.19,1.16,241640,28420369.0,2.54,0.0,0.0,0.99
2023-04-18,1.19,1.16,1.19,1.16,203282,23785357.0,2.54,-1.69,-0.02,0.83
2023-04-19,1.16,1.14,1.16,1.14,223410,25635870.96,1.72,-1.72,-0.02,0.92
2023-04-20,1.14,1.13,1.15,1.11,333286,37555956.07,3.51,-0.88,-0.01,1.37
2023-04-21,1.13,1.1,1.15,1.09,339589,37896525.0,5.31,-2.65,-0.03,1.39
2023-04-24,1.07,0.99,1.08,0.99,1183798,119071412.4,8.18,-10.0,-0.11,4.85
2023-04-25,0.95,0.98,1.01,0.95,1020453,99932470.42,6.06,-1.01,-0.01,4.18
2023-04-26,0.97,0.95,0.98,0.91,1229815,116145761.02,7.14,-3.06,-0.03,5.04
2023-04-27,0.93,0.97,1.0,0.93,921047,89699205.17,7.37,2.11,0.02,3.78
2023-04-28,0.96,0.98,0.99,0.95,701372,68384820.22,4.12,1.03,0.01,2.88
2023-05-05,0.93,0.93,0.96,0.93,467020,43529132.8,3.06,-5.1,-0.05,1.91
2023-05-08,0.9,0.88,0.92,0.88,975996,86952475.0,4.3,-5.38,-0.05,4.0
2023-05-09,0.85,0.84,0.85,0.84,471372,39841802.0,1.14,-4.55,-0.04,1.93
2023-05-10,0.81,0.8,0.85,0.8,3046041,246978073.92,5.95,-4.76,-0.04,12.49
2023-05-11,0.82,0.84,0.84,0.82,1606605,134286483.54,2.5,5.0,0.04,6.59
2023-05-12,0.88,0.88,0.88,0.86,692826,60849578.94,2.38,4.76,0.04,2.84
2023-05-15,0.92,0.87,0.92,0.84,2371609,208039172.87,9.09,-1.14,-0.01,9.72
2023-05-16,0.87,0.83,0.87,0.83,1009247,85229376.0,4.6,-4.6,-0.04,4.14
2023-05-17,0.79,0.79,0.79,0.79,166341,13140939.0,0.0,-4.82,-0.04,0.68
2023-05-18,0.75,0.75,0.75,0.75,56024,4201800.0,0.0,-5.06,-0.04,0.23
2023-05-19,0.71,0.71,0.71,0.71,16470,1169370.0,0.0,-5.33,-0.04,0.07
2023-05-22,0.67,0.67,0.67,0.67,9431,631877.0,0.0,-5.63,-0.04,0.04
2023-05-23,0.64,0.64,0.64,0.64,14882,952448.0,0.0,-4.48,-0.03,0.06
2023-05-24,0.61,0.61,0.61,0.61,24477,1493097.0,0.0,-4.69,-0.03,0.1
2023-05-25,0.58,0.58,0.58,0.58,116603,6762974.0,0.0,-4.92,-0.03,0.48
