datetime,open,close,high,low,volume,turnover,amplitude,pricelimit,change,turnoverratio
2010-01-11,9.19,9.19,9.19,9.19,10785,9911038.0,0.0,10.06,0.84,0.32
2010-01-12,9.99,9.49,9.99,9.33,345510,330876416.0,7.18,3.26,0.3,10.25
2010-01-13,9.27,10.44,10.44,9.21,578106,594578688.0,12.96,10.01,0.95,17.15
2010-01-14,10.51,10.27,10.55,9.99,436546,446550912.0,5.36,-1.63,-0.17,12.95
2010-01-15,10.3,10.27,10.47,10.19,203212,209848960.0,2.73,0.0,0.0,6.03
2010-01-18,10.18,10.22,10.26,10.01,164622,166484656.0,2.43,-0.49,-0.05,4.89
2010-01-19,10.4,10.25,10.83,10.22,298662,313956480.0,5.97,0.29,0.03,8.86
2010-01-20,10.3,9.96,10.38,9.9,175015,177754992.0,4.68,-2.83,-0.29,5.19
2010-01-21,9.91,10.01,10.12,9.81,128296,127999896.0,3.11,0.5,0.05,3.81
2010-01-22,9.94,10.53,10.68,9.82,327556,338226240.0,8.59,5.19,0.52,9.72
2010-01-26,10.4,9.53,10.42,9.48,217794,215753808.0,8.93,-9.5,-1.0,6.46
2010-01-27,9.5,9.19,9.58,9.12,100726,93728304.0,4.83,-3.57,-0.34,2.99
2010-01-28,9.22,9.22,9.31,9.06,63933,58862868.0,2.72,0.33,0.03,1.9
2010-01-29,9.2,9.47,9.73,9.2,117958,112597760.0,5.75,2.71,0.25,3.5
2010-02-01,9.65,9.7,9.88,9.5,109389,105924112.0,4.01,2.43,0.23,3.25
2010-02-02,9.78,9.79,9.84,9.58,75573,73486032.0,2.68,0.93,0.09,2.24
2010-02-03,9.9,9.71,9.95,9.28,126711,122318112.0,6.84,-0.82,-0.08,3.76
2010-02-04,9.66,10.11,10.31,9.56,180905,181542624.0,7.72,4.12,0.4,5.37
2010-02-05,9.81,10.22,10.25,9.58,171649,171480720.0,6.63,1.09,0.11,5.09
2010-02-08,10.29,10.47,10.97,10.24,221404,233834176.0,7.14,2.45,0.25,6.57
2010-02-09,10.35,10.51,10.67,10.26,114971,120432160.0,3.92,0.38,0.04,3.41
2010-02-10,10.74,10.89,10.95,10.29,258307,276046784.0,6.28,3.62,0.38,7.67
2010-02-11,10.73,10.53,10.8,10.45,172423,182709344.0,3.21,-3.31,-0.36,5.12
2010-02-12,10.5,9.85,10.5,9.8,201140,200936128.0,6.65,-6.46,-0.68,5.97
2010-02-22,9.8,10.01,10.24,9.76,119854,119611752.0,4.87,1.62,0.16,3.56
2010-02-23,9.9,9.81,9.98,9.65,102351,100270712.0,3.3,-2.0,-0.2,3.04
2010-02-24,9.8,9.96,10.03,9.71,77304,76639168.0,3.26,1.53,0.15,2.29
2010-02-25,10.01,10.26,10.37,10.01,157435,160858416.0,3.61,3.01,0.3,4.67
2010-02-26,10.21,10.16,10.35,10.1,109588,111717464.0,2.44,-0.97,-0.1,3.25
2010-03-01,10.18,10.47,10.52,10.15,170127,176740640.0,3.64,3.05,0.31,5.05
2010-03-02,10.48,10.34,10.55,10.27,115767,119927232.0,2.67,-1.24,-0.13,3.44
2010-03-03,10.33,10.33,10.4,10.15,96562,98979744.0,2.42,-0.1,-0.01,2.87
2010-03-04,10.3,9.88,10.39,9.82,124461,125724688.0,5.52,-4.36,-0.45,3.69
2010-03-05,9.87,9.9,10.1,9.83,76037,75635800.0,2.73,0.2,0.02,2.26
2010-03-08,9.91,9.86,9.95,9.77,58172,57279132.0,1.82,-0.4,-0.04,1.73
2010-03-09,9.95,9.95,10.08,9.75,63025,62462852.0,3.35,0.91,0.09,1.87
2010-03-10,9.98,9.7,10.05,9.67,71506,70242056.0,3.82,-2.51,-0.25,2.12
2010-03-11,9.67,9.86,9.98,9.6,76596,74838872.0,3.92,1.65,0.16,2.27
2010-03-12,9.84,9.61,10.0,9.59,66026,64547292.0,4.16,-2.54,-0.25,1.96
2010-03-15,9.64,9.34,9.68,9.29,62227,58587484.0,4.06,-2.81,-0.27,1.85
2010-03-16,9.35,9.44,9.49,9.3,41426,38973416.0,2.03,1.07,0.1,1.23
2010-03-17,9.51,9.65,9.65,9.41,50073,47829024.0,2.54,2.22,0.21,1.49
2010-03-18,9.7,9.61,9.79,9.58,50812,49150252.0,2.18,-0.41,-0.04,1.51
2010-03-19,9.59,9.59,9.65,9.42,52611,50246164.0,2.39,-0.21,-0.02,1.56
2010-03-22,9.67,9.76,9.79,9.59,69887,67703848.0,2.09,1.77,0.17,2.07
2010-03-23,9.78,9.55,9.79,9.54,43961,42369804.0,2.56,-2.15,-0.21,1.3
2010-03-24,9.7,9.51,9.75,9.48,50652,48685648.0,2.83,-0.42,-0.04,1.5
2010-03-25,9.55,9.21,9.55,9.21,78155,72822480.0,3.58,-3.15,-0.3,2.32
2010-03-26,9.2,9.3,9.38,9.14,51843,48190408.0,2.61,0.98,0.09,1.54
2010-03-29,9.37,9.46,9.51,9.34,50975,48157524.0,1.83,1.72,0.16,1.51
2010-03-30,9.46,9.4,9.49,9.3,50761,47606908.0,2.01,-0.63,-0.06,1.51
2010-03-31,9.41,9.31,9.47,9.2,65640,61038484.0,2.87,-0.96,-0.09,1.95
2010-04-01,9.31,9.45,9.48,9.29,70024,65946264.0,2.04,1.5,0.14,2.08
2010-04-02,9.45,9.51,9.56,9.37,70470,66742020.0,2.01,0.63,0.06,2.09
2010-04-06,9.53,9.66,9.66,9.52,71384,68623376.0,1.47,1.58,0.15,2.12
2010-04-07,9.66,9.59,9.68,9.55,42211,40519020.0,1.35,-0.72,-0.07,1.25
2010-04-08,9.55,9.47,9.65,9.45,53883,51501736.0,2.09,-1.25,-0.12,1.6
2010-04-09,9.47,9.68,9.69,9.41,70693,67359000.0,2.96,2.22,0.21,2.1
2010-04-12,9.68,9.69,9.74,9.56,76934,74276504.0,1.86,0.1,0.01,2.28
2010-04-13,9.69,9.83,9.83,9.51,131830,128065024.0,3.3,1.44,0.14,3.91
2010-04-14,9.83,9.9,9.96,9.77,103913,102770736.0,1.93,0.71,0.07,3.08
2010-04-15,9.95,10.02,10.09,9.89,117467,117408472.0,2.02,1.21,0.12,3.49
2010-04-16,10.04,9.81,10.11,9.8,87801,87004672.0,3.09,-2.1,-0.21,2.61
2010-04-19,9.75,9.18,9.75,9.16,89332,84805872.0,6.01,-6.42,-0.63,2.65
2010-04-20,9.23,9.38,9.41,9.06,58150,53663920.0,3.81,2.18,0.2,1.73
2010-04-21,9.37,9.56,9.65,9.31,58798,55791808.0,3.62,1.92,0.18,1.74
2010-04-22,9.55,9.28,9.55,9.23,76354,71139312.0,3.35,-2.93,-0.28,2.27
2010-04-23,9.19,8.82,9.3,8.7,152187,135990800.0,6.47,-4.96,-0.46,4.52
2010-04-26,8.8,8.83,8.92,8.62,61194,53614592.0,3.4,0.11,0.01,1.82
2010-04-27,8.81,8.36,8.87,8.23,76731,65448144.0,7.25,-5.32,-0.47,2.28
2010-04-28,8.3,8.3,8.46,8.21,49262,40983096.0,2.99,-0.72,-0.06,1.46
2010-04-29,8.35,8.17,8.47,8.17,48187,40201880.0,3.61,-1.57,-0.13,1.43
2010-04-30,8.2,8.18,8.27,8.04,47536,38662892.0,2.82,0.12,0.01,1.41
2010-05-04,8.08,8.22,8.34,8.07,35547,29252942.0,3.3,0.49,0.04,1.05
2010-05-05,8.2,8.39,8.43,8.08,39952,33081912.0,4.26,2.07,0.17,1.19
2010-05-06,8.32,7.84,8.37,7.84,50995,41760704.0,6.32,-6.56,-0.55,1.51
2010-05-07,7.74,7.57,7.82,7.54,50930,39122032.0,3.57,-3.44,-0.27,1.51
2010-05-10,7.62,7.68,7.75,7.46,37643,28733996.0,3.83,1.45,0.11,1.12
2010-05-11,7.89,8.05,8.44,7.83,177894,144752752.0,7.94,4.82,0.37,5.28
2010-05-12,7.92,8.17,8.29,7.81,100245,81306576.0,5.96,1.49,0.12,2.97
2010-05-13,8.12,8.31,8.32,8.12,84741,69500968.0,2.45,1.71,0.14,2.51
2010-05-14,8.24,8.25,8.32,8.11,61303,50461356.0,2.53,-0.72,-0.06,1.82
2010-05-17,8.13,7.6,8.2,7.6,68188,53700488.0,7.27,-7.88,-0.65,2.02
2010-05-18,7.66,7.72,7.77,7.44,54338,41493028.0,4.34,1.58,0.12,1.61
2010-05-19,7.68,7.61,7.76,7.54,43745,33464118.0,2.85,-1.42,-0.11,1.3
2010-05-20,7.58,7.37,7.68,7.3,41423,31212744.0,4.99,-3.15,-0.24,1.23
2010-05-21,7.1,7.4,7.43,6.91,64957,46898496.0,7.06,0.41,0.03,1.93
2010-05-24,7.44,7.88,7.94,7.44,93717,72444312.0,6.76,6.49,0.48,2.78
2010-05-25,7.72,7.74,7.83,7.63,54844,42439560.0,2.54,-1.78,-0.14,1.63
2010-05-26,7.72,7.77,7.84,7.7,35612,27670334.0,1.81,0.39,0.03,1.06
2010-05-27,7.77,7.83,7.91,7.55,49962,38715408.0,4.63,0.77,0.06,1.48
2010-05-28,7.9,8.0,8.08,7.81,69423,55073408.0,3.45,2.17,0.17,2.06
2010-06-01,7.64,7.6,7.69,7.22,54058,40477404.0,5.88,-5.0,-0.4,1.6
2010-06-02,7.45,7.97,8.0,7.34,63208,48550856.0,8.68,4.87,0.37,1.88
2010-06-03,7.88,7.72,7.99,7.72,60054,47243152.0,3.39,-3.14,-0.25,1.78
2010-06-04,7.7,7.86,7.93,7.55,47870,37275128.0,4.92,1.81,0.14,1.42
2010-06-07,7.63,7.72,7.8,7.58,38747,29828380.0,2.8,-1.78,-0.14,1.15
2010-06-08,7.69,7.8,7.9,7.69,41893,32705742.0,2.72,1.04,0.08,1.24
2010-06-09,7.88,8.01,8.05,7.78,67008,53140828.0,3.46,2.69,0.21,1.99
2010-06-10,7.95,8.02,8.18,7.92,51840,41737316.0,3.25,0.12,0.01,1.54
2010-06-11,8.08,7.94,8.12,7.92,36949,29505070.0,2.49,-1.0,-0.08,1.1
2010-06-17,8.0,7.9,8.04,7.9,25940,20675834.0,1.76,-0.5,-0.04,0.77
2010-06-18,7.87,7.55,7.92,7.52,35066,27038426.0,5.06,-4.43,-0.35,1.04
2010-06-21,7.58,7.77,7.8,7.28,28165,21638282.0,6.89,2.91,0.22,0.84
2010-06-22,7.76,7.82,7.87,7.71,22476,17576028.0,2.06,0.64,0.05,0.67
2010-06-23,7.82,7.77,7.93,7.68,31326,24456104.0,3.2,-0.64,-0.05,0.93
2010-06-24,7.75,7.75,7.84,7.71,15892,12335599.0,1.67,-0.26,-0.02,0.47
2010-06-25,7.75,7.54,7.77,7.5,23145,17585294.0,3.48,-2.71,-0.21,0.69
2010-06-28,7.58,7.57,7.74,7.51,22094,16852082.0,3.05,0.4,0.03,0.66
2010-06-29,7.63,7.07,7.68,7.07,41092,29895632.0,8.06,-6.61,-0.5,1.22
2010-06-30,7.04,6.91,7.05,6.86,25176,17488426.0,2.69,-2.26,-0.16,0.75
2010-07-01,6.92,6.89,7.08,6.88,22261,15499672.0,2.89,-0.29,-0.02,0.66
2010-07-02,6.94,6.88,6.95,6.62,25900,17615636.0,4.79,-0.15,-0.01,0.77
2010-07-05,6.81,6.78,6.88,6.69,17517,11852072.0,2.76,-1.45,-0.1,0.52
2010-07-06,6.79,7.17,7.23,6.74,46250,32557556.0,7.23,5.75,0.39,1.37
2010-07-07,7.12,7.17,7.2,7.03,28813,20459840.0,2.37,0.0,0.0,0.85
2010-07-08,7.29,7.14,7.33,7.1,31498,22686898.0,3.21,-0.42,-0.03,0.93
2010-07-09,7.14,7.28,7.33,7.07,32345,23371858.0,3.64,1.96,0.14,0.96
2010-07-12,7.28,7.29,7.36,7.24,29765,21737284.0,1.65,0.14,0.01,0.88
2010-07-13,7.26,7.08,7.26,7.04,29598,21072654.0,3.02,-2.88,-0.21,0.88
2010-07-14,7.1,7.45,7.55,7.09,87710,64775580.0,6.5,5.23,0.37,2.6
2010-07-15,7.45,7.16,7.45,7.16,64452,46862424.0,3.89,-3.89,-0.29,1.91
2010-07-16,7.12,7.22,7.22,7.01,29479,20950286.0,2.93,0.84,0.06,0.87
2010-07-19,7.07,7.37,7.41,7.07,38906,28490294.0,4.71,2.08,0.15,1.15
2010-07-20,7.38,7.51,7.57,7.33,59165,44247096.0,3.26,1.9,0.14,1.76
2010-07-21,7.51,7.46,7.65,7.42,51970,38974200.0,3.06,-0.67,-0.05,1.54
2010-07-22,7.44,7.59,7.62,7.41,62467,47106224.0,2.82,1.74,0.13,1.85
2010-07-23,7.59,7.6,7.67,7.51,53957,40866856.0,2.11,0.13,0.01,1.6
2010-07-26,7.64,7.63,7.66,7.52,39644,30108486.0,1.84,0.39,0.03,1.18
2010-07-27,7.62,7.54,7.65,7.51,34924,26429602.0,1.83,-1.18,-0.09,1.04
2010-07-28,7.54,7.76,7.78,7.54,69001,53043448.0,3.18,2.92,0.22,2.05
2010-07-29,7.7,7.85,7.85,7.66,98451,76275088.0,2.45,1.16,0.09,2.92
2010-07-30,7.8,7.79,7.88,7.71,57279,44564268.0,2.17,-0.76,-0.06,1.7
2010-08-02,7.77,7.89,7.93,7.77,56672,44562404.0,2.05,1.28,0.1,1.68
2010-08-03,7.91,7.7,7.94,7.7,55380,43219420.0,3.04,-2.41,-0.19,1.64
2010-08-04,7.68,7.69,7.74,7.52,56047,42708128.0,2.86,-0.13,-0.01,1.66
2010-08-05,7.68,7.68,7.76,7.6,43874,33729108.0,2.08,-0.13,-0.01,1.3
2010-08-06,7.65,7.89,7.9,7.61,71387,55586584.0,3.78,2.73,0.21,2.12
2010-08-09,7.85,7.97,7.97,7.84,66094,52335628.0,1.65,1.01,0.08,1.96
2010-08-10,7.94,7.7,8.05,7.7,66440,52201132.0,4.39,-3.39,-0.27,1.97
2010-08-11,7.76,7.81,7.85,7.67,37083,28780676.0,2.34,1.43,0.11,1.1
2010-08-12,7.74,7.67,7.83,7.65,39615,30682228.0,2.3,-1.79,-0.14,1.18
2010-08-13,7.68,7.82,7.83,7.62,32394,25044774.0,2.74,1.96,0.15,0.96
2010-08-16,7.77,7.96,7.97,7.77,55646,44015784.0,2.56,1.79,0.14,1.65
2010-08-17,7.95,8.0,8.04,7.92,65732,52513484.0,1.51,0.5,0.04,1.95
2010-08-18,7.98,8.01,8.06,7.89,63507,50739768.0,2.13,0.13,0.01,1.88
2010-08-19,8.04,8.24,8.35,8.01,139708,114640912.0,4.24,2.87,0.23,4.15
2010-08-20,8.2,7.91,8.2,7.89,82435,66133228.0,3.76,-4.0,-0.33,2.45
2010-08-23,7.88,7.9,7.98,7.83,43887,34668756.0,1.9,-0.13,-0.01,1.3
2010-08-24,7.9,7.95,8.01,7.83,37588,29863462.0,2.28,0.63,0.05,1.12
2010-08-25,7.94,7.68,7.98,7.66,54036,42177984.0,4.03,-3.4,-0.27,1.6
2010-08-26,7.7,7.78,7.79,7.62,44087,34002804.0,2.21,1.3,0.1,1.31
2010-08-27,7.72,7.71,7.77,7.64,32426,24972604.0,1.67,-0.9,-0.07,0.96
2010-08-30,7.75,8.08,8.12,7.75,77530,61427152.0,4.8,4.8,0.37,2.3
2010-08-31,8.22,8.16,8.22,8.0,66859,54046812.0,2.72,0.99,0.08,1.98
2010-09-01,8.13,8.2,8.27,8.04,133463,108838448.0,2.82,0.49,0.04,3.96
2010-09-02,8.21,8.24,8.38,8.16,136536,112560224.0,2.68,0.49,0.04,4.05
2010-09-03,8.25,8.08,8.26,8.0,80611,65436828.0,3.16,-1.94,-0.16,2.39
2010-09-06,8.14,8.27,8.32,8.05,84908,69874568.0,3.34,2.35,0.19,2.52
2010-09-07,8.27,8.27,8.31,8.13,57580,47393048.0,2.18,0.0,0.0,1.71
2010-09-08,8.25,8.57,8.6,8.25,142933,120889136.0,4.23,3.63,0.3,4.24
2010-09-09,8.58,8.52,8.67,8.46,133443,114243528.0,2.45,-0.58,-0.05,3.96
2010-09-10,8.51,8.55,8.65,8.38,69711,59449192.0,3.17,0.35,0.03,2.07
2010-09-13,8.6,8.63,8.75,8.52,66488,57319620.0,2.69,0.94,0.08,1.97
2010-09-14,8.63,8.63,8.75,8.55,62888,54342960.0,2.32,0.0,0.0,1.87
2010-09-15,8.63,8.39,8.64,8.34,55056,46678504.0,3.48,-2.78,-0.24,1.63
2010-09-16,8.35,8.2,8.45,8.1,55543,45626088.0,4.17,-2.26,-0.19,1.65
2010-09-17,8.25,8.3,8.3,8.1,48896,40191744.0,2.44,1.22,0.1,1.45
2010-09-20,8.29,8.23,8.39,8.23,29214,24242312.0,1.93,-0.84,-0.07,0.87
2010-09-21,8.27,8.14,8.31,8.14,21852,17872328.0,2.07,-1.09,-0.09,0.65
2010-09-27,8.17,8.26,8.32,8.13,29659,24390328.0,2.33,1.47,0.12,0.88
2010-09-28,8.25,8.08,8.25,8.03,38234,31064018.0,2.66,-2.18,-0.18,1.13
2010-09-29,8.05,7.9,8.12,7.9,33661,26977102.0,2.72,-2.23,-0.18,1.0
2010-09-30,7.83,8.0,8.03,7.82,27462,21905382.0,2.66,1.27,0.1,0.81
2010-10-08,8.04,8.28,8.3,8.01,50436,41253176.0,3.63,3.5,0.28,1.5
2010-10-12,8.61,8.88,8.88,8.5,176746,153455312.0,4.59,7.25,0.6,5.24
2010-10-13,8.9,8.85,9.0,8.68,114703,101295824.0,3.6,-0.34,-0.03,3.4
2010-10-14,8.86,8.82,9.27,8.76,129188,116280848.0,5.76,-0.34,-0.03,3.83
2010-10-15,8.7,8.83,8.95,8.58,90317,79210936.0,4.2,0.11,0.01,2.68
2010-10-18,8.96,9.12,9.36,8.77,170051,154441296.0,6.68,3.28,0.29,5.05
2010-10-19,9.15,9.26,9.4,9.12,108930,100728648.0,3.07,1.54,0.14,3.23
2010-10-20,9.04,9.12,9.36,8.86,130463,118965184.0,5.4,-1.51,-0.14,3.87
2010-10-21,9.1,8.99,9.28,8.91,67306,60936084.0,4.06,-1.43,-0.13,2.0
2010-10-22,9.0,9.02,9.12,8.93,58948,53250620.0,2.11,0.33,0.03,1.75
2010-10-25,9.04,9.36,9.39,8.92,124652,114706192.0,5.21,3.77,0.34,3.7
2010-10-26,9.42,9.46,9.71,9.36,144734,137921776.0,3.74,1.07,0.1,4.29
2010-10-27,9.46,9.55,9.83,9.31,130491,125846584.0,5.5,0.95,0.09,3.87
2010-10-28,9.72,9.5,9.8,9.3,94306,90323880.0,5.24,-0.52,-0.05,2.8
2010-10-29,9.4,9.3,9.47,9.15,76105,70758248.0,3.37,-2.11,-0.2,2.26
2010-11-01,9.38,9.52,9.62,9.29,79023,75079472.0,3.55,2.37,0.22,2.34
2010-11-02,9.52,9.25,9.59,9.23,96845,90797368.0,3.78,-2.84,-0.27,2.87
2010-11-03,9.23,9.18,9.37,9.13,58563,54129300.0,2.59,-0.76,-0.07,1.74
2010-11-04,9.22,9.24,9.27,9.13,58454,53749108.0,1.53,0.65,0.06,1.73
2010-11-05,9.34,9.45,9.56,9.29,93485,88216696.0,2.92,2.27,0.21,2.77
2010-11-08,9.46,9.74,9.79,9.43,119600,115671032.0,3.81,3.07,0.29,3.55
2010-11-09,9.77,9.68,9.93,9.58,98556,96050464.0,3.59,-0.62,-0.06,2.92
2010-11-10,9.63,9.55,9.65,9.45,68829,65570492.0,2.07,-1.34,-0.13,2.04
2010-11-11,9.48,9.57,9.97,9.46,125461,122589408.0,5.34,0.21,0.02,3.72
2010-11-12,9.54,8.88,9.72,8.86,115916,107609112.0,8.99,-7.21,-0.69,3.44
2010-11-15,8.99,9.14,9.2,8.9,66361,60229740.0,3.38,2.93,0.26,1.97
2010-11-16,9.17,8.71,9.21,8.65,63402,56766852.0,6.13,-4.7,-0.43,1.88
2010-11-17,8.68,8.55,8.79,8.45,38348,33300836.0,3.9,-1.84,-0.16,1.14
2010-11-18,8.65,8.62,8.73,8.5,29468,25356242.0,2.69,0.82,0.07,0.87
2010-11-19,8.66,8.82,8.88,8.6,53356,46641452.0,3.25,2.32,0.2,1.58
2010-11-29,9.38,9.38,9.7,8.99,166630,157111216.0,8.05,6.35,0.56,4.94
2010-11-30,9.26,9.06,9.29,8.7,83449,75353928.0,6.29,-3.41,-0.32,2.48
2010-12-01,9.06,8.93,9.06,8.8,28425,25345990.0,2.87,-1.43,-0.13,0.84
2010-12-02,9.09,8.97,9.14,8.93,31474,28389008.0,2.35,0.45,0.04,0.93
2010-12-03,8.94,9.02,9.04,8.82,25968,23230930.0,2.45,0.56,0.05,0.77
2010-12-06,9.02,9.33,9.45,8.99,69709,64008764.0,5.1,3.44,0.31,2.07
2010-12-07,9.25,9.27,9.36,9.07,38790,35781376.0,3.11,-0.64,-0.06,1.15
2010-12-08,9.27,9.2,9.36,9.18,34428,31920518.0,1.94,-0.76,-0.07,1.02
2010-12-09,9.18,8.89,9.28,8.84,36665,33199366.0,4.78,-3.37,-0.31,1.09
2010-12-10,8.8,8.93,8.99,8.77,27844,24703552.0,2.47,0.45,0.04,0.83
2010-12-13,9.03,9.11,9.14,8.95,47969,43465312.0,2.13,2.02,0.18,1.42
2010-12-15,9.23,9.11,9.23,9.08,34911,31888790.0,1.65,0.0,0.0,1.04
2010-12-16,9.11,9.05,9.16,9.03,20106,18274496.0,1.43,-0.66,-0.06,0.6
2010-12-17,9.09,9.32,9.38,9.09,65563,60827224.0,3.2,2.98,0.27,1.95
2010-12-20,9.33,9.28,9.48,9.03,71489,66448272.0,4.83,-0.43,-0.04,2.12
2010-12-21,9.31,9.55,9.6,9.23,98353,92656776.0,3.99,2.91,0.27,2.92
2010-12-22,9.54,9.37,9.54,9.34,46073,43363140.0,2.09,-1.88,-0.18,1.37
2010-12-23,9.37,9.2,9.39,9.16,31537,29147238.0,2.45,-1.81,-0.17,0.94
2010-12-24,9.2,9.08,9.23,9.03,20615,18789562.0,2.17,-1.3,-0.12,0.61
2010-12-27,9.07,8.97,9.29,8.95,43190,39488816.0,3.74,-1.21,-0.11,1.28
2010-12-28,8.88,8.61,8.96,8.6,30789,26847366.0,4.01,-4.01,-0.36,0.91
2010-12-29,8.61,8.74,8.85,8.59,16966,14780966.0,3.02,1.51,0.13,0.5
2010-12-30,8.78,8.74,8.78,8.48,31277,26873502.0,3.43,0.0,0.0,0.93
2010-12-31,8.8,8.94,8.94,8.55,78489,68651208.0,4.46,2.29,0.2,2.33
2011-01-04,9.52,9.83,9.83,9.39,255884,248983840.0,4.92,9.96,0.89,7.59
2011-01-05,9.83,10.2,10.48,9.76,335137,339704672.0,7.32,3.76,0.37,9.95
2011-01-06,10.18,10.1,10.18,9.94,142039,142814400.0,2.35,-0.98,-0.1,4.22
2011-01-07,9.98,9.96,10.19,9.85,105055,105078128.0,3.37,-1.39,-0.14,3.12
2011-01-10,9.94,10.0,10.29,9.9,124547,125752896.0,3.92,0.4,0.04,3.7
2011-01-11,10.03,9.85,10.03,9.63,73382,71898584.0,4.0,-1.5,-0.15,2.18
2011-01-12,9.87,10.18,10.38,9.87,164358,167696496.0,5.18,3.35,0.33,4.88
2011-01-13,10.15,10.38,10.43,10.11,106793,109591368.0,3.14,1.96,0.2,3.17
2011-01-14,10.36,11.06,11.31,10.26,293037,320041952.0,10.12,6.55,0.68,8.7
2011-01-17,10.97,11.2,11.48,10.61,251949,278569440.0,7.87,1.27,0.14,7.48
2011-01-18,11.18,10.95,11.5,10.55,199324,218473200.0,8.48,-2.23,-0.25,5.91
2011-01-19,10.95,11.29,11.42,10.7,213375,237496928.0,6.58,3.11,0.34,6.33
2011-01-20,11.7,12.11,12.42,11.5,542044,656574592.0,8.15,7.26,0.82,16.09
2011-01-21,11.8,12.0,12.23,11.61,287496,342664128.0,5.12,-0.91,-0.11,8.53
2011-01-24,11.88,11.16,12.15,11.16,222098,256773248.0,8.25,-7.0,-0.84,6.59
2011-01-25,11.0,10.72,11.09,10.35,143542,152794608.0,6.63,-3.94,-0.44,4.26
2011-01-26,10.69,10.84,10.97,10.58,89360,96501288.0,3.64,1.12,0.12,2.65
2011-01-27,10.78,10.98,11.09,10.59,110391,119874472.0,4.61,1.29,0.14,3.28
2011-01-28,10.83,11.27,11.36,10.64,163939,180258800.0,6.56,2.64,0.29,4.86
2011-01-31,11.13,11.42,11.49,11.02,137457,155418960.0,4.17,1.33,0.15,2.19
2011-02-01,11.41,11.53,11.68,11.25,107144,123022624.0,3.77,0.96,0.11,1.7
2011-02-09,11.37,11.75,12.08,11.36,127477,150407472.0,6.24,1.91,0.22,2.03
2011-02-10,11.71,12.1,12.12,11.67,124796,149318512.0,3.83,2.98,0.35,1.98
2011-02-11,12.06,11.86,12.19,11.77,137388,163790832.0,3.47,-1.98,-0.24,2.18
2011-02-15,12.3,12.19,12.68,12.1,229716,283789760.0,4.89,2.78,0.33,3.65
2011-02-16,12.04,12.46,12.48,12.02,130142,159445072.0,3.77,2.21,0.27,2.07
2011-02-17,12.37,12.2,12.44,12.0,128987,157040368.0,3.53,-2.09,-0.26,2.05
2011-02-18,12.07,12.16,12.31,11.94,92539,112303840.0,3.03,-0.33,-0.04,1.47
2011-02-21,12.16,12.55,12.6,12.1,132491,164640592.0,4.11,3.21,0.39,2.11
2011-02-22,12.56,11.9,12.58,11.89,127671,155344976.0,5.5,-5.18,-0.65,2.03
2011-02-23,11.98,12.01,12.06,11.78,102002,121778016.0,2.35,0.92,0.11,1.62
2011-02-24,12.0,12.14,12.18,11.8,100330,120627624.0,3.16,1.08,0.13,1.6
2011-02-25,12.05,12.35,12.41,11.92,96009,117362376.0,4.04,1.73,0.21,1.53
2011-02-28,12.43,12.52,12.67,12.42,139012,174810304.0,2.02,1.38,0.17,2.21
2011-03-01,12.55,12.4,12.58,12.3,95701,118796056.0,2.24,-0.96,-0.12,1.52
2011-03-02,12.42,12.8,12.84,12.35,152072,192908752.0,3.95,3.23,0.4,2.42
2011-03-03,12.8,12.44,13.25,12.3,149785,191365968.0,7.42,-2.81,-0.36,2.38
2011-03-04,8.21,8.37,8.49,8.02,163070,134519632.0,3.78,-32.72,-4.07,1.73
2011-03-08,8.58,8.7,8.89,8.51,246408,214278864.0,4.54,3.94,0.33,2.61
2011-03-09,8.75,9.01,9.09,8.6,282092,250754944.0,5.63,3.56,0.31,2.99
2011-03-10,9.08,8.88,9.1,8.81,221512,197684944.0,3.22,-1.44,-0.13,2.35
2011-03-11,8.84,9.05,9.28,8.77,213082,193592336.0,5.74,1.91,0.17,2.26
2011-03-14,9.01,9.08,9.27,9.01,172551,157488896.0,2.87,0.33,0.03,1.83
2011-03-15,9.05,8.75,9.07,8.6,187895,164916688.0,5.18,-3.63,-0.33,1.99
2011-03-16,8.75,8.99,9.06,8.74,143465,128160640.0,3.66,2.74,0.24,1.52
2011-03-17,8.88,8.71,8.9,8.65,132384,116061832.0,2.78,-3.11,-0.28,1.4
2011-03-18,8.76,8.78,8.89,8.71,83195,73178744.0,2.07,0.8,0.07,0.88
2011-03-21,8.78,8.76,8.87,8.71,67224,58992168.0,1.82,-0.23,-0.02,0.71
2011-03-22,8.91,9.0,9.2,8.91,168162,152202608.0,3.31,2.74,0.24,1.78
2011-03-23,9.01,8.85,9.04,8.76,134332,119054584.0,3.11,-1.67,-0.15,1.42
2011-03-24,8.85,8.93,8.95,8.8,87021,77164504.0,1.69,0.9,0.08,0.92
2011-03-25,8.92,8.86,8.92,8.75,108971,96312072.0,1.9,-0.78,-0.07,1.16
2011-03-28,8.89,8.61,8.92,8.6,121539,106298504.0,3.61,-2.82,-0.25,1.29
2011-03-29,8.61,8.42,8.73,8.24,150780,127615848.0,5.69,-2.21,-0.19,1.6
2011-03-30,8.39,8.27,8.39,8.1,112793,92536600.0,3.44,-1.78,-0.15,1.2
2011-03-31,8.24,8.29,8.44,8.14,67488,56158420.0,3.63,0.24,0.02,0.72
2011-04-01,8.45,8.37,8.54,8.2,91421,76246128.0,4.1,0.97,0.08,0.97
2011-04-06,8.3,8.27,8.4,8.18,78432,64913384.0,2.63,-1.19,-0.1,0.83
2011-04-07,8.29,8.43,8.43,8.2,77614,64499252.0,2.78,1.93,0.16,0.82
2011-04-08,8.61,8.69,8.8,8.6,167611,145718800.0,2.37,3.08,0.26,1.78
2011-04-11,8.72,8.59,8.76,8.58,92287,79942432.0,2.07,-1.15,-0.1,0.98
2011-04-12,8.52,8.49,8.6,8.37,79628,67509392.0,2.68,-1.16,-0.1,0.84
2011-04-13,8.48,8.59,8.6,8.36,71110,60401304.0,2.83,1.18,0.1,0.75
2011-04-14,8.56,8.37,8.57,8.35,86255,72822456.0,2.56,-2.56,-0.22,0.91
2011-04-15,8.36,8.44,8.46,8.33,60648,50870188.0,1.55,0.84,0.07,0.64
2011-04-18,8.39,8.35,8.43,8.26,68318,57097092.0,2.01,-1.07,-0.09,0.72
2011-04-19,8.32,8.29,8.35,8.2,66013,54518732.0,1.8,-0.72,-0.06,0.7
2011-04-20,8.26,8.32,8.35,8.26,48064,39946852.0,1.09,0.36,0.03,0.51
2011-04-21,8.39,8.8,8.82,8.32,224340,194107568.0,6.01,5.77,0.48,2.38
2011-04-22,8.87,8.57,8.87,8.55,147093,127587384.0,3.64,-2.61,-0.23,1.56
2011-04-25,8.57,8.32,8.63,8.27,91979,77393400.0,4.2,-2.92,-0.25,0.98
2011-04-26,8.31,8.29,8.39,8.21,57400,47530088.0,2.16,-0.36,-0.03,0.61
2011-04-27,8.33,8.16,8.37,8.1,67346,55454660.0,3.26,-1.57,-0.13,0.71
2011-04-28,8.18,7.74,8.24,7.7,90518,72396832.0,6.62,-5.15,-0.42,0.96
2011-04-29,7.74,7.9,7.9,7.7,58909,45891692.0,2.58,2.07,0.16,0.62
2011-05-03,7.88,8.02,8.04,7.85,56809,45281536.0,2.41,1.52,0.12,0.6
2011-05-04,8.0,7.77,8.0,7.71,59168,46394948.0,3.62,-3.12,-0.25,0.63
2011-05-05,7.77,7.78,7.9,7.74,43643,34025140.0,2.06,0.13,0.01,0.46
2011-05-06,7.7,7.73,7.8,7.58,60523,46434520.0,2.83,-0.64,-0.05,0.64
2011-05-09,7.73,7.76,7.86,7.71,37557,29204978.0,1.94,0.39,0.03,0.4
2011-05-10,7.76,7.96,7.98,7.71,65947,51867216.0,3.48,2.58,0.2,0.7
2011-05-11,7.94,8.22,8.31,7.81,113521,91938112.0,6.28,3.27,0.26,1.2
2011-05-12,8.1,8.05,8.35,8.04,112272,92297200.0,3.77,-2.07,-0.17,1.19
2011-05-13,8.02,8.29,8.34,8.02,98556,80643832.0,3.98,2.98,0.24,1.04
2011-05-16,8.29,8.55,8.69,8.22,174991,149245536.0,5.67,3.14,0.26,1.86
2011-05-17,8.55,8.55,8.65,8.36,193380,165121056.0,3.39,0.0,0.0,2.05
2011-05-18,8.5,8.6,8.68,8.43,114745,98379280.0,2.92,0.58,0.05,1.22
2011-05-19,8.6,8.39,8.63,8.35,93131,79049136.0,3.26,-2.44,-0.21,0.99
2011-05-20,8.35,8.21,8.43,8.17,77038,63632432.0,3.1,-2.15,-0.18,0.82
2011-05-23,8.12,8.04,8.38,8.03,84194,68801704.0,4.26,-2.07,-0.17,0.89
2011-05-24,8.01,7.9,8.02,7.6,83206,64939740.0,5.22,-1.74,-0.14,0.88
2011-05-25,7.86,7.78,7.94,7.75,35662,27945296.0,2.41,-1.52,-0.12,0.38
2011-05-26,7.85,7.85,8.05,7.81,54567,43252096.0,3.08,0.9,0.07,0.58
2011-05-27,7.78,7.7,7.89,7.66,58120,45113672.0,2.93,-1.91,-0.15,0.62
2011-05-30,7.73,7.65,7.88,7.56,45849,35249804.0,4.16,-0.65,-0.05,0.49
2011-05-31,7.67,7.82,7.83,7.67,38966,30248934.0,2.09,2.22,0.17,0.41
2011-06-01,7.85,7.85,7.86,7.74,47344,36937508.0,1.53,0.38,0.03,0.5
2011-06-02,7.73,7.58,7.73,7.45,66108,50141820.0,3.57,-3.44,-0.27,0.7
2011-06-03,7.57,7.69,7.73,7.55,48428,37148140.0,2.37,1.45,0.11,0.51
2011-06-07,7.63,7.72,7.76,7.6,43546,33591936.0,2.08,0.39,0.03,0.46
2011-06-08,7.69,7.92,7.98,7.69,76041,59767080.0,3.76,2.59,0.2,0.81
2011-06-09,7.85,7.68,8.0,7.68,62487,48980000.0,4.04,-3.03,-0.24,0.66
2011-06-10,7.7,7.89,7.9,7.61,50194,38822856.0,3.78,2.73,0.21,0.53
2011-06-13,7.8,7.81,7.89,7.72,30981,24189678.0,2.15,-1.01,-0.08,0.33
2011-06-14,7.86,7.92,7.96,7.79,53628,42395944.0,2.18,1.41,0.11,0.57
2011-06-15,7.92,7.78,7.99,7.78,49752,39162808.0,2.65,-1.77,-0.14,0.53
2011-06-16,7.69,7.55,7.75,7.55,50677,38629928.0,2.57,-2.96,-0.23,0.54
2011-06-17,7.56,7.47,7.63,7.45,34992,26366102.0,2.38,-1.06,-0.08,0.37
2011-06-20,7.47,7.29,7.55,7.22,41864,30762014.0,4.42,-2.41,-0.18,0.44
2011-06-21,7.33,7.42,7.45,7.28,36880,27110534.0,2.33,1.78,0.13,0.39
2011-06-22,7.42,7.32,7.46,7.27,21929,16136873.0,2.56,-1.35,-0.1,0.23
2011-06-23,7.31,7.45,7.48,7.22,36096,26608402.0,3.55,1.78,0.13,0.38
2011-06-24,7.48,7.76,7.9,7.45,99780,76968648.0,6.04,4.16,0.31,1.06
2011-06-27,7.7,7.8,7.84,7.7,53854,41894308.0,1.8,0.52,0.04,0.57
2011-06-28,7.75,7.85,7.89,7.75,56679,44437424.0,1.79,0.64,0.05,0.6
2011-06-29,7.85,7.66,7.95,7.66,74284,58099696.0,3.69,-2.42,-0.19,0.79
2011-06-30,7.65,7.87,7.88,7.65,61956,48498892.0,3.0,2.74,0.21,0.66
2011-07-01,7.88,7.87,7.94,7.81,56405,44360532.0,1.65,0.0,0.0,0.6
2011-07-04,7.88,8.14,8.17,7.87,109908,88403280.0,3.81,3.43,0.27,1.17
2011-07-05,8.14,8.62,8.68,8.06,273937,231870976.0,7.62,5.9,0.48,2.9
2011-07-06,8.46,8.61,8.64,8.45,164943,141061840.0,2.2,-0.12,-0.01,1.75
2011-07-07,8.6,8.49,8.66,8.44,127019,108518792.0,2.56,-1.39,-0.12,1.35
2011-07-08,8.71,8.8,8.98,8.65,307537,270951296.0,3.89,3.65,0.31,3.26
2011-07-11,8.73,8.72,8.88,8.64,153251,134123080.0,2.73,-0.91,-0.08,1.62
2011-07-12,8.6,8.36,8.6,8.36,134921,114301864.0,2.75,-4.13,-0.36,1.43
2011-07-13,8.33,8.74,8.78,8.33,175155,151494080.0,5.38,4.55,0.38,1.86
2011-07-14,8.71,8.75,8.85,8.64,125261,109342968.0,2.4,0.11,0.01,1.33
2011-07-15,8.71,8.92,8.98,8.69,172770,153227136.0,3.31,1.94,0.17,1.83
2011-07-18,8.88,8.81,9.09,8.8,125616,111997920.0,3.25,-1.23,-0.11,1.33
2011-07-19,8.77,8.58,8.78,8.56,98568,85197608.0,2.5,-2.61,-0.23,1.04
2011-07-20,8.65,8.64,8.78,8.52,65669,56879140.0,3.03,0.7,0.06,0.7
2011-07-21,8.65,8.48,8.7,8.46,69735,59474748.0,2.78,-1.85,-0.16,0.74
2011-07-22,8.69,8.54,8.69,8.5,58744,50399052.0,2.24,0.71,0.06,0.62
2011-07-25,8.54,8.55,8.66,8.43,132282,113128824.0,2.69,0.12,0.01,1.4
2011-07-26,8.55,8.49,8.6,8.31,79556,67129768.0,3.39,-0.7,-0.06,0.84
2011-07-27,8.44,8.63,8.65,8.34,86412,73819440.0,3.65,1.65,0.14,0.92
2011-07-28,8.55,8.53,8.56,8.4,51179,43435512.0,1.85,-1.16,-0.1,0.54
2011-07-29,8.54,8.5,8.59,8.42,47081,39982280.0,1.99,-0.35,-0.03,0.5
2011-08-01,8.52,8.67,8.72,8.5,90029,77673664.0,2.59,2.0,0.17,0.95
2011-08-02,8.62,8.6,8.62,8.52,53024,45408296.0,1.15,-0.81,-0.07,0.56
2011-08-03,8.5,8.72,8.76,8.42,96687,83686528.0,3.95,1.4,0.12,1.02
2011-08-04,8.72,8.73,8.84,8.7,81400,71379880.0,1.61,0.11,0.01,0.86
2011-08-05,8.5,8.46,8.59,8.42,77212,65729760.0,1.95,-3.09,-0.27,0.82
2011-08-08,8.28,7.82,8.38,7.61,133367,106041656.0,9.1,-7.57,-0.64,1.41
2011-08-09,7.49,7.83,7.93,7.36,77504,59181100.0,7.29,0.13,0.01,0.82
2011-08-10,8.03,8.12,8.16,7.94,90612,73022920.0,2.81,3.7,0.29,0.96
2011-08-11,8.5,8.83,8.9,8.46,397325,345243552.0,5.42,8.74,0.71,4.21
2011-08-12,8.79,8.95,9.18,8.63,369125,330010752.0,6.23,1.36,0.12,3.91
2011-08-15,8.95,9.58,9.84,8.94,427733,402153024.0,10.06,7.04,0.63,4.53
2011-08-16,9.58,9.56,9.66,9.32,319890,302794272.0,3.55,-0.21,-0.02,3.39
2011-08-17,9.48,9.6,9.91,9.41,310599,300835200.0,5.23,0.42,0.04,3.29
2011-08-18,9.6,9.19,9.6,9.19,233522,218439392.0,4.27,-4.27,-0.41,2.48
2011-08-19,9.0,9.15,9.15,8.88,229565,207362096.0,2.94,-0.44,-0.04,2.43
2011-08-22,9.13,8.88,9.22,8.85,161216,145676592.0,4.04,-2.95,-0.27,1.71
2011-08-23,8.91,9.11,9.13,8.81,125623,112853152.0,3.6,2.59,0.23,1.33
2011-08-24,9.18,9.35,9.63,9.09,265277,249547264.0,5.93,2.63,0.24,2.81
2011-08-25,9.4,9.51,9.59,9.21,194563,183906720.0,4.06,1.71,0.16,2.06
2011-08-26,9.4,9.4,9.59,9.33,124127,117236880.0,2.73,-1.16,-0.11,1.32
2011-08-29,9.34,9.16,9.42,9.08,146707,135192480.0,3.62,-2.55,-0.24,1.56
2011-08-30,9.27,9.11,9.45,9.0,119189,110268656.0,4.91,-0.55,-0.05,1.26
2011-09-01,9.0,9.48,9.6,9.0,248455,233820208.0,6.59,4.06,0.37,2.63
2011-09-02,9.44,9.3,9.53,9.09,160933,149231408.0,4.64,-1.9,-0.18,1.71
2011-09-05,9.12,9.55,9.87,9.06,321914,305352736.0,8.71,2.69,0.25,3.41
2011-09-06,9.43,9.12,9.78,9.08,284199,265960256.0,7.33,-4.5,-0.43,3.01
2011-09-07,9.14,9.21,9.24,8.77,235306,211670576.0,5.15,0.99,0.09,2.49
2011-09-08,9.18,8.83,9.22,8.83,147393,133425664.0,4.23,-4.13,-0.38,1.56
2011-09-09,8.83,8.89,9.1,8.78,89201,79558176.0,3.62,0.68,0.06,0.95
2011-09-13,8.77,8.65,8.77,8.4,82525,70891688.0,4.16,-2.7,-0.24,0.87
2011-09-14,8.69,8.77,8.77,8.5,66005,57146388.0,3.12,1.39,0.12,0.7
2011-09-15,8.8,8.77,8.87,8.69,69321,61189132.0,2.05,0.0,0.0,0.73
2011-09-16,8.78,8.7,8.89,8.7,50578,44429620.0,2.17,-0.8,-0.07,0.54
2011-09-19,8.6,8.45,8.61,8.19,90425,76037632.0,4.83,-2.87,-0.25,0.96
2011-09-20,8.39,8.38,8.45,8.25,51241,42804656.0,2.37,-0.83,-0.07,0.54
2011-09-21,8.38,8.61,8.67,8.28,84137,71787056.0,4.65,2.74,0.23,0.89
2011-09-22,8.5,8.24,8.57,8.15,83931,70273832.0,4.88,-4.3,-0.37,0.89
2011-09-23,8.05,8.0,8.13,7.68,120853,96140616.0,5.46,-2.91,-0.24,1.28
2011-09-26,7.94,7.67,8.05,7.65,70172,55078160.0,5.0,-4.13,-0.33,0.74
2011-09-27,7.77,7.74,7.83,7.62,60247,46622000.0,2.74,0.91,0.07,0.64
2011-09-28,7.83,7.55,7.86,7.47,51372,39467172.0,5.04,-2.45,-0.19,0.54
2011-09-29,7.49,7.33,7.5,7.31,66223,49079268.0,2.52,-2.91,-0.22,0.7
2011-09-30,7.34,7.27,7.55,7.25,63709,46936320.0,4.09,-0.82,-0.06,0.68
2011-10-10,7.28,7.34,7.44,7.27,46074,33912156.0,2.34,0.96,0.07,0.49
2011-10-11,7.55,7.41,7.64,7.31,71353,53424608.0,4.5,0.95,0.07,0.76
2011-10-12,7.35,7.9,7.95,7.32,123294,95206432.0,8.5,6.61,0.49,1.31
2011-10-13,7.86,7.9,7.95,7.81,74407,58615984.0,1.77,0.0,0.0,0.79
2011-10-14,7.88,7.86,7.94,7.72,53671,42039616.0,2.78,-0.51,-0.04,0.57
2011-10-17,7.88,7.75,7.93,7.7,80669,62763008.0,2.93,-1.4,-0.11,0.86
2011-10-18,7.67,7.37,7.75,7.36,63920,48258696.0,5.03,-4.9,-0.38,0.68
2011-10-19,7.41,7.42,7.51,7.32,35146,26085558.0,2.58,0.68,0.05,0.37
2011-10-20,7.38,7.2,7.42,7.15,56011,40626868.0,3.64,-2.96,-0.22,0.59
2011-10-21,7.2,7.11,7.32,7.1,42869,30848156.0,3.06,-1.25,-0.09,0.45
2011-10-24,7.16,7.2,7.26,6.88,62961,44756784.0,5.34,1.27,0.09,0.67
2011-10-25,7.2,7.41,7.44,7.17,61966,45373728.0,3.75,2.92,0.21,0.66
2011-10-26,7.33,7.41,7.51,7.3,65167,48450236.0,2.83,0.0,0.0,0.69
2011-10-27,7.41,7.2,7.44,7.17,83561,61004328.0,3.64,-2.83,-0.21,0.89
2011-10-28,7.34,7.61,7.65,7.26,116245,86839816.0,5.42,5.69,0.41,1.23
2011-10-31,7.57,7.63,7.73,7.52,78308,59847980.0,2.76,0.26,0.02,0.83
2011-11-01,7.53,7.57,7.7,7.48,63430,48271248.0,2.88,-0.79,-0.06,0.67
2011-11-02,7.43,7.58,7.6,7.26,120215,88867816.0,4.49,0.13,0.01,1.27
2011-11-03,7.59,7.57,7.74,7.56,107693,82273752.0,2.37,-0.13,-0.01,1.14
2011-11-04,7.61,7.67,7.69,7.55,72702,55511580.0,1.85,1.32,0.1,0.77
2011-11-07,7.72,7.78,7.84,7.63,82238,63592552.0,2.74,1.43,0.11,0.87
2011-11-08,7.75,7.6,7.86,7.58,57238,44159240.0,3.6,-2.31,-0.18,0.61
2011-11-09,7.61,7.6,7.69,7.49,75495,57052424.0,2.63,0.0,0.0,0.8
2011-11-10,7.51,7.35,7.53,7.26,66662,49421440.0,3.55,-3.29,-0.25,0.71
2011-11-11,7.35,7.37,7.42,7.28,37570,27634212.0,1.9,0.27,0.02,0.4
2011-11-14,7.42,7.86,7.87,7.4,168900,130738608.0,6.38,6.65,0.49,1.79
2011-11-15,7.82,8.05,8.07,7.79,150176,119348456.0,3.56,2.42,0.19,1.59
2011-11-16,8.02,7.92,8.05,7.77,150838,118925640.0,3.48,-1.61,-0.13,1.6
2011-11-17,7.88,8.12,8.16,7.85,154777,124439408.0,3.91,2.53,0.2,1.64
2011-11-18,8.08,8.03,8.16,7.95,122791,98786096.0,2.59,-1.11,-0.09,1.3
2011-11-21,8.03,7.89,8.13,7.73,78230,61594076.0,4.98,-1.74,-0.14,0.83
2011-11-22,7.75,7.77,7.83,7.5,74527,57231164.0,4.18,-1.52,-0.12,0.79
2011-11-23,7.75,7.79,7.8,7.62,63104,48811328.0,2.32,0.26,0.02,0.67
2011-11-24,7.67,7.8,7.96,7.65,75932,59679284.0,3.98,0.13,0.01,0.8
2011-11-25,7.78,7.78,7.92,7.74,62038,48661424.0,2.31,-0.26,-0.02,0.66
2011-11-28,7.76,7.95,7.95,7.76,86066,67909752.0,2.44,2.19,0.17,0.91
2011-11-29,8.0,7.94,8.04,7.81,64140,50789768.0,2.89,-0.13,-0.01,0.68
2011-11-30,7.9,7.15,7.94,7.15,175690,130007072.0,9.95,-9.95,-0.79,1.86
2011-12-01,7.4,7.28,7.44,7.23,97838,71799760.0,2.94,1.82,0.13,1.04
2011-12-02,7.24,6.97,7.25,6.96,62365,44078736.0,3.98,-4.26,-0.31,0.66
2011-12-05,6.93,6.64,7.01,6.61,71413,48348876.0,5.74,-4.73,-0.33,0.76
2011-12-06,6.6,6.74,6.76,6.58,32838,21963108.0,2.71,1.51,0.1,0.35
2011-12-07,6.7,6.81,6.87,6.69,23320,15864710.0,2.67,1.04,0.07,0.25
2011-12-08,6.81,6.76,6.87,6.65,30841,20848516.0,3.23,-0.73,-0.05,0.33
2011-12-09,6.72,6.49,6.77,6.48,45462,29967872.0,4.29,-3.99,-0.27,0.48
2011-12-12,6.48,6.5,6.59,6.48,19093,12468883.0,1.69,0.15,0.01,0.2
2011-12-13,6.42,6.07,6.49,5.99,68890,42567520.0,7.69,-6.62,-0.43,0.73
2011-12-14,6.01,5.93,6.13,5.9,36907,22103124.0,3.79,-2.31,-0.14,0.39
2011-12-15,5.92,5.67,5.92,5.48,88360,49580572.0,7.42,-4.38,-0.26,0.94
2011-12-16,5.61,5.89,5.9,5.6,50026,28706006.0,5.29,3.88,0.22,0.53
2011-12-19,5.86,5.81,5.86,5.69,35617,20506614.0,2.89,-1.36,-0.08,0.38
2011-12-20,5.81,5.8,5.95,5.75,42914,25115596.0,3.44,-0.17,-0.01,0.45
2011-12-21,5.84,5.61,5.9,5.6,32884,19110490.0,5.17,-3.28,-0.19,0.35
2011-12-22,5.51,5.48,5.59,5.21,43593,23640736.0,6.77,-2.32,-0.13,0.46
2011-12-23,5.51,5.57,5.65,5.41,32918,18292294.0,4.38,1.64,0.09,0.35
2011-12-26,5.6,5.53,5.64,5.5,19382,10800830.0,2.51,-0.72,-0.04,0.21
2011-12-27,5.5,5.31,5.56,5.31,24809,13384915.0,4.52,-3.98,-0.22,0.26
2011-12-28,5.33,5.27,5.34,5.15,30061,15733929.0,3.58,-0.75,-0.04,0.32
2011-12-29,5.25,5.4,5.4,5.21,38870,20582992.0,3.61,2.47,0.13,0.41
2011-12-30,5.4,5.45,5.53,5.37,46473,25343684.0,2.96,0.93,0.05,0.49
2012-01-04,5.48,5.35,5.54,5.34,28723,15713158.0,3.67,-1.83,-0.1,0.3
2012-01-05,5.35,5.13,5.44,5.09,31531,16661218.0,6.54,-4.11,-0.22,0.33
2012-01-06,5.13,5.09,5.17,4.95,37295,18846700.0,4.29,-0.78,-0.04,0.4
2012-01-09,5.15,5.3,5.35,5.05,51135,26756852.0,5.89,4.13,0.21,0.54
2012-01-10,5.32,5.53,5.56,5.27,75624,41223636.0,5.47,4.34,0.23,0.8
2012-01-11,5.53,5.55,5.71,5.48,80268,44756964.0,4.16,0.36,0.02,0.85
2012-01-12,5.5,5.68,5.78,5.5,77889,44154376.0,5.05,2.34,0.13,0.83
2012-01-13,5.62,5.66,5.75,5.3,103085,57309384.0,7.92,-0.35,-0.02,1.09
2012-01-16,5.58,5.6,5.65,5.45,47987,26701180.0,3.53,-1.06,-0.06,0.51
2012-01-17,5.6,5.85,5.87,5.5,84270,48437924.0,6.61,4.46,0.25,0.89
2012-01-18,5.85,5.87,6.05,5.77,95336,56345048.0,4.79,0.34,0.02,1.01
2012-01-19,5.81,5.96,6.08,5.76,93818,55412952.0,5.45,1.53,0.09,0.99
2012-01-20,5.98,6.13,6.19,5.85,97316,59043480.0,5.7,2.85,0.17,1.03
2012-01-30,6.12,5.99,6.17,5.95,73394,44262636.0,3.59,-2.28,-0.14,0.78
2012-01-31,5.99,5.99,6.03,5.83,60092,35690088.0,3.34,0.0,0.0,0.64
2012-02-02,5.91,6.01,6.03,5.85,67253,40075848.0,3.01,0.33,0.02,0.71
2012-02-03,6.01,6.02,6.07,5.93,72840,43752812.0,2.33,0.17,0.01,0.77
2012-02-06,6.03,6.0,6.12,5.96,84338,50886952.0,2.66,-0.33,-0.02,0.89
2012-02-07,5.94,5.69,5.95,5.65,103176,59570316.0,5.0,-5.17,-0.31,1.09
2012-02-08,5.7,5.85,5.87,5.68,92151,53283896.0,3.34,2.81,0.16,0.98
2012-02-09,5.83,5.9,6.0,5.8,97815,57874848.0,3.42,0.85,0.05,1.04
2012-02-10,5.86,5.99,6.04,5.85,108504,64812628.0,3.22,1.53,0.09,1.15
2012-02-13,5.94,5.97,6.03,5.89,134890,80250080.0,2.34,-0.33,-0.02,1.43
2012-02-14,6.0,6.12,6.15,5.95,184576,112192200.0,3.35,2.51,0.15,1.96
2012-02-15,6.1,6.15,6.18,6.03,132000,80769440.0,2.45,0.49,0.03,1.4
2012-02-16,6.16,6.06,6.17,5.99,101749,61906800.0,2.93,-1.46,-0.09,1.08
2012-02-17,6.09,6.07,6.12,6.01,61038,36984188.0,1.82,0.17,0.01,0.65
2012-02-20,6.15,6.05,6.17,6.04,72941,44391060.0,2.14,-0.33,-0.02,0.77
2012-02-21,6.04,6.06,6.08,5.91,70969,42541916.0,2.81,0.17,0.01,0.75
2012-02-22,6.04,6.2,6.23,6.01,144603,88965744.0,3.63,2.31,0.14,1.53
2012-02-23,6.19,6.27,6.34,6.18,148224,92921728.0,2.58,1.13,0.07,1.57
2012-02-24,6.26,6.3,6.37,6.18,111328,69850600.0,3.03,0.48,0.03,1.18
2012-02-27,6.32,6.39,6.52,6.27,170571,109506264.0,3.97,1.43,0.09,1.81
2012-02-28,6.34,6.35,6.45,6.29,106015,67552608.0,2.5,-0.63,-0.04,1.12
2012-02-29,6.33,6.22,6.37,6.21,78739,49422784.0,2.52,-2.05,-0.13,0.83
2012-03-01,6.18,6.27,6.31,6.16,68735,42982628.0,2.41,0.8,0.05,0.73
2012-03-02,6.27,6.47,6.48,6.27,119228,76442128.0,3.35,3.19,0.2,1.26
2012-03-05,6.5,6.43,6.57,6.4,106481,69195184.0,2.63,-0.62,-0.04,1.13
2012-03-06,6.42,6.33,6.48,6.28,89444,56798492.0,3.11,-1.56,-0.1,0.95
2012-03-07,6.25,6.28,6.38,6.21,74861,47078996.0,2.69,-0.79,-0.05,0.79
2012-03-08,6.34,6.46,6.56,6.34,157549,102069072.0,3.5,2.87,0.18,1.67
2012-03-09,6.5,6.56,6.64,6.46,112325,73575944.0,2.79,1.55,0.1,1.19
2012-03-12,6.57,6.54,6.66,6.49,90128,59285264.0,2.59,-0.3,-0.02,0.96
2012-03-13,6.52,6.75,6.75,6.52,137870,91926376.0,3.52,3.21,0.21,1.46
2012-03-14,6.76,6.5,6.82,6.34,207020,136815680.0,7.11,-3.7,-0.25,2.19
2012-03-15,6.46,6.39,6.49,6.25,92672,59078960.0,3.69,-1.69,-0.11,0.98
2012-03-16,6.41,6.52,6.52,6.33,82349,53011836.0,2.97,2.03,0.13,0.87
2012-03-19,6.49,6.59,6.59,6.44,70335,45920916.0,2.3,1.07,0.07,0.75
2012-03-20,6.55,6.36,6.58,6.34,81208,52203886.0,3.64,-3.49,-0.23,0.86
2012-03-21,6.38,6.39,6.44,6.29,67992,43236167.0,2.36,0.47,0.03,0.72
2012-03-22,6.43,6.57,6.65,6.37,103508,67261862.0,4.38,2.82,0.18,1.1
2012-03-23,6.54,6.4,6.55,6.39,65457,42274425.0,2.44,-2.59,-0.17,0.69
2012-03-26,6.38,6.36,6.4,6.23,76477,48115463.0,2.66,-0.63,-0.04,0.81
2012-03-27,6.41,6.29,6.43,6.24,43583,27599593.0,2.99,-1.1,-0.07,0.46
2012-03-28,6.27,6.02,6.27,5.99,77598,47187921.0,4.45,-4.29,-0.27,0.82
2012-03-29,5.98,5.82,5.99,5.8,44971,26481775.0,3.16,-3.32,-0.2,0.48
2012-03-30,5.84,5.95,6.01,5.66,71259,41497624.0,6.01,2.23,0.13,0.76
2012-04-05,5.91,6.1,6.22,5.9,87970,53376617.0,5.38,2.52,0.15,0.93
2012-04-06,6.08,6.06,6.14,5.99,65492,39732252.0,2.46,-0.66,-0.04,0.69
2012-04-09,6.05,6.02,6.16,6.01,51289,31228862.0,2.48,-0.66,-0.04,0.54
2012-04-10,5.97,6.04,6.05,5.84,61525,36627532.0,3.49,0.33,0.02,0.65
2012-04-11,5.97,6.03,6.09,5.9,53222,32026069.0,3.15,-0.17,-0.01,0.56
2012-04-12,6.06,6.27,6.31,6.02,151613,93690563.0,4.81,3.98,0.24,1.61
2012-04-13,6.3,6.3,6.44,6.25,154949,98326386.0,3.03,0.48,0.03,1.64
2012-04-16,6.2,6.53,6.64,6.16,214577,138447317.0,7.62,3.65,0.23,2.27
2012-04-17,6.55,6.44,6.86,6.44,209874,139274745.0,6.43,-1.38,-0.09,2.22
2012-04-18,6.49,6.63,6.7,6.31,187176,122278781.0,6.06,2.95,0.19,1.98
2012-04-19,6.62,6.62,6.66,6.53,106320,70072532.0,1.96,-0.15,-0.01,1.13
2012-04-20,6.62,6.85,6.97,6.6,218368,148616173.0,5.59,3.47,0.23,2.31
2012-04-23,6.88,6.88,7.23,6.85,278421,195473002.0,5.55,0.44,0.03,2.95
2012-04-24,6.78,6.99,7.0,6.58,190662,129693691.0,6.1,1.6,0.11,2.02
2012-04-25,6.99,7.02,7.18,6.9,166703,117498732.0,4.01,0.43,0.03,1.77
2012-04-26,7.08,6.83,7.08,6.76,138423,95248106.0,4.56,-2.71,-0.19,1.47
2012-04-27,6.71,6.72,6.8,6.55,114185,76114914.0,3.66,-1.61,-0.11,1.21
2012-05-02,6.91,6.8,6.94,6.74,106331,72603240.0,2.98,1.19,0.08,1.13
2012-05-03,6.78,6.73,6.81,6.66,101505,68248811.0,2.21,-1.03,-0.07,1.08
2012-05-04,6.71,6.74,6.78,6.59,87460,58440661.0,2.82,0.15,0.01,0.93
2012-05-07,6.66,6.71,6.73,6.65,59078,39501977.0,1.19,-0.45,-0.03,0.63
2012-05-08,6.7,6.76,6.81,6.63,87052,58500046.0,2.68,0.75,0.05,0.92
2012-05-09,6.7,6.54,6.7,6.52,75959,50224325.0,2.66,-3.25,-0.22,0.81
2012-05-10,6.56,6.54,6.6,6.49,52364,34294566.0,1.68,0.0,0.0,0.56
2012-05-11,6.57,6.5,6.65,6.5,59549,39122683.0,2.29,-0.61,-0.04,0.63
2012-05-14,6.56,6.55,6.64,6.49,73040,48017947.0,2.31,0.77,0.05,0.77
2012-05-15,6.47,6.55,6.57,6.43,41704,27043014.0,2.14,0.0,0.0,0.44
2012-05-16,6.51,6.36,6.57,6.36,46488,30074006.0,3.21,-2.9,-0.19,0.49
2012-05-18,6.47,6.4,6.54,6.3,81794,52709011.0,3.77,0.63,0.04,0.87
2012-05-21,6.35,6.3,6.43,6.29,49985,31739940.0,2.19,-1.56,-0.1,0.53
2012-05-22,6.43,6.48,6.51,6.41,68756,44472076.0,1.59,2.86,0.18,0.73
2012-05-23,6.46,6.59,6.6,6.44,89424,58296422.0,2.47,1.7,0.11,0.95
2012-05-24,6.58,6.56,6.62,6.47,65812,43109421.0,2.28,-0.46,-0.03,0.7
2012-05-25,6.54,6.72,6.72,6.5,132313,87964019.0,3.35,2.44,0.16,1.4
2012-05-28,6.7,6.8,6.81,6.64,118699,79877173.0,2.53,1.19,0.08,1.26
2012-05-29,6.8,6.85,6.97,6.71,143748,98776338.0,3.82,0.74,0.05,1.52
2012-05-30,6.87,6.82,6.93,6.81,84599,58089695.0,1.75,-0.44,-0.03,0.9
2012-05-31,6.77,6.77,6.83,6.71,86428,58442736.0,1.76,-0.73,-0.05,0.92
2012-06-01,6.76,6.71,6.82,6.68,53764,36279293.0,2.07,-0.89,-0.06,0.57
2012-06-04,6.59,6.37,6.59,6.32,83353,53909621.0,4.02,-5.07,-0.34,0.88
2012-06-05,6.41,6.35,6.42,6.31,37642,23918598.0,1.73,-0.31,-0.02,0.4
2012-06-06,6.33,6.28,6.42,6.24,53027,33518403.0,2.83,-1.1,-0.07,0.56
2012-06-07,6.36,6.28,6.39,6.23,42931,27160671.0,2.55,0.0,0.0,0.46
2012-06-08,6.34,6.29,6.4,6.28,43508,27532926.0,1.91,0.16,0.01,0.46
2012-06-11,6.31,6.38,6.39,6.25,43557,27544948.0,2.23,1.43,0.09,0.46
2012-06-12,6.35,6.3,6.37,6.29,24269,15343929.0,1.25,-1.25,-0.08,0.26
2012-06-13,6.31,6.47,6.5,6.31,55138,35474513.0,3.02,2.7,0.17,0.58
2012-06-14,6.49,6.6,6.73,6.47,105733,70220708.0,4.02,2.01,0.13,1.12
2012-06-15,6.6,6.6,6.67,6.5,55981,36923321.0,2.58,0.0,0.0,0.59
2012-06-18,6.6,6.68,6.77,6.6,53200,35651515.0,2.58,1.21,0.08,0.56
2012-06-19,6.68,6.62,6.73,6.61,45956,30614141.0,1.8,-0.9,-0.06,0.49
2012-06-20,6.69,6.57,6.69,6.55,31200,20573524.0,2.11,-0.76,-0.05,0.33
2012-06-21,6.56,6.33,6.56,6.32,49030,31369212.0,3.65,-3.65,-0.24,0.52
2012-06-25,6.3,6.42,6.47,6.24,49922,31740904.0,3.63,1.42,0.09,0.53
2012-06-26,6.37,6.67,6.68,6.34,73818,47937013.0,5.3,3.89,0.25,0.78
2012-06-27,6.63,6.66,6.82,6.6,103482,69706868.0,3.3,-0.15,-0.01,1.1
2012-06-28,6.73,6.6,6.74,6.53,68775,45623972.0,3.15,-0.9,-0.06,0.73
2012-06-29,6.55,6.8,6.85,6.53,105127,70970766.0,4.85,3.03,0.2,1.11
2012-07-02,6.8,6.83,6.92,6.76,91912,62871615.0,2.35,0.44,0.03,0.97
2012-07-03,7.05,7.19,7.45,6.9,318588,228973565.0,8.05,5.27,0.36,3.38
2012-07-04,7.08,7.09,7.17,6.92,103859,72967314.0,3.48,-1.39,-0.1,1.1
2012-07-05,7.01,6.84,7.02,6.76,71496,48868978.0,3.67,-3.53,-0.25,0.76
2012-07-06,6.87,6.81,6.88,6.59,86371,58212073.0,4.24,-0.44,-0.03,0.92
2012-07-09,6.72,6.54,6.78,6.46,60342,40047161.0,4.7,-3.96,-0.27,0.64
2012-07-10,6.5,6.58,6.63,6.43,46522,30391788.0,3.06,0.61,0.04,0.49
2012-07-11,6.58,6.56,6.67,6.5,41259,27131139.0,2.58,-0.3,-0.02,0.44
2012-07-12,6.61,6.59,6.63,6.42,59297,38781084.0,3.2,0.46,0.03,0.63
2012-07-13,6.53,6.44,6.59,6.41,56614,36673498.0,2.73,-2.28,-0.15,0.6
2012-07-16,6.4,5.98,6.41,5.94,79193,48373841.0,7.3,-7.14,-0.46,0.84
2012-07-17,5.96,6.01,6.06,5.88,48943,29201211.0,3.01,0.5,0.03,0.52
2012-07-18,6.0,6.02,6.02,5.64,73311,42770920.0,6.32,0.17,0.01,0.78
2012-07-19,5.92,6.02,6.08,5.89,59421,35715114.0,3.16,0.0,0.0,0.63
2012-07-20,5.98,6.02,6.03,5.9,47566,28422424.0,2.16,0.0,0.0,0.5
2012-07-23,5.99,5.94,5.99,5.91,15969,9482546.0,1.33,-1.33,-0.08,0.17
2012-07-24,5.84,5.93,5.98,5.84,19078,11316377.0,2.36,-0.17,-0.01,0.2
2012-07-25,5.93,5.81,5.96,5.81,26008,15280693.0,2.53,-2.02,-0.12,0.28
2012-07-26,5.8,5.67,5.85,5.66,31441,18089907.0,3.27,-2.41,-0.14,0.33
2012-07-27,5.81,5.82,5.85,5.58,32962,18755218.0,4.76,2.65,0.15,0.35
2012-07-30,5.75,5.68,5.78,5.63,20080,11434649.0,2.58,-2.41,-0.14,0.21
2012-07-31,5.67,5.55,5.68,5.5,23217,12968879.0,3.17,-2.29,-0.13,0.25
2012-08-01,5.51,5.64,5.68,5.5,23825,13365602.0,3.24,1.62,0.09,0.25
2012-08-02,5.6,5.58,5.63,5.5,22995,12817511.0,2.3,-1.06,-0.06,0.24
2012-08-03,5.61,5.68,5.69,5.55,20289,11423233.0,2.51,1.79,0.1,0.22
2012-08-06,5.62,5.81,5.84,5.62,29062,16690408.0,3.87,2.29,0.13,0.31
2012-08-07,5.79,5.82,5.84,5.76,23118,13402241.0,1.38,0.17,0.01,0.25
2012-08-08,5.82,5.87,5.94,5.79,34578,20323631.0,2.58,0.86,0.05,0.37
2012-08-09,6.1,6.0,6.14,5.95,85917,51819275.0,3.24,2.21,0.13,0.91
2012-08-10,5.95,5.91,5.99,5.87,42737,25275662.0,2.0,-1.5,-0.09,0.45
2012-08-13,5.91,5.68,5.91,5.67,44035,25470380.0,4.06,-3.89,-0.23,0.47
2012-08-14,5.69,5.77,5.79,5.62,26545,15126978.0,2.99,1.58,0.09,0.28
2012-08-15,5.73,5.66,5.74,5.65,22300,12689563.0,1.56,-1.91,-0.11,0.24
2012-08-16,5.63,5.63,5.71,5.63,14942,8451487.0,1.41,-0.53,-0.03,0.16
2012-08-17,5.63,5.65,5.68,5.6,16135,9098608.0,1.42,0.36,0.02,0.17
2012-08-20,5.6,5.61,5.65,5.51,20202,11223369.0,2.48,-0.71,-0.04,0.21
2012-08-21,5.63,5.71,5.74,5.57,28209,16027897.0,3.03,1.78,0.1,0.3
2012-08-22,5.72,5.71,5.73,5.66,19650,11177759.0,1.23,0.0,0.0,0.21
2012-08-23,5.7,5.85,5.87,5.68,30997,17886329.0,3.33,2.45,0.14,0.33
2012-08-24,5.8,5.81,5.83,5.66,26757,15357990.0,2.91,-0.68,-0.04,0.28
2012-08-27,5.69,5.25,5.7,5.23,95872,51419283.0,8.09,-9.64,-0.56,1.02
2012-08-28,5.25,5.26,5.34,5.14,42592,22321362.0,3.81,0.19,0.01,0.45
2012-08-29,5.25,5.2,5.27,5.18,17639,9218934.0,1.71,-1.14,-0.06,0.19
2012-08-30,5.17,5.19,5.24,5.07,31398,16219837.0,3.27,-0.19,-0.01,0.33
2012-08-31,5.18,5.36,5.42,5.16,33839,17910766.0,5.01,3.28,0.17,0.36
2012-09-03,5.37,5.38,5.42,5.3,24231,13020118.0,2.24,0.37,0.02,0.26
2012-09-04,5.38,5.26,5.41,5.24,20088,10681870.0,3.16,-2.23,-0.12,0.21
2012-09-05,5.23,5.29,5.35,5.22,12805,6761626.0,2.47,0.57,0.03,0.14
2012-09-06,5.29,5.31,5.34,5.27,13228,7010569.0,1.32,0.38,0.02,0.14
2012-09-07,5.38,5.55,5.67,5.34,61289,33840227.0,6.21,4.52,0.24,0.65
2012-09-10,5.55,5.61,5.66,5.51,40156,22422909.0,2.7,1.08,0.06,0.43
2012-09-11,5.57,5.55,5.58,5.5,22415,12396574.0,1.43,-1.07,-0.06,0.24
2012-09-12,5.55,5.57,5.61,5.53,22396,12455215.0,1.44,0.36,0.02,0.24
2012-09-13,5.58,5.5,5.61,5.5,24708,13725873.0,1.97,-1.26,-0.07,0.26
2012-09-14,5.55,5.55,5.6,5.48,33502,18548153.0,2.18,0.91,0.05,0.36
2012-09-17,5.55,5.26,5.55,5.25,25109,13532017.0,5.41,-5.23,-0.29,0.27
2012-09-18,5.3,5.22,5.32,5.21,23392,12313459.0,2.09,-0.76,-0.04,0.25
2012-09-19,5.24,5.23,5.27,5.18,30008,15661541.0,1.72,0.19,0.01,0.32
2012-09-20,5.23,4.99,5.23,4.99,44175,22453231.0,4.59,-4.59,-0.24,0.47
2012-09-21,4.97,4.99,5.07,4.92,32379,16174070.0,3.01,0.0,0.0,0.34
2012-09-24,5.0,5.0,5.05,4.92,22522,11232987.0,2.61,0.2,0.01,0.24
2012-09-25,5.0,4.94,5.03,4.93,15781,7849220.0,2.0,-1.2,-0.06,0.17
2012-09-26,4.95,4.87,4.96,4.79,35198,17132288.0,3.44,-1.42,-0.07,0.37
2012-09-27,4.85,5.0,5.03,4.83,42573,21073255.0,4.11,2.67,0.13,0.45
2012-09-28,4.98,5.05,5.07,4.93,43271,21729413.0,2.8,1.0,0.05,0.46
2012-10-08,5.04,5.04,5.1,5.0,29143,14660858.0,1.98,-0.2,-0.01,0.31
2012-10-09,5.05,5.15,5.17,5.04,48493,24842455.0,2.58,2.18,0.11,0.51
2012-10-10,5.12,5.17,5.21,5.1,48497,24954104.0,2.14,0.39,0.02,0.51
2012-10-11,5.15,5.1,5.16,5.07,35639,18221280.0,1.74,-1.35,-0.07,0.38
2012-10-12,5.1,5.1,5.16,5.04,27885,14217964.0,2.35,0.0,0.0,0.3
2012-10-15,5.06,5.08,5.14,5.01,28433,14439351.0,2.55,-0.39,-0.02,0.3
2012-10-16,5.09,5.09,5.12,5.05,23140,11788932.0,1.38,0.2,0.01,0.25
2012-10-17,5.43,5.24,5.51,5.24,182991,98261586.0,5.3,2.95,0.15,1.94
2012-10-18,5.15,5.26,5.31,5.15,90057,47207594.0,3.05,0.38,0.02,0.95
2012-10-19,5.26,5.21,5.27,5.18,62935,32836956.0,1.71,-0.95,-0.05,0.67
2012-10-22,5.17,5.22,5.24,5.11,45415,23499095.0,2.5,0.19,0.01,0.48
2012-10-23,5.2,5.18,5.24,5.17,34497,17939182.0,1.34,-0.77,-0.04,0.37
2012-10-24,5.16,5.16,5.19,5.12,28594,14735768.0,1.35,-0.39,-0.02,0.3
2012-10-25,5.16,5.16,5.21,5.14,27657,14304328.0,1.36,0.0,0.0,0.29
2012-10-26,5.13,5.02,5.16,4.94,41086,20657021.0,4.26,-2.71,-0.14,0.44
2012-10-29,5.02,5.0,5.04,4.92,26796,13333019.0,2.39,-0.4,-0.02,0.28
2012-10-30,4.99,5.0,5.02,4.96,23179,11558869.0,1.2,0.0,0.0,0.25
2012-10-31,5.0,4.97,5.02,4.94,24852,12340386.0,1.6,-0.6,-0.03,0.26
2012-11-01,4.98,5.11,5.12,4.97,53409,26973040.0,3.02,2.82,0.14,0.57
2012-11-02,5.1,5.12,5.19,5.06,36713,18712918.0,2.54,0.2,0.01,0.39
2012-11-05,5.1,5.06,5.14,5.04,25671,13015467.0,1.95,-1.17,-0.06,0.27
2012-11-06,5.06,5.02,5.08,4.94,31453,15691670.0,2.77,-0.79,-0.04,0.33
2012-11-07,5.02,5.02,5.03,4.96,14694,7339661.0,1.39,0.0,0.0,0.16
2012-11-08,4.97,4.89,4.97,4.86,26904,13228445.0,2.19,-2.59,-0.13,0.29
2012-11-09,4.87,4.89,4.93,4.85,21082,10294013.0,1.64,0.0,0.0,0.22
2012-11-12,4.89,4.94,4.94,4.88,17660,8654314.0,1.23,1.02,0.05,0.19
2012-11-13,4.94,4.83,4.94,4.8,26144,12687389.0,2.83,-2.23,-0.11,0.28
2012-11-14,4.83,4.82,4.86,4.75,23624,11335797.0,2.28,-0.21,-0.01,0.25
2012-11-15,4.8,4.64,4.8,4.64,29197,13751840.0,3.32,-3.73,-0.18,0.31
2012-11-16,4.61,4.5,4.66,4.4,52124,23420858.0,5.6,-3.02,-0.14,0.55
2012-11-19,4.49,4.51,4.52,4.45,16499,7390900.0,1.56,0.22,0.01,0.17
2012-11-20,4.52,4.47,4.56,4.46,23385,10505581.0,2.22,-0.89,-0.04,0.25
2012-11-21,4.48,4.51,4.53,4.4,27210,12148927.0,2.91,0.89,0.04,0.29
2012-11-22,4.49,4.47,4.49,4.45,16447,7350325.0,0.89,-0.89,-0.04,0.17
2012-11-23,4.48,4.53,4.57,4.48,24031,10878609.0,2.01,1.34,0.06,0.25
2012-11-26,4.53,4.48,4.54,4.46,13853,6214884.0,1.77,-1.1,-0.05,0.15
2012-11-27,4.48,4.35,4.48,4.31,23308,10197292.0,3.79,-2.9,-0.13,0.25
2012-11-28,4.35,4.28,4.42,4.24,20404,8779958.0,4.14,-1.61,-0.07,0.22
2012-11-29,4.29,4.18,4.37,4.14,23725,10082872.0,5.37,-2.34,-0.1,0.25
2012-11-30,4.18,4.2,4.22,4.13,18642,7798946.0,2.15,0.48,0.02,0.2
2012-12-03,4.21,4.16,4.27,4.13,17325,7280463.0,3.33,-0.95,-0.04,0.18
2012-12-04,4.15,4.15,4.19,4.03,26054,10676661.0,3.85,-0.24,-0.01,0.28
2012-12-05,4.15,4.27,4.33,4.14,66539,28401597.0,4.58,2.89,0.12,0.71
2012-12-06,4.28,4.25,4.28,4.22,40961,17386026.0,1.41,-0.47,-0.02,0.43
2012-12-07,4.24,4.39,4.4,4.24,61934,26825394.0,3.76,3.29,0.14,0.66
2012-12-10,4.43,4.45,4.47,4.36,59895,26504117.0,2.51,1.37,0.06,0.63
2012-12-11,4.42,4.39,4.44,4.35,44675,19643939.0,2.02,-1.35,-0.06,0.47
2012-12-12,4.4,4.42,4.45,4.33,34812,15276784.0,2.73,0.68,0.03,0.37
2012-12-13,4.39,4.28,4.4,4.26,35186,15215077.0,3.17,-3.17,-0.14,0.37
2012-12-14,4.3,4.54,4.58,4.26,109328,48920885.0,7.48,6.07,0.26,1.16
2012-12-17,4.54,4.58,4.62,4.47,74091,33809318.0,3.3,0.88,0.04,0.79
2012-12-18,4.6,4.61,4.76,4.53,95022,44206156.0,5.02,0.66,0.03,1.01
2012-12-19,4.59,4.61,4.69,4.55,63937,29434563.0,3.04,0.0,0.0,0.68
2012-12-20,4.58,4.59,4.64,4.5,76580,35014126.0,3.04,-0.43,-0.02,0.81
2012-12-21,4.59,4.59,4.67,4.55,56488,25989475.0,2.61,0.0,0.0,0.6
2012-12-24,4.57,4.61,4.66,4.57,47094,21739202.0,1.96,0.44,0.02,0.5
2012-12-25,4.6,4.72,4.75,4.55,95159,44588094.0,4.34,2.39,0.11,1.01
2012-12-26,4.71,4.77,4.79,4.7,75175,35689534.0,1.91,1.06,0.05,0.8
2012-12-27,4.79,4.8,4.91,4.72,97120,46750796.0,3.98,0.63,0.03,1.03
2012-12-28,4.82,4.88,4.88,4.75,103452,50029517.0,2.71,1.67,0.08,1.1
2012-12-31,4.89,5.09,5.14,4.89,166556,83911536.0,5.12,4.3,0.21,1.77
2013-01-04,5.11,4.99,5.13,4.93,127159,63663411.0,3.93,-1.96,-0.1,1.35
2013-01-07,4.99,4.93,5.0,4.9,94229,46602450.0,2.0,-1.2,-0.06,1.0
2013-01-08,4.94,4.93,4.96,4.85,96501,47374739.0,2.23,0.0,0.0,1.02
2013-01-09,4.92,4.96,4.97,4.89,88918,43841685.0,1.62,0.61,0.03,0.94
2013-01-10,4.94,4.94,5.02,4.9,88470,43874454.0,2.42,-0.4,-0.02,0.94
2013-01-11,4.95,4.78,4.97,4.75,105861,51347669.0,4.45,-3.24,-0.16,1.12
2013-01-14,4.75,4.96,4.98,4.74,119114,58224824.0,5.02,3.77,0.18,1.26
2013-01-15,4.94,5.0,5.03,4.94,110755,55180230.0,1.81,0.81,0.04,1.17
2013-01-16,5.0,5.05,5.08,4.96,123639,62002374.0,2.4,1.0,0.05,1.31
2013-01-17,5.05,4.98,5.1,4.93,90082,45214188.0,3.37,-1.39,-0.07,0.96
2013-01-18,4.98,5.04,5.07,4.95,66140,33195968.0,2.41,1.2,0.06,0.7
2013-01-21,5.06,5.0,5.06,5.0,77535,38936269.0,1.19,-0.79,-0.04,0.82
2013-01-22,5.01,5.0,5.06,4.97,93214,46754759.0,1.8,0.0,0.0,0.99
2013-01-23,4.97,4.92,4.99,4.83,73059,35855584.0,3.2,-1.6,-0.08,0.77
2013-01-24,4.92,4.81,5.01,4.75,96959,47511504.0,5.28,-2.24,-0.11,1.03
2013-01-25,4.79,4.76,4.81,4.74,48440,23102192.0,1.46,-1.04,-0.05,0.51
2013-01-28,4.79,4.96,4.98,4.78,84429,41296577.0,4.2,4.2,0.2,0.9
2013-01-29,4.97,5.06,5.12,4.93,141061,71216592.0,3.83,2.02,0.1,1.5
2013-01-30,5.16,5.18,5.47,5.16,297940,157299004.0,6.13,2.37,0.12,3.16
2013-01-31,5.17,5.25,5.32,5.12,161110,83955304.0,3.86,1.35,0.07,1.71
2013-02-01,5.24,5.52,5.6,5.19,271808,147241586.0,7.81,5.14,0.27,2.88
2013-02-04,5.67,5.55,5.91,5.54,412778,235933833.0,6.7,0.54,0.03,4.38
2013-02-05,5.44,5.59,5.73,5.4,208628,116881980.0,5.95,0.72,0.04,2.21
2013-02-06,5.58,5.84,5.96,5.53,288852,167307867.0,7.69,4.47,0.25,3.06
2013-02-07,5.82,5.87,6.03,5.73,310601,182984327.0,5.14,0.51,0.03,3.29
2013-02-08,5.82,5.79,5.88,5.72,143240,82861348.0,2.73,-1.36,-0.08,1.52
2013-02-18,5.81,5.62,5.85,5.61,137444,78116992.0,4.15,-2.94,-0.17,1.46
2013-02-19,5.6,5.51,5.67,5.49,109270,60772945.0,3.2,-1.96,-0.11,1.16
2013-02-20,5.52,5.57,5.58,5.42,91413,50315063.0,2.9,1.09,0.06,0.97
2013-02-21,5.5,5.4,5.52,5.32,113460,61175536.0,3.59,-3.05,-0.17,1.2
2013-02-22,5.4,5.26,5.41,5.24,81813,43623658.0,3.15,-2.59,-0.14,0.87
2013-02-25,5.26,5.31,5.35,5.23,74124,39205674.0,2.28,0.95,0.05,0.79
2013-02-26,5.26,5.3,5.44,5.24,100816,53962511.0,3.77,-0.19,-0.01,1.07
2013-02-27,5.34,5.37,5.44,5.31,68698,36900790.0,2.45,1.32,0.07,0.73
2013-02-28,5.4,5.49,5.51,5.32,153741,83491318.0,3.54,2.23,0.12,1.63
2013-03-01,5.48,5.41,5.51,5.35,110411,59934811.0,2.91,-1.46,-0.08,1.17
2013-03-04,5.35,5.08,5.41,5.01,152735,78723059.0,7.39,-6.1,-0.33,1.62
2013-03-05,5.09,5.18,5.23,5.05,108231,55542942.0,3.54,1.97,0.1,1.15
2013-03-06,5.24,5.25,5.29,5.19,88594,46465022.0,1.93,1.35,0.07,0.94
2013-03-07,5.24,5.18,5.27,5.12,79797,41493474.0,2.86,-1.33,-0.07,0.85
2013-03-08,5.18,5.1,5.21,5.08,68293,35017332.0,2.51,-1.54,-0.08,0.72
2013-03-11,5.08,5.12,5.16,5.05,49914,25532554.0,2.16,0.39,0.02,0.53
2013-03-12,5.11,4.99,5.18,4.94,77389,39034048.0,4.69,-2.54,-0.13,0.82
2013-03-13,4.97,5.0,5.02,4.89,53256,26317651.0,2.61,0.2,0.01,0.56
2013-03-14,4.99,5.03,5.1,4.97,48078,24262362.0,2.6,0.6,0.03,0.51
2013-03-15,5.03,5.07,5.15,4.9,81893,41427034.0,4.97,0.8,0.04,0.87
2013-03-18,5.05,5.02,5.11,4.96,44833,22528419.0,2.96,-0.99,-0.05,0.48
2013-03-19,5.0,5.03,5.05,4.91,41402,20672235.0,2.79,0.2,0.01,0.44
2013-03-20,5.02,5.22,5.22,5.01,123830,63841333.0,4.17,3.78,0.19,1.31
2013-03-21,5.21,5.25,5.29,5.2,104280,54659697.0,1.72,0.57,0.03,1.11
2013-03-22,5.25,5.47,5.54,5.18,240724,130084650.0,6.86,4.19,0.22,2.55
2013-03-25,5.49,5.39,5.5,5.33,127183,68467532.0,3.11,-1.46,-0.08,1.35
2013-03-26,5.35,5.36,5.44,5.26,154311,82616526.0,3.34,-0.56,-0.03,1.64
2013-03-27,5.37,5.31,5.44,5.28,88166,47178992.0,2.99,-0.93,-0.05,0.93
2013-03-28,5.27,5.07,5.27,5.0,92314,46973116.0,5.08,-4.52,-0.24,0.98
2013-03-29,5.05,5.06,5.11,4.96,79795,40127223.0,2.96,-0.2,-0.01,0.85
2013-04-01,5.1,5.07,5.12,5.0,70230,35570892.0,2.37,0.2,0.01,0.74
2013-04-02,5.05,5.08,5.11,5.01,69930,35380196.0,1.97,0.2,0.01,0.74
2013-04-03,5.05,5.02,5.09,4.98,46258,23255453.0,2.17,-1.18,-0.06,0.49
2013-04-08,4.9,5.04,5.06,4.86,41100,20373376.0,3.98,0.4,0.02,0.44
2013-04-09,5.05,5.07,5.1,5.02,44132,22334748.0,1.59,0.6,0.03,0.47
2013-04-10,5.07,5.08,5.16,5.01,49508,25165216.0,2.96,0.2,0.01,0.52
2013-04-11,5.15,5.13,5.25,5.1,91322,46983728.0,2.95,0.98,0.05,0.97
2013-04-12,5.13,4.99,5.13,4.98,53331,26840001.0,2.92,-2.73,-0.14,0.57
2013-04-15,4.96,4.88,4.96,4.82,47727,23372398.0,2.81,-2.2,-0.11,0.51
2013-04-16,4.82,4.94,4.96,4.8,39951,19492379.0,3.28,1.23,0.06,0.42
2013-04-17,4.95,4.94,4.99,4.9,25556,12611349.0,1.82,0.0,0.0,0.27
2013-04-18,4.92,4.96,5.06,4.87,38560,19089862.0,3.85,0.4,0.02,0.41
2013-04-19,4.94,5.09,5.12,4.94,78460,39750439.0,3.63,2.62,0.13,0.83
2013-04-22,5.07,5.05,5.09,5.01,44406,22397496.0,1.57,-0.79,-0.04,0.47
2013-04-23,5.06,5.05,5.17,5.01,115026,58553042.0,3.17,0.0,0.0,1.22
2013-04-24,5.07,5.1,5.12,4.97,84258,42585042.0,2.97,0.99,0.05,0.89
2013-04-25,5.08,5.03,5.14,5.02,61924,31445375.0,2.35,-1.37,-0.07,0.66
2013-04-26,5.1,5.08,5.14,5.03,80622,41066315.0,2.19,0.99,0.05,0.85
2013-05-02,5.04,5.06,5.1,5.01,39266,19862670.0,1.77,-0.39,-0.02,0.42
2013-05-03,5.08,5.18,5.19,5.01,106237,54630479.0,3.56,2.37,0.12,1.13
2013-05-06,5.18,5.22,5.24,5.15,77851,40497280.0,1.74,0.77,0.04,0.83
2013-05-07,5.21,5.17,5.21,5.12,64696,33358603.0,1.72,-0.96,-0.05,0.69
2013-05-08,5.17,5.1,5.2,5.05,81974,41859471.0,2.9,-1.35,-0.07,0.87
2013-05-09,5.09,5.07,5.11,5.0,81130,40879664.0,2.16,-0.59,-0.03,0.86
2013-05-10,5.07,5.16,5.17,5.03,81572,41686987.0,2.76,1.78,0.09,0.86
2013-05-13,5.17,5.1,5.17,5.04,65744,33437727.0,2.52,-1.16,-0.06,0.7
2013-05-14,5.08,5.03,5.09,4.99,57672,28981131.0,1.96,-1.37,-0.07,0.61
2013-05-15,5.03,5.05,5.06,5.01,33516,16878452.0,0.99,0.4,0.02,0.36
2013-05-16,5.05,5.11,5.13,5.0,91924,46743710.0,2.57,1.19,0.06,0.97
2013-05-17,5.1,5.18,5.18,5.09,99153,50918375.0,1.76,1.37,0.07,1.05
2013-05-20,5.19,5.24,5.26,5.16,124192,64820484.0,1.93,1.16,0.06,1.32
2013-05-21,5.22,5.28,5.3,5.16,136295,71432162.0,2.67,0.76,0.04,1.45
2013-05-22,5.3,5.23,5.3,5.19,92833,48703243.0,2.08,-0.95,-0.05,0.98
2013-05-23,5.2,5.15,5.23,5.14,77161,39947211.0,1.72,-1.53,-0.08,0.82
2013-05-24,5.15,5.2,5.22,5.14,52668,27233844.0,1.55,0.97,0.05,0.56
2013-05-27,5.2,5.18,5.23,5.15,80563,41836767.0,1.54,-0.38,-0.02,0.85
2013-05-28,5.18,5.31,5.31,5.17,124782,65423747.0,2.7,2.51,0.13,1.32
2013-05-29,5.31,5.29,5.34,5.25,98563,52139673.0,1.69,-0.38,-0.02,1.05
2013-05-30,5.27,5.36,5.38,5.25,139601,74354690.0,2.46,1.32,0.07,1.48
2013-05-31,5.36,5.55,5.64,5.34,292957,161742229.0,5.6,3.54,0.19,3.11
2013-06-03,5.71,5.75,6.08,5.68,500920,292702576.0,7.21,3.6,0.2,5.31
2013-06-04,5.7,5.64,5.83,5.55,222701,126791596.0,4.87,-1.91,-0.11,2.36
2013-06-05,5.65,5.8,5.89,5.63,240376,138738219.0,4.61,2.84,0.16,2.55
2013-06-06,5.76,5.57,5.82,5.54,172707,97648963.0,4.83,-3.97,-0.23,1.83
2013-06-07,5.6,5.39,5.63,5.34,150058,81866899.0,5.21,-3.23,-0.18,1.59
2013-06-13,5.29,5.49,5.64,5.2,193103,104945684.0,8.16,1.86,0.1,2.05
2013-06-14,5.47,5.55,5.64,5.4,141529,77962634.0,4.37,1.09,0.06,1.5
2013-06-17,5.53,5.39,5.53,5.35,121738,66099983.0,3.24,-2.88,-0.16,1.29
2013-06-18,5.35,5.45,5.47,5.35,74092,40132402.0,2.23,1.11,0.06,0.79
2013-06-19,5.52,5.52,5.67,5.47,165248,91772624.0,3.67,1.28,0.07,1.75
2013-06-20,5.47,5.14,5.47,5.13,128066,67452673.0,6.16,-6.88,-0.38,1.36
2013-06-21,5.03,5.0,5.08,4.81,107808,53547136.0,5.25,-2.72,-0.14,1.14
2013-06-24,4.95,4.51,5.02,4.5,114875,54279657.0,10.4,-9.8,-0.49,1.22
2013-06-25,4.48,4.46,4.54,4.09,119334,51605434.0,9.98,-1.11,-0.05,1.27
2013-06-26,4.48,4.46,4.49,4.33,78714,34829573.0,3.59,0.0,0.0,0.83
2013-06-27,4.46,4.32,4.53,4.32,71354,31663888.0,4.71,-3.14,-0.14,0.76
2013-06-28,4.32,4.35,4.45,4.26,58200,25402216.0,4.4,0.69,0.03,0.62
2013-07-01,4.37,4.37,4.39,4.28,44566,19368233.0,2.53,0.46,0.02,0.47
2013-07-02,4.37,4.43,4.43,4.33,55380,24273624.0,2.29,1.37,0.06,0.59
2013-07-03,4.41,4.57,4.61,4.34,123603,55547470.0,6.09,3.16,0.14,1.31
2013-07-04,4.5,4.53,4.62,4.45,88644,40129744.0,3.72,-0.88,-0.04,0.94
2013-07-05,4.56,4.6,4.68,4.51,91527,42101363.0,3.75,1.55,0.07,0.97
2013-07-08,4.59,4.32,4.59,4.3,80855,36107721.0,6.3,-6.09,-0.28,0.86
2013-07-09,4.34,4.42,4.45,4.27,53383,23290638.0,4.17,2.31,0.1,0.57
2013-07-10,4.41,4.57,4.59,4.37,69231,31178051.0,4.98,3.39,0.15,0.73
2013-07-11,4.53,4.73,4.82,4.53,130778,61415400.0,6.35,3.5,0.16,1.39
2013-07-12,4.7,4.6,4.75,4.58,84509,39369164.0,3.59,-2.75,-0.13,0.9
2013-07-15,4.62,4.74,4.84,4.62,107295,50879764.0,4.78,3.04,0.14,1.14
2013-07-16,4.7,4.77,4.78,4.67,65090,30761196.0,2.32,0.63,0.03,0.69
2013-07-17,4.74,4.63,4.77,4.61,56701,26639610.0,3.35,-2.94,-0.14,0.6
2013-07-18,4.61,4.54,4.65,4.54,40050,18319982.0,2.38,-1.94,-0.09,0.42
2013-07-19,4.58,4.4,4.6,4.4,62868,28275705.0,4.41,-3.08,-0.14,0.67
2013-07-22,4.34,4.43,4.45,4.34,40020,17609223.0,2.5,0.68,0.03,0.42
2013-07-23,4.44,4.54,4.58,4.42,59333,26771670.0,3.61,2.48,0.11,0.63
2013-07-24,4.51,4.49,4.54,4.44,51873,23283442.0,2.2,-1.1,-0.05,0.55
2013-07-25,4.5,4.46,4.54,4.45,36695,16468584.0,2.0,-0.67,-0.03,0.39
2013-07-26,4.44,4.53,4.62,4.41,67572,30573219.0,4.71,1.57,0.07,0.72
2013-07-29,4.46,4.37,4.47,4.34,46966,20707034.0,2.87,-3.53,-0.16,0.5
2013-07-30,4.4,4.37,4.44,4.29,51913,22632992.0,3.43,0.0,0.0,0.55
2013-07-31,4.37,4.37,4.46,4.35,48977,21569803.0,2.52,0.0,0.0,0.52
2013-08-01,4.39,4.48,4.48,4.39,48630,21614127.0,2.06,2.52,0.11,0.52
2013-08-02,4.48,4.48,4.54,4.45,59781,26792177.0,2.01,0.0,0.0,0.63
2013-08-05,4.46,4.54,4.56,4.45,44104,19894129.0,2.46,1.34,0.06,0.47
2013-08-06,4.53,4.58,4.6,4.49,60896,27745021.0,2.42,0.88,0.04,0.65
2013-08-07,4.56,4.58,4.69,4.55,86192,39805293.0,3.06,0.0,0.0,0.91
2013-08-08,4.56,4.53,4.58,4.5,59764,27087223.0,1.75,-1.09,-0.05,0.63
2013-08-09,4.53,4.57,4.6,4.53,51765,23607372.0,1.55,0.88,0.04,0.55
2013-08-12,4.58,4.68,4.68,4.57,83349,38753095.0,2.41,2.41,0.11,0.88
2013-08-13,4.71,4.69,4.72,4.65,68970,32291258.0,1.5,0.21,0.01,0.73
2013-08-14,4.67,4.62,4.74,4.6,70911,33111631.0,2.99,-1.49,-0.07,0.75
2013-08-15,4.63,4.63,4.72,4.62,81254,37988047.0,2.16,0.22,0.01,0.86
2013-08-16,4.62,4.61,4.82,4.57,118827,55668658.0,5.4,-0.43,-0.02,1.26
2013-08-19,4.52,4.62,4.63,4.5,56891,26050675.0,2.82,0.22,0.01,0.6
2013-08-20,4.62,4.66,4.73,4.6,84659,39481140.0,2.81,0.87,0.04,0.9
2013-08-21,4.59,4.55,4.6,4.48,103028,46664164.0,2.58,-2.36,-0.11,1.09
2013-08-22,4.55,4.53,4.56,4.5,59039,26748320.0,1.32,-0.44,-0.02,0.63
2013-08-23,4.53,4.43,4.55,4.4,70247,31401506.0,3.31,-2.21,-0.1,0.74
2013-08-26,4.47,4.54,4.54,4.46,62612,28215983.0,1.81,2.48,0.11,0.66
2013-08-27,4.56,4.65,4.67,4.54,121906,56210404.0,2.86,2.42,0.11,1.29
2013-08-28,4.6,4.67,4.74,4.53,152959,71216606.0,4.52,0.43,0.02,1.62
2013-08-29,4.66,4.68,4.7,4.61,73848,34365041.0,1.93,0.21,0.01,0.78
2013-08-30,4.66,4.74,4.8,4.66,152103,72094413.0,2.99,1.28,0.06,1.61
2013-09-02,4.71,4.66,4.76,4.59,73380,34158560.0,3.59,-1.69,-0.08,0.78
2013-09-03,4.66,4.72,4.72,4.65,61637,28970710.0,1.5,1.29,0.06,0.65
2013-09-04,4.72,4.73,4.78,4.67,63353,29874194.0,2.33,0.21,0.01,0.67
2013-09-05,4.72,4.66,4.72,4.65,46242,21629397.0,1.48,-1.48,-0.07,0.49
2013-09-06,4.66,4.66,4.71,4.63,66775,31122603.0,1.72,0.0,0.0,0.71
2013-09-09,4.68,4.8,4.84,4.64,148492,70755929.0,4.29,3.0,0.14,1.57
2013-09-10,4.79,4.92,4.94,4.76,143052,69459643.0,3.75,2.5,0.12,1.52
2013-09-11,4.97,4.86,4.99,4.82,149554,73066284.0,3.46,-1.22,-0.06,1.59
2013-09-12,4.83,5.09,5.13,4.82,242476,121338887.0,6.38,4.73,0.23,2.57
2013-09-13,5.16,5.01,5.27,5.01,251111,129027854.0,5.11,-1.57,-0.08,2.66
2013-09-16,5.04,5.0,5.06,4.92,118201,58882581.0,2.79,-0.2,-0.01,1.25
2013-09-17,5.02,4.83,5.02,4.83,114307,56148174.0,3.8,-3.4,-0.17,1.21
2013-09-18,4.83,4.86,4.9,4.76,77861,37540581.0,2.9,0.62,0.03,0.83
2013-09-23,4.88,4.91,4.94,4.8,103214,50165544.0,2.88,1.03,0.05,1.09
2013-09-24,4.89,4.98,5.04,4.86,132494,65830902.0,3.67,1.43,0.07,1.4
2013-09-25,4.94,4.87,4.98,4.84,89559,44131806.0,2.81,-2.21,-0.11,0.95
2013-09-26,4.84,4.7,4.88,4.69,83196,39702671.0,3.9,-3.49,-0.17,0.88
2013-09-27,4.71,4.71,4.75,4.67,57277,26935238.0,1.7,0.21,0.01,0.61
2013-09-30,4.71,4.74,4.74,4.69,33081,15607222.0,1.06,0.64,0.03,0.35
2013-10-08,4.73,4.8,4.83,4.67,59819,28420850.0,3.38,1.27,0.06,0.63
2013-10-09,4.8,4.85,4.85,4.75,68391,32804466.0,2.08,1.04,0.05,0.73
2013-10-10,4.8,4.78,4.83,4.76,63722,30560623.0,1.44,-1.44,-0.07,0.68
2013-10-11,4.84,5.05,5.1,4.81,145135,71395243.0,6.07,5.65,0.27,1.54
2013-10-14,5.03,5.0,5.13,4.97,162366,81701440.0,3.17,-0.99,-0.05,1.72
2013-10-15,4.98,4.98,5.02,4.92,81767,40621237.0,2.0,-0.4,-0.02,0.87
2013-10-16,4.95,4.76,4.96,4.73,101210,48792377.0,4.62,-4.42,-0.22,1.07
2013-10-17,4.8,4.78,4.84,4.74,68454,32840345.0,2.1,0.42,0.02,0.73
2013-10-18,4.78,4.91,5.0,4.75,82010,39807937.0,5.23,2.72,0.13,0.87
2013-10-21,4.89,5.0,5.05,4.87,147861,73779127.0,3.67,1.83,0.09,1.57
2013-10-22,4.98,5.03,5.09,4.95,133763,67263450.0,2.8,0.6,0.03,1.42
2013-10-23,5.03,4.88,5.1,4.87,113889,56606748.0,4.57,-2.98,-0.15,1.21
2013-10-24,4.88,4.86,4.96,4.84,50398,24624801.0,2.46,-0.41,-0.02,0.53
2013-10-25,4.9,4.9,4.97,4.86,64193,31518623.0,2.26,0.82,0.04,0.68
2013-10-28,4.93,4.81,4.95,4.78,44364,21435629.0,3.47,-1.84,-0.09,0.47
2013-10-29,4.82,4.69,4.86,4.58,85205,40100814.0,5.82,-2.49,-0.12,0.9
2013-10-30,4.7,4.78,4.81,4.7,59440,28378311.0,2.35,1.92,0.09,0.63
2013-10-31,4.82,5.03,5.14,4.78,212142,105522991.0,7.53,5.23,0.25,2.25
2013-11-01,5.0,5.1,5.24,4.93,252962,129703457.0,6.16,1.39,0.07,2.68
2013-11-04,5.05,5.05,5.1,4.98,109791,55117657.0,2.35,-0.98,-0.05,1.16
2013-11-05,5.05,5.09,5.1,4.95,116296,58475097.0,2.97,0.79,0.04,1.23
2013-11-06,5.06,4.93,5.08,4.91,97901,48882986.0,3.34,-3.14,-0.16,1.04
2013-11-07,4.89,4.78,4.92,4.76,86091,41537402.0,3.25,-3.04,-0.15,0.91
2013-11-08,4.76,4.77,4.82,4.73,50673,24168836.0,1.88,-0.21,-0.01,0.54
2013-11-11,4.76,4.83,4.84,4.74,39459,18898902.0,2.1,1.26,0.06,0.42
2013-11-12,4.82,4.8,4.85,4.76,48598,23329175.0,1.86,-0.62,-0.03,0.52
2013-11-13,4.79,4.56,4.79,4.56,91943,42911919.0,4.79,-5.0,-0.24,0.97
2013-11-14,4.54,4.56,4.59,4.51,52583,23945385.0,1.75,0.0,0.0,0.56
2013-11-15,4.56,4.68,4.76,4.56,71737,33629225.0,4.39,2.63,0.12,0.76
2013-11-18,4.73,4.83,4.83,4.67,91616,43692911.0,3.42,3.21,0.15,0.97
2013-11-19,4.84,4.82,4.9,4.79,65398,31560909.0,2.28,-0.21,-0.01,0.69
2013-11-20,4.82,4.8,4.85,4.77,55605,26641546.0,1.66,-0.41,-0.02,0.59
2013-11-21,4.79,4.74,4.79,4.69,74284,35059193.0,2.08,-1.25,-0.06,0.79
2013-11-22,4.75,4.74,4.77,4.72,42346,20101555.0,1.05,0.0,0.0,0.45
2013-11-25,4.74,4.69,4.76,4.68,45780,21572414.0,1.69,-1.05,-0.05,0.49
2013-11-26,4.69,4.74,4.8,4.68,60307,28701398.0,2.56,1.07,0.05,0.64
2013-11-27,4.77,4.83,4.84,4.75,84486,40630358.0,1.9,1.9,0.09,0.9
2013-11-28,4.84,4.84,4.9,4.82,82855,40255701.0,1.66,0.21,0.01,0.88
2013-11-29,4.86,4.82,4.86,4.8,62709,30225521.0,1.24,-0.41,-0.02,0.66
2013-12-02,4.92,5.01,5.12,4.88,376164,189064933.0,4.98,3.94,0.19,3.99
2013-12-03,4.96,5.01,5.05,4.9,144282,71919307.0,2.99,0.0,0.0,1.53
2013-12-04,4.99,5.01,5.1,4.95,177133,89231995.0,2.99,0.0,0.0,1.88
2013-12-05,5.0,5.01,5.06,4.95,103451,51814026.0,2.2,0.0,0.0,1.1
2013-12-06,5.01,5.05,5.12,4.99,119252,60339146.0,2.59,0.8,0.04,1.26
2013-12-09,5.05,5.02,5.1,5.0,79021,39798385.0,1.98,-0.59,-0.03,0.84
2013-12-10,5.01,4.98,5.05,4.95,85601,42713181.0,1.99,-0.8,-0.04,0.91
2013-12-11,4.98,4.9,4.99,4.85,76315,37420377.0,2.81,-1.61,-0.08,0.81
2013-12-12,4.86,4.92,4.96,4.86,59259,29191889.0,2.04,0.41,0.02,0.63
2013-12-13,4.91,4.89,4.94,4.86,50752,24888689.0,1.63,-0.61,-0.03,0.54
2013-12-16,4.88,4.82,4.92,4.82,51814,25300139.0,2.04,-1.43,-0.07,0.55
2013-12-17,4.85,4.82,4.88,4.8,37971,18361503.0,1.66,0.0,0.0,0.4
2013-12-18,4.83,4.8,4.86,4.8,39968,19287466.0,1.24,-0.41,-0.02,0.42
2013-12-19,4.83,4.76,4.85,4.74,34414,16548321.0,2.29,-0.83,-0.04,0.36
2013-12-20,4.81,4.81,4.88,4.75,64316,30985942.0,2.73,1.05,0.05,0.68
2013-12-23,4.85,4.82,4.85,4.75,32300,15539857.0,2.08,0.21,0.01,0.34
2013-12-24,4.84,4.77,4.85,4.74,43794,21017981.0,2.28,-1.04,-0.05,0.46
2013-12-25,4.78,4.78,4.81,4.74,31469,15024108.0,1.47,0.21,0.01,0.33
2013-12-26,4.76,4.63,4.8,4.61,50335,23598491.0,3.97,-3.14,-0.15,0.53
2013-12-27,4.67,4.71,4.73,4.62,37833,17698762.0,2.38,1.73,0.08,0.4
2013-12-30,4.73,4.67,4.75,4.62,29647,13939728.0,2.76,-0.85,-0.04,0.31
2013-12-31,4.66,4.74,4.76,4.66,29630,14006113.0,2.14,1.5,0.07,0.31
2014-01-02,4.76,4.76,4.8,4.75,28977,13823514.0,1.05,0.42,0.02,0.31
2014-01-03,4.79,4.65,4.79,4.65,37141,17427076.0,2.94,-2.31,-0.11,0.39
2014-01-06,4.66,4.58,4.67,4.57,30174,13888885.0,2.15,-1.51,-0.07,0.32
2014-01-07,4.58,4.59,4.63,4.55,20165,9280418.0,1.75,0.22,0.01,0.21
2014-01-08,4.6,4.51,4.64,4.5,25262,11531951.0,3.05,-1.74,-0.08,0.27
2014-01-09,4.51,4.42,4.55,4.41,32771,14700618.0,3.1,-2.0,-0.09,0.35
2014-01-10,4.43,4.33,4.45,4.3,34395,14934692.0,3.39,-2.04,-0.09,0.36
2014-01-13,4.35,4.31,4.43,4.29,28469,12380304.0,3.23,-0.46,-0.02,0.3
2014-01-14,4.34,4.38,4.39,4.3,23525,10208520.0,2.09,1.62,0.07,0.25
2014-01-15,4.36,4.33,4.38,4.31,17955,7792017.0,1.6,-1.14,-0.05,0.19
2014-01-16,4.35,4.39,4.42,4.32,26438,11605874.0,2.31,1.39,0.06,0.28
2014-01-17,4.39,4.34,4.39,4.32,25830,11229722.0,1.59,-1.14,-0.05,0.27
2014-01-20,4.31,4.22,4.34,4.2,35513,15144859.0,3.23,-2.76,-0.12,0.38
2014-01-21,4.22,4.27,4.3,4.22,25746,10961784.0,1.9,1.18,0.05,0.27
2014-01-22,4.26,4.38,4.39,4.24,40063,17359009.0,3.51,2.58,0.11,0.42
2014-01-23,4.37,4.37,4.4,4.35,28776,12571964.0,1.14,-0.23,-0.01,0.31
2014-01-24,4.34,4.39,4.43,4.33,56615,24835690.0,2.29,0.46,0.02,0.6
2014-01-27,4.37,4.4,4.47,4.35,61335,27067746.0,2.73,0.23,0.01,0.65
2014-01-28,4.39,4.41,4.45,4.38,19593,8620045.0,1.59,0.23,0.01,0.21
2014-01-29,4.41,4.39,4.43,4.34,30985,13568930.0,2.04,-0.45,-0.02,0.33
2014-01-30,4.37,4.35,4.39,4.33,31267,13605167.0,1.37,-0.91,-0.04,0.33
2014-02-07,4.31,4.39,4.4,4.31,37005,16123972.0,2.07,0.92,0.04,0.39
2014-02-10,4.38,4.47,4.49,4.38,54377,24218999.0,2.51,1.82,0.08,0.58
2014-02-11,4.47,4.5,4.53,4.45,54173,24297095.0,1.79,0.67,0.03,0.57
2014-02-12,4.5,4.52,4.55,4.48,49119,22187867.0,1.56,0.44,0.02,0.52
2014-02-13,4.5,4.48,4.55,4.48,52236,23615036.0,1.55,-0.88,-0.04,0.55
2014-02-14,4.48,4.56,4.56,4.48,51406,23242867.0,1.79,1.79,0.08,0.55
2014-02-17,4.56,4.58,4.6,4.55,51740,23661235.0,1.1,0.44,0.02,0.55
2014-02-18,4.57,4.51,4.58,4.49,60351,27314571.0,1.97,-1.53,-0.07,0.64
2014-02-19,4.51,4.57,4.57,4.49,57327,26004898.0,1.77,1.33,0.06,0.61
2014-02-20,5.03,4.77,5.03,4.7,284444,138152766.0,7.22,4.38,0.2,3.02
2014-02-21,4.7,4.57,4.71,4.54,152569,70240053.0,3.56,-4.19,-0.2,1.62
2014-02-24,4.56,4.47,4.56,4.42,62727,28019457.0,3.06,-2.19,-0.1,0.67
2014-02-25,4.45,4.36,4.49,4.33,65548,29049193.0,3.58,-2.46,-0.11,0.69
2014-02-26,4.35,4.4,4.41,4.32,50113,21832655.0,2.06,0.92,0.04,0.53
2014-02-27,4.4,4.41,4.42,4.35,58701,25770943.0,1.59,0.23,0.01,0.62
2014-02-28,4.37,4.52,4.52,4.37,61352,27208806.0,3.4,2.49,0.11,0.65
2014-03-03,4.49,4.62,4.66,4.48,88043,40434164.0,3.98,2.21,0.1,0.93
2014-03-04,4.61,4.7,4.77,4.54,156044,73080044.0,4.98,1.73,0.08,1.65
2014-03-05,4.7,4.68,4.79,4.67,197847,93879788.0,2.55,-0.43,-0.02,2.1
2014-03-06,4.67,4.68,4.74,4.64,157995,74258886.0,2.14,0.0,0.0,1.68
2014-03-07,4.68,4.64,4.7,4.62,135663,63306824.0,1.71,-0.85,-0.04,1.44
2014-03-10,4.63,4.53,4.64,4.51,65206,29928487.0,2.8,-2.37,-0.11,0.69
2014-03-11,4.54,4.67,4.69,4.49,154613,71322271.0,4.42,3.09,0.14,1.64
2014-03-12,4.67,4.68,4.73,4.61,131289,61444841.0,2.57,0.21,0.01,1.39
2014-03-13,4.63,4.63,4.7,4.59,113096,52464925.0,2.35,-1.07,-0.05,1.2
2014-03-14,4.61,4.51,4.61,4.48,71254,32241407.0,2.81,-2.59,-0.12,0.76
2014-03-17,4.52,4.53,4.55,4.47,40281,18166462.0,1.77,0.44,0.02,0.43
2014-03-18,4.52,4.51,4.56,4.51,44576,20225910.0,1.1,-0.44,-0.02,0.47
2014-03-19,4.5,4.55,4.57,4.48,42122,19071263.0,2.0,0.89,0.04,0.45
2014-03-20,4.55,4.38,4.55,4.37,58874,26370457.0,3.96,-3.74,-0.17,0.62
2014-03-21,4.37,4.48,4.49,4.34,50076,22104149.0,3.42,2.28,0.1,0.53
2014-03-24,4.47,4.54,4.55,4.41,63352,28431700.0,3.13,1.34,0.06,0.67
2014-03-25,4.51,4.53,4.55,4.49,39020,17658136.0,1.32,-0.22,-0.01,0.41
2014-03-26,4.55,4.52,4.6,4.51,35109,15971617.0,1.99,-0.22,-0.01,0.37
2014-03-27,4.51,4.45,4.52,4.45,34176,15337045.0,1.55,-1.55,-0.07,0.36
2014-03-28,4.45,4.42,4.49,4.42,32060,14256307.0,1.57,-0.67,-0.03,0.34
2014-03-31,4.4,4.4,4.48,4.38,26334,11635982.0,2.26,-0.45,-0.02,0.28
2014-04-01,4.4,4.42,4.44,4.39,20353,8991749.0,1.14,0.45,0.02,0.22
2014-04-02,4.42,4.43,4.45,4.42,18981,8414416.0,0.68,0.23,0.01,0.2
2014-04-03,4.45,4.39,4.46,4.35,26902,11866281.0,2.48,-0.9,-0.04,0.29
2014-04-04,4.39,4.42,4.43,4.37,18719,8242362.0,1.37,0.68,0.03,0.2
2014-04-08,4.4,4.5,4.5,4.39,51076,22826358.0,2.49,1.81,0.08,0.54
2014-04-09,4.5,4.47,4.52,4.45,40305,18036640.0,1.56,-0.67,-0.03,0.43
2014-04-10,4.49,4.61,4.61,4.46,112038,50978726.0,3.36,3.13,0.14,1.19
2014-04-11,4.59,4.51,4.59,4.49,87735,39799164.0,2.17,-2.17,-0.1,0.93
2014-04-14,4.5,4.49,4.53,4.47,43806,19660638.0,1.33,-0.44,-0.02,0.46
2014-04-15,4.49,4.42,4.49,4.4,42514,18862867.0,2.0,-1.56,-0.07,0.45
2014-04-16,4.42,4.45,4.48,4.4,30871,13732163.0,1.81,0.68,0.03,0.33
2014-04-17,4.45,4.41,4.47,4.41,29705,13169665.0,1.35,-0.9,-0.04,0.31
2014-04-18,4.43,4.46,4.46,4.4,30939,13729005.0,1.36,1.13,0.05,0.33
2014-04-21,4.42,4.4,4.46,4.39,28691,12696708.0,1.57,-1.35,-0.06,0.3
2014-04-22,4.39,4.35,4.41,4.31,34250,14923207.0,2.27,-1.14,-0.05,0.36
2014-04-23,4.56,4.4,4.61,4.38,119155,53578956.0,5.29,1.15,0.05,1.26
2014-04-24,4.39,4.4,4.46,4.37,53667,23675013.0,2.05,0.0,0.0,0.57
2014-04-25,4.4,4.35,4.44,4.33,37178,16307204.0,2.5,-1.14,-0.05,0.39
2014-04-28,4.34,4.31,4.41,4.31,35861,15620744.0,2.3,-0.92,-0.04,0.38
2014-04-29,4.32,4.39,4.41,4.3,34438,14959125.0,2.55,1.86,0.08,0.37
2014-04-30,4.37,4.38,4.4,4.36,18904,8272798.0,0.91,-0.23,-0.01,0.2
2014-05-05,4.37,4.43,4.44,4.35,26873,11802795.0,2.05,1.14,0.05,0.28
2014-05-06,4.43,4.46,4.5,4.38,45554,20233714.0,2.71,0.68,0.03,0.48
2014-05-07,4.43,4.41,4.45,4.39,28036,12373192.0,1.35,-1.12,-0.05,0.3
2014-05-08,4.44,4.43,4.5,4.42,45102,20112651.0,1.81,0.45,0.02,0.48
2014-05-09,4.45,4.42,4.46,4.4,24368,10778364.0,1.35,-0.23,-0.01,0.26
2014-05-12,4.46,4.51,4.53,4.43,61179,27476419.0,2.26,2.04,0.09,0.65
2014-05-13,4.5,4.48,4.52,4.46,33927,15240062.0,1.33,-0.67,-0.03,0.36
2014-05-14,4.5,4.48,4.5,4.46,24059,10770360.0,0.89,0.0,0.0,0.26
2014-05-15,4.49,4.42,4.49,4.41,32574,14449982.0,1.79,-1.34,-0.06,0.35
2014-05-16,4.42,4.4,4.43,4.35,22727,9981426.0,1.81,-0.45,-0.02,0.24
2014-05-19,4.4,4.37,4.46,4.35,24871,10891951.0,2.5,-0.68,-0.03,0.26
2014-05-20,4.4,4.38,4.42,4.35,20335,8906089.0,1.6,0.23,0.01,0.22
2014-05-21,4.38,4.39,4.4,4.34,29838,13031218.0,1.37,0.23,0.01,0.32
2014-05-22,4.39,4.37,4.44,4.37,28468,12549031.0,1.59,-0.46,-0.02,0.3
2014-05-23,4.37,4.39,4.39,4.35,20356,8890823.0,0.92,0.46,0.02,0.22
2014-05-26,4.39,4.38,4.42,4.35,22846,9995066.0,1.59,-0.23,-0.01,0.24
2014-05-27,4.38,4.36,4.38,4.35,14561,6355903.0,0.68,-0.46,-0.02,0.15
2014-05-28,4.37,4.39,4.4,4.35,19353,8463771.0,1.15,0.69,0.03,0.21
2014-05-29,4.38,4.36,4.4,4.36,18408,8046352.0,0.91,-0.68,-0.03,0.2
2014-05-30,4.36,4.35,4.37,4.31,25760,11178017.0,1.38,-0.23,-0.01,0.27
2014-06-03,4.35,4.32,4.37,4.32,19453,8432981.0,1.15,-0.69,-0.03,0.21
2014-06-04,4.32,4.26,4.32,4.16,27612,11773773.0,3.7,-1.39,-0.06,0.29
2014-06-05,4.25,4.28,4.28,4.24,13154,5608569.0,0.94,0.47,0.02,0.14
2014-06-06,4.28,4.25,4.31,4.24,14300,6103546.0,1.64,-0.7,-0.03,0.15
2014-06-09,4.23,4.25,4.28,4.23,10521,4472214.0,1.18,0.0,0.0,0.11
2014-06-10,4.22,4.24,4.25,4.19,16396,6926518.0,1.41,-0.24,-0.01,0.17
2014-06-11,4.23,4.24,4.25,4.21,13663,5783060.0,0.94,0.0,0.0,0.14
2014-06-12,4.24,4.23,4.24,4.21,13341,5636435.0,0.71,-0.24,-0.01,0.14
2014-06-13,4.22,4.26,4.27,4.21,21342,9064951.0,1.42,0.71,0.03,0.23
2014-06-16,4.25,4.27,4.27,4.24,17033,7248716.0,0.7,0.23,0.01,0.18
2014-06-17,4.25,4.24,4.27,4.23,17434,7399925.0,0.94,-0.7,-0.03,0.18
2014-06-18,4.23,4.26,4.33,4.22,41404,17741363.0,2.59,0.47,0.02,0.44
2014-06-19,4.27,4.14,4.28,4.13,26756,11267067.0,3.52,-2.82,-0.12,0.28
2014-06-20,4.14,4.14,4.17,4.11,20818,8615618.0,1.45,0.0,0.0,0.22
2014-06-23,4.16,4.18,4.2,4.14,20562,8576547.0,1.45,0.97,0.04,0.22
2014-06-24,4.17,4.28,4.31,4.17,45614,19435646.0,3.35,2.39,0.1,0.48
2014-06-25,4.27,4.35,4.37,4.24,95820,41600174.0,3.04,1.64,0.07,1.02
2014-06-26,4.4,4.78,4.79,4.39,551725,258590524.0,9.2,9.89,0.43,5.85
2014-06-27,4.72,4.83,4.98,4.66,553616,268290380.0,6.69,1.05,0.05,5.87
2014-06-30,5.05,5.16,5.26,4.95,532742,271365296.0,6.42,6.83,0.33,5.65
2014-07-01,5.06,5.0,5.12,4.92,355892,178135551.0,3.88,-3.1,-0.16,3.77
2014-07-02,4.96,4.82,4.96,4.76,309261,149383984.0,4.0,-3.6,-0.18,3.28
2014-07-03,4.84,4.82,4.9,4.8,186323,90390949.0,2.07,0.0,0.0,1.98
2014-07-04,4.8,4.85,4.88,4.75,157210,75673629.0,2.7,0.62,0.03,1.67
2014-07-07,4.86,4.82,4.87,4.76,125915,60689700.0,2.27,-0.62,-0.03,1.34
2014-07-08,4.8,4.81,4.84,4.67,139073,66373335.0,3.53,-0.21,-0.01,1.47
2014-07-09,4.77,4.69,4.79,4.67,112489,53383698.0,2.49,-2.49,-0.12,1.19
2014-07-10,4.7,4.74,4.74,4.67,70207,33060748.0,1.49,1.07,0.05,0.74
2014-07-11,4.7,4.75,4.83,4.69,79641,37983658.0,2.95,0.21,0.01,0.84
2014-07-14,4.75,4.73,4.77,4.66,107032,50377793.0,2.32,-0.42,-0.02,1.13
2014-07-15,4.7,4.74,4.83,4.68,113877,53937069.0,3.17,0.21,0.01,1.21
2014-07-16,4.71,4.71,4.75,4.69,70817,33395881.0,1.27,-0.63,-0.03,0.75
2014-07-17,4.7,4.64,4.74,4.62,81013,37907731.0,2.55,-1.49,-0.07,0.86
2014-07-18,4.63,4.65,4.7,4.61,49793,23184615.0,1.94,0.22,0.01,0.53
2014-07-21,4.62,4.6,4.64,4.58,41894,19320670.0,1.29,-1.08,-0.05,0.44
2014-07-22,4.6,4.65,4.67,4.6,53461,24820272.0,1.52,1.09,0.05,0.57
2014-07-23,4.62,4.59,4.7,4.58,65328,30274087.0,2.58,-1.29,-0.06,0.69
2014-07-24,4.61,4.64,4.67,4.6,71016,33002871.0,1.53,1.09,0.05,0.75
2014-07-25,4.66,4.72,4.73,4.62,60148,28244938.0,2.37,1.72,0.08,0.64
2014-07-28,4.77,4.82,4.87,4.72,152150,73035493.0,3.18,2.12,0.1,1.61
2014-07-29,4.82,4.81,4.87,4.78,115555,55613997.0,1.87,-0.21,-0.01,1.23
2014-07-30,4.79,4.78,4.84,4.75,60932,29130621.0,1.87,-0.62,-0.03,0.65
2014-07-31,4.75,4.81,4.81,4.75,64342,30808412.0,1.26,0.63,0.03,0.68
2014-08-01,4.8,4.74,4.82,4.73,61494,29352367.0,1.87,-1.46,-0.07,0.65
2014-08-04,4.74,4.83,4.83,4.73,91001,43592319.0,2.11,1.9,0.09,0.96
2014-08-05,4.83,4.81,4.83,4.77,63420,30415545.0,1.24,-0.41,-0.02,0.67
2014-08-06,4.79,4.84,4.84,4.78,72550,34938142.0,1.25,0.62,0.03,0.77
2014-08-07,4.84,4.77,4.85,4.76,67636,32488312.0,1.86,-1.45,-0.07,0.72
2014-08-08,4.79,4.78,4.79,4.74,52047,24794098.0,1.05,0.21,0.01,0.55
2014-08-11,4.79,4.87,4.91,4.76,120052,57995957.0,3.14,1.88,0.09,1.27
2014-08-12,4.86,4.89,4.92,4.82,90799,44273379.0,2.05,0.41,0.02,0.96
2014-08-13,4.94,5.06,5.21,4.93,276060,139581162.0,5.73,3.48,0.17,2.93
2014-08-14,5.01,4.89,5.05,4.89,146759,73105451.0,3.16,-3.36,-0.17,1.56
2014-08-15,4.9,4.98,4.99,4.9,87289,43253816.0,1.84,1.84,0.09,0.93
2014-08-18,4.97,4.98,5.02,4.92,68306,34003002.0,2.01,0.0,0.0,0.72
2014-08-19,5.02,5.1,5.12,4.94,136484,68737841.0,3.61,2.41,0.12,1.45
2014-08-20,5.08,5.01,5.08,4.99,93284,46928661.0,1.76,-1.76,-0.09,0.99
2014-08-21,5.0,4.99,5.05,4.95,74175,37072394.0,2.0,-0.4,-0.02,0.79
2014-08-22,5.01,5.02,5.04,4.96,64487,32276571.0,1.6,0.6,0.03,0.68
2014-08-25,5.01,4.94,5.03,4.94,51544,25693445.0,1.79,-1.59,-0.08,0.55
2014-08-26,4.93,5.11,5.11,4.82,148921,73960016.0,5.87,3.44,0.17,1.58
2014-08-27,4.99,5.05,5.08,4.97,125804,63253136.0,2.15,-1.17,-0.06,1.33
2014-08-28,5.02,4.96,5.04,4.9,74870,37242482.0,2.77,-1.78,-0.09,0.79
2014-08-29,4.95,4.98,4.99,4.92,39522,19578652.0,1.41,0.4,0.02,0.42
2014-09-01,4.98,5.01,5.01,4.93,60314,30054330.0,1.61,0.6,0.03,0.64
2014-09-02,5.01,5.05,5.06,4.98,84671,42527346.0,1.6,0.8,0.04,0.9
2014-09-03,5.05,5.05,5.11,5.04,109038,55330626.0,1.39,0.0,0.0,1.16
2014-09-04,5.05,5.1,5.12,5.0,116460,59049765.0,2.38,0.99,0.05,1.23
2014-09-05,5.08,5.13,5.18,5.08,114589,58745731.0,1.96,0.59,0.03,1.21
2014-09-09,5.15,5.19,5.24,5.13,125769,65261389.0,2.14,1.17,0.06,1.33
2014-09-10,5.2,5.16,5.21,5.11,130861,67580729.0,1.93,-0.58,-0.03,1.39
2014-09-11,5.15,5.1,5.22,5.05,134801,69296417.0,3.29,-1.16,-0.06,1.43
2014-09-12,5.09,5.15,5.15,5.09,59691,30570984.0,1.18,0.98,0.05,0.63
2014-09-15,5.19,5.35,5.38,5.18,235311,124974379.0,3.88,3.88,0.2,2.49
2014-09-16,5.33,5.15,5.35,5.14,178996,93910921.0,3.93,-3.74,-0.2,1.9
2014-09-17,5.16,5.19,5.2,5.11,103856,53629140.0,1.75,0.78,0.04,1.1
2014-09-18,5.2,5.24,5.28,5.15,89471,46707815.0,2.5,0.96,0.05,0.95
2014-09-19,5.23,5.33,5.33,5.21,104226,54943036.0,2.29,1.72,0.09,1.11
2014-09-22,5.38,5.27,5.44,5.25,161341,86193146.0,3.56,-1.13,-0.06,1.71
2014-09-23,5.26,5.37,5.44,5.22,165608,88499412.0,4.17,1.9,0.1,1.76
2014-09-24,5.32,5.62,5.66,5.31,304724,168250209.0,6.52,4.66,0.25,3.23
2014-09-25,5.61,5.53,5.71,5.51,213003,119382098.0,3.56,-1.6,-0.09,2.26
2014-09-26,5.52,5.62,5.67,5.48,105743,59245209.0,3.44,1.63,0.09,1.12
2014-09-29,5.71,5.67,5.8,5.63,151719,86338531.0,3.02,0.89,0.05,1.61
2014-09-30,5.69,5.66,5.7,5.62,89445,50572072.0,1.41,-0.18,-0.01,0.95
2014-10-08,5.65,5.66,5.66,5.55,108681,60973104.0,1.94,0.0,0.0,1.15
2014-10-09,5.66,5.62,5.68,5.55,106442,59807916.0,2.3,-0.71,-0.04,1.13
2014-10-10,5.6,5.66,5.71,5.55,113697,64000116.0,2.85,0.71,0.04,1.21
2014-10-13,5.64,5.6,5.64,5.51,90813,50738575.0,2.3,-1.06,-0.06,0.96
2014-10-14,5.59,5.61,5.64,5.55,86740,48601663.0,1.61,0.18,0.01,0.92
2014-10-15,5.55,5.55,5.61,5.44,126385,69882420.0,3.03,-1.07,-0.06,1.34
2014-10-16,5.51,5.4,5.57,5.39,109107,60107381.0,3.24,-2.7,-0.15,1.16
2014-10-17,5.36,5.26,5.43,5.19,121774,64644045.0,4.44,-2.59,-0.14,1.29
2014-10-20,5.29,5.34,5.36,5.29,54908,29273295.0,1.33,1.52,0.08,0.58
2014-10-21,5.34,5.31,5.37,5.29,60202,32069113.0,1.5,-0.56,-0.03,0.64
2014-10-22,5.3,5.2,5.35,5.2,63577,33553501.0,2.82,-2.07,-0.11,0.67
2014-10-23,5.19,5.13,5.22,5.12,77242,39839322.0,1.92,-1.35,-0.07,0.82
2014-10-24,5.15,5.14,5.22,5.12,52577,27158597.0,1.95,0.19,0.01,0.56
2014-10-27,5.16,5.1,5.16,5.02,62791,31920160.0,2.72,-0.78,-0.04,0.67
2014-10-28,5.1,5.24,5.24,5.1,67543,34978918.0,2.75,2.75,0.14,0.72
2014-10-29,5.26,5.34,5.36,5.21,126520,67041007.0,2.86,1.91,0.1,1.34
2014-10-30,5.33,5.32,5.37,5.28,89081,47420984.0,1.69,-0.37,-0.02,0.94
2014-10-31,5.32,5.44,5.49,5.3,168035,90963739.0,3.57,2.26,0.12,1.78
2014-11-03,5.42,5.48,5.58,5.42,172275,94805315.0,2.94,0.74,0.04,1.83
2014-11-04,5.5,5.51,5.57,5.45,120776,66574189.0,2.19,0.55,0.03,1.28
2014-11-05,5.53,5.59,5.67,5.46,156705,87225550.0,3.81,1.45,0.08,1.66
2014-11-06,5.56,5.49,5.57,5.41,122953,67388540.0,2.86,-1.79,-0.1,1.3
2014-11-07,5.51,5.52,5.71,5.48,244834,137361318.0,4.19,0.55,0.03,2.6
2014-11-10,5.6,5.58,5.62,5.46,133960,74322322.0,2.9,1.09,0.06,1.42
2014-11-11,5.63,5.53,5.76,5.4,258426,145231172.0,6.45,-0.9,-0.05,2.74
2014-11-12,5.5,5.78,5.79,5.46,227163,128166562.0,5.97,4.52,0.25,2.41
2014-11-13,5.82,6.19,6.36,5.78,654499,407922432.0,10.03,7.09,0.41,6.94
2014-11-14,6.02,5.91,6.1,5.66,610099,360121856.0,7.11,-4.52,-0.28,6.47
2014-11-17,5.87,5.84,6.01,5.68,320189,187778508.0,5.58,-1.18,-0.07,3.39
2014-11-18,5.84,5.88,5.97,5.82,176386,103952420.0,2.57,0.68,0.04,1.87
2014-11-19,5.86,5.81,5.88,5.78,118022,68762358.0,1.7,-1.19,-0.07,1.25
2014-11-20,5.82,5.93,5.96,5.8,132189,77947707.0,2.75,2.07,0.12,1.4
2014-11-21,5.93,6.24,6.25,5.88,295979,180870096.0,6.24,5.23,0.31,3.14
2014-11-24,6.4,6.56,6.78,6.26,561830,366807488.0,8.33,5.13,0.32,5.96
2014-11-25,6.49,6.44,6.63,6.4,307426,199460573.0,3.51,-1.83,-0.12,3.26
2014-11-26,6.49,6.75,6.98,6.48,454100,302960608.0,7.76,4.81,0.31,4.81
2014-11-27,6.79,6.88,6.96,6.6,420265,284566128.0,5.33,1.93,0.13,4.46
2014-11-28,6.89,6.67,6.89,6.59,401797,269642944.0,4.36,-3.05,-0.21,4.26
2014-12-01,6.72,6.69,6.96,6.58,346691,235012293.0,5.7,0.3,0.02,3.68
2014-12-02,6.63,6.89,6.99,6.59,463907,316224096.0,5.98,2.99,0.2,4.92
2014-12-03,7.05,6.85,7.23,6.69,623824,435294352.0,7.84,-0.58,-0.04,6.61
2014-12-04,6.8,7.54,7.54,6.76,673449,481975216.0,11.39,10.07,0.69,7.14
2014-12-05,7.69,7.7,8.0,7.14,877227,673110880.0,11.41,2.12,0.16,9.3
2014-12-08,7.51,8.02,8.24,7.43,667240,528485968.0,10.52,4.16,0.32,7.07
2014-12-09,7.92,7.23,8.19,7.22,711548,559284096.0,12.09,-9.85,-0.79,7.54
2014-12-10,7.19,7.35,7.41,6.85,419965,299750208.0,7.75,1.66,0.12,4.45
2014-12-11,7.25,7.12,7.33,7.07,311615,223481782.0,3.54,-3.13,-0.23,3.3
2014-12-12,7.12,7.19,7.37,7.08,269031,193944092.0,4.07,0.98,0.07,2.85
2014-12-15,7.12,7.91,7.91,7.03,534398,409167008.0,12.24,10.01,0.72,5.67
2014-12-16,8.11,8.39,8.5,7.99,768116,631703440.0,6.45,6.07,0.48,8.14
2014-12-17,8.26,8.07,8.37,7.9,601753,488591872.0,5.6,-3.81,-0.32,6.38
2014-12-18,7.98,7.91,8.18,7.78,292784,233421153.0,4.96,-1.98,-0.16,3.1
2014-12-19,7.86,7.99,8.12,7.7,298724,235617609.0,5.31,1.01,0.08,3.17
2014-12-22,7.92,7.51,7.94,7.39,257115,196518999.0,6.88,-6.01,-0.48,2.73
2014-12-23,7.53,7.53,7.82,7.48,176666,135120311.0,4.53,0.27,0.02,1.87
2014-12-24,7.55,7.55,7.71,7.36,150345,113202396.0,4.65,0.27,0.02,1.59
2014-12-25,7.56,7.85,7.9,7.52,212920,165317450.0,5.03,3.97,0.3,2.26
2014-12-26,7.86,8.22,8.29,7.8,391857,317915616.0,6.24,4.71,0.37,4.15
2014-12-29,8.25,7.88,8.32,7.79,324769,261119288.0,6.45,-4.14,-0.34,3.44
2014-12-30,7.83,7.68,7.92,7.65,202455,157024912.0,3.43,-2.54,-0.2,2.15
2014-12-31,7.65,7.67,7.85,7.6,156902,120922085.0,3.26,-0.13,-0.01,1.66
2015-01-05,7.67,7.64,7.75,7.41,227318,172313579.0,4.43,-0.39,-0.03,2.41
2015-01-06,7.51,7.63,7.73,7.47,155156,117908506.0,3.4,-0.13,-0.01,1.65
2015-01-07,7.58,7.84,7.93,7.53,238883,186057943.0,5.24,2.75,0.21,2.53
2015-01-08,7.8,7.62,7.85,7.55,164578,126324563.0,3.83,-2.81,-0.22,1.74
2015-01-09,7.6,7.51,7.75,7.51,147205,112400887.0,3.15,-1.44,-0.11,1.56
2015-01-12,7.51,7.17,7.54,7.13,133043,97152049.0,5.46,-4.53,-0.34,1.41
2015-01-13,7.16,7.09,7.26,6.99,134418,95440504.0,3.77,-1.12,-0.08,1.43
2015-01-14,7.06,7.07,7.17,7.02,106423,75536150.0,2.12,-0.28,-0.02,1.13
2015-01-15,7.11,7.23,7.27,7.08,99222,71104234.0,2.69,2.26,0.16,1.05
2015-01-16,7.21,7.2,7.24,7.1,97336,69938712.0,1.94,-0.41,-0.03,1.03
2015-01-19,6.55,6.48,6.86,6.48,234020,155210874.0,5.28,-10.0,-0.72,2.48
2015-01-20,6.51,6.59,6.65,6.35,155761,101979147.0,4.63,1.7,0.11,1.65
2015-01-21,6.66,6.91,6.96,6.66,172258,117708277.0,4.55,4.86,0.32,1.83
2015-01-22,6.96,7.13,7.22,6.9,160408,113918048.0,4.63,3.18,0.22,1.7
2015-01-23,7.06,7.18,7.3,7.04,168037,120295162.0,3.65,0.7,0.05,1.78
2015-01-26,7.26,7.42,7.45,7.11,186386,136031129.0,4.74,3.34,0.24,1.98
2015-01-27,7.59,7.36,7.59,7.21,176062,130427045.0,5.12,-0.81,-0.06,1.87
2015-01-28,7.3,7.63,7.79,7.29,289719,221542319.0,6.79,3.67,0.27,3.07
2015-01-29,7.53,7.41,7.6,7.32,154799,115321977.0,3.67,-2.88,-0.22,1.64
2015-01-30,7.42,7.3,7.5,7.24,104304,76468898.0,3.51,-1.48,-0.11,1.11
2015-02-02,7.24,7.3,7.52,7.12,113785,83689858.0,5.48,0.0,0.0,1.21
2015-02-03,7.27,7.43,7.46,7.21,128679,94445290.0,3.42,1.78,0.13,1.36
2015-02-04,7.43,7.26,7.49,7.22,105996,78257189.0,3.63,-2.29,-0.17,1.12
2015-02-05,7.45,7.19,7.46,7.19,104507,76122017.0,3.72,-0.96,-0.07,1.11
2015-02-06,7.18,6.91,7.24,6.81,120383,84349777.0,5.98,-3.89,-0.28,1.28
2015-02-09,6.81,6.96,7.07,6.8,68822,47965085.0,3.91,0.72,0.05,0.73
2015-02-10,6.9,7.14,7.14,6.9,66272,46784674.0,3.45,2.59,0.18,0.7
2015-02-11,7.14,7.16,7.19,7.09,47350,33805884.0,1.4,0.28,0.02,0.5
2015-02-12,7.18,7.29,7.3,7.12,62850,45560051.0,2.51,1.82,0.13,0.67
2015-02-13,7.33,7.46,7.51,7.3,124880,92684024.0,2.88,2.33,0.17,1.32
2015-02-16,7.48,7.55,7.74,7.47,140321,106946132.0,3.62,1.21,0.09,1.49
2015-02-17,7.56,7.59,7.74,7.53,115381,88186028.0,2.78,0.53,0.04,1.22
2015-02-25,7.64,7.43,7.64,7.41,86488,64790314.0,3.03,-2.11,-0.16,0.92
2015-02-26,7.44,7.6,7.66,7.39,105378,79598080.0,3.63,2.29,0.17,1.12
2015-02-27,7.56,7.71,7.75,7.54,139839,107328217.0,2.76,1.45,0.11,1.48
2015-03-02,7.77,7.75,7.81,7.64,174075,134387139.0,2.2,0.52,0.04,1.85
2015-03-03,7.7,7.54,7.77,7.54,180719,137792265.0,2.97,-2.71,-0.21,1.92
2015-03-04,7.53,7.59,7.62,7.44,136349,102689468.0,2.39,0.66,0.05,1.45
2015-03-05,7.62,7.59,7.67,7.51,138205,105043769.0,2.11,0.0,0.0,1.47
2015-03-06,7.52,7.56,7.63,7.46,125571,94760723.0,2.24,-0.4,-0.03,1.33
2015-03-09,7.45,7.64,7.67,7.32,156117,117627525.0,4.63,1.06,0.08,1.66
2015-03-10,7.65,7.68,7.78,7.55,167039,127892540.0,3.01,0.52,0.04,1.77
2015-03-11,7.7,7.68,7.81,7.64,126838,97977400.0,2.21,0.0,0.0,1.34
2015-03-12,7.71,7.97,8.08,7.64,279294,219917055.0,5.73,3.78,0.29,2.96
2015-03-13,7.93,8.11,8.18,7.84,257939,207435400.0,4.27,1.76,0.14,2.73
2015-03-16,8.12,8.34,8.47,8.12,346978,287329360.0,4.32,2.84,0.23,3.68
2015-03-17,8.41,8.29,8.43,8.16,293688,243745111.0,3.24,-0.6,-0.05,3.11
2015-03-18,8.27,8.38,8.46,8.25,216004,180501366.0,2.53,1.09,0.09,2.29
2015-03-19,8.39,8.29,8.39,8.2,207214,171943928.0,2.27,-1.07,-0.09,2.2
2015-03-20,8.35,8.55,8.66,8.34,334805,285070032.0,3.86,3.14,0.26,3.55
2015-03-23,8.56,8.59,8.6,8.4,354886,301752640.0,2.34,0.47,0.04,3.76
2015-03-24,8.59,8.31,8.63,8.1,362397,302773264.0,6.17,-3.26,-0.28,3.84
2015-03-25,8.46,9.14,9.14,8.4,664308,588397408.0,8.9,9.99,0.83,7.04
2015-03-26,8.9,8.88,9.18,8.8,428929,384180352.0,4.16,-2.84,-0.26,4.55
2015-03-27,8.85,9.17,9.33,8.81,315781,287701552.0,5.86,3.27,0.29,3.35
2015-03-30,9.27,9.22,9.32,9.1,270193,248725402.0,2.4,0.55,0.05,2.86
2015-03-31,9.25,9.09,9.58,9.06,303899,281465584.0,5.64,-1.41,-0.13,3.22
2015-04-01,9.08,9.15,9.22,9.01,208810,190558613.0,2.31,0.66,0.06,2.21
2015-04-02,9.21,9.43,9.53,9.14,287905,269298336.0,4.26,3.06,0.28,3.05
2015-04-03,9.33,9.48,9.57,9.25,256053,241716123.0,3.39,0.53,0.05,2.71
2015-04-07,9.5,10.04,10.24,9.5,355500,353242480.0,7.81,5.91,0.56,3.77
2015-04-08,10.09,11.04,11.04,9.91,563743,590351952.0,11.25,9.96,1.0,5.98
2015-04-09,11.05,11.27,11.8,10.79,615328,695680128.0,9.15,2.08,0.23,6.52
2015-04-10,11.23,11.27,11.4,10.88,354464,394674032.0,4.61,0.0,0.0,3.76
2015-04-13,11.27,11.67,12.17,11.07,446866,517645552.0,9.76,3.55,0.4,4.74
2015-04-14,11.75,11.63,12.09,11.4,370244,435719552.0,5.91,-0.34,-0.04,3.93
2015-04-15,11.6,10.82,11.6,10.65,355935,393970624.0,8.17,-6.96,-0.81,3.77
2015-04-16,10.7,10.85,11.1,10.35,239194,257780816.0,6.93,0.28,0.03,2.54
2015-04-17,11.0,10.99,11.24,10.89,260286,287494672.0,3.23,1.29,0.14,2.76
2015-04-20,11.3,11.1,11.8,11.0,427880,488329488.0,7.28,1.0,0.11,4.54
2015-04-21,11.08,11.43,11.45,11.02,268811,304663360.0,3.87,2.97,0.33,2.85
2015-04-22,11.61,11.94,12.0,11.48,365108,427947952.0,4.55,4.46,0.51,3.87
2015-04-23,11.9,11.7,12.1,11.56,333223,393002144.0,4.52,-2.01,-0.24,3.53
2015-04-24,11.39,11.56,11.82,11.25,264723,306311568.0,4.87,-1.2,-0.14,2.81
2015-04-27,11.66,11.51,11.8,11.35,263210,304630688.0,3.89,-0.43,-0.05,2.79
2015-04-28,11.51,11.08,11.68,10.98,283495,319206096.0,6.08,-3.74,-0.43,3.01
2015-04-29,11.13,11.53,11.59,10.98,261697,298482384.0,5.51,4.06,0.45,2.77
2015-04-30,12.17,11.68,12.45,11.66,410583,489470624.0,6.85,1.3,0.15,4.35
2015-05-04,11.6,11.62,11.88,11.31,217502,251365912.0,4.88,-0.51,-0.06,2.31
2015-05-05,11.59,11.12,11.65,11.0,206940,234086100.0,5.59,-4.3,-0.5,2.19
2015-05-06,11.11,10.98,11.52,10.8,184484,206554767.0,6.47,-1.26,-0.14,1.96
2015-12-02,9.85,9.84,10.5,9.84,194175,192070901.0,6.01,-10.38,-1.14,2.06
2015-12-03,9.3,9.63,9.75,9.01,353553,333446448.0,7.52,-2.13,-0.21,3.75
2015-12-04,9.48,9.68,9.95,9.47,225770,219974000.0,4.98,0.52,0.05,2.39
2015-12-07,9.68,9.54,9.78,9.34,237902,225844710.0,4.55,-1.45,-0.14,2.52
2015-12-08,9.53,9.55,9.75,9.4,218825,209757689.0,3.67,0.1,0.01,2.32
2015-12-09,9.5,9.38,9.56,9.23,171784,161732761.0,3.46,-1.78,-0.17,1.82
2015-12-10,9.48,9.28,9.55,9.24,169959,159895766.0,3.3,-1.07,-0.1,1.8
2015-12-11,9.27,8.72,9.27,8.66,246667,218305104.0,6.57,-6.03,-0.56,2.62
2015-12-14,8.6,8.74,8.78,8.38,224930,192195868.0,4.59,0.23,0.02,2.38
2015-12-15,8.72,8.7,8.84,8.61,182074,158819837.0,2.63,-0.46,-0.04,1.93
2015-12-16,8.77,8.72,8.84,8.7,153062,134073562.0,1.61,0.23,0.02,1.62
2015-12-17,8.75,8.9,9.04,8.7,194275,172607894.0,3.9,2.06,0.18,2.06
2015-12-18,8.88,8.7,8.88,8.59,192954,168606298.0,3.26,-2.25,-0.2,2.05
2015-12-21,8.61,8.81,8.88,8.6,181516,159057967.0,3.22,1.26,0.11,1.92
2015-12-22,8.84,8.99,9.09,8.8,216260,193969503.0,3.29,2.04,0.18,2.29
2015-12-23,8.97,8.87,9.04,8.82,185205,164970123.0,2.45,-1.33,-0.12,1.96
2015-12-24,8.85,8.75,8.98,8.69,117882,103589599.0,3.27,-1.35,-0.12,1.25
2015-12-25,8.78,8.84,8.86,8.75,87472,77075428.0,1.26,1.03,0.09,0.93
2015-12-28,8.94,8.96,9.15,8.89,246873,222475474.0,2.94,1.36,0.12,2.62
2015-12-29,8.95,9.15,9.16,8.91,169904,153722561.0,2.79,2.12,0.19,1.8
2015-12-30,9.15,9.02,9.2,8.95,188191,169928849.0,2.73,-1.42,-0.13,2.0
2015-12-31,8.99,8.75,9.03,8.75,142238,126046461.0,3.1,-2.99,-0.27,1.51
2016-01-04,8.71,7.88,8.75,7.88,142632,117821670.0,9.94,-9.94,-0.87,1.51
2016-01-05,7.31,7.56,7.76,7.3,187807,141638694.0,5.84,-4.06,-0.32,1.99
2016-01-06,7.59,7.71,7.77,7.56,107802,82612271.0,2.78,1.98,0.15,1.14
2016-01-07,7.58,6.97,7.58,6.94,29127,21119013.0,8.3,-9.6,-0.74,0.31
2016-01-08,7.3,7.07,7.3,6.38,159613,111894169.0,13.2,1.43,0.1,1.69
2016-01-11,6.9,6.69,7.29,6.57,176982,123388240.0,10.18,-5.37,-0.38,1.88
2016-01-12,6.79,6.78,6.86,6.63,94330,63898415.0,3.44,1.35,0.09,1.0
2016-01-13,6.91,6.75,6.96,6.75,108225,74254923.0,3.1,-0.44,-0.03,1.15
2016-01-14,6.5,6.87,6.94,6.45,108662,73208533.0,7.26,1.78,0.12,1.15
2016-01-15,6.8,6.39,6.89,6.31,107602,71292182.0,8.44,-6.99,-0.48,1.14
2016-01-18,6.27,6.43,6.55,6.22,86626,55802107.0,5.16,0.63,0.04,0.92
2016-01-19,6.42,6.64,6.66,6.35,118521,77333557.0,4.82,3.27,0.21,1.26
2016-01-20,6.63,6.58,6.72,6.47,114856,75738141.0,3.77,-0.9,-0.06,1.22
2016-01-21,6.45,6.23,6.64,6.23,102257,65873511.0,6.23,-5.32,-0.35,1.08
2016-01-22,6.3,6.27,6.34,6.01,94475,58813911.0,5.3,0.64,0.04,1.0
2016-01-25,6.37,6.35,6.42,6.28,68118,43273180.0,2.23,1.28,0.08,0.72
2016-01-26,6.33,5.72,6.33,5.72,169972,101844601.0,9.61,-9.92,-0.63,1.8
2016-01-27,5.69,5.49,5.77,5.19,164410,89386462.0,10.14,-4.02,-0.23,1.74
2016-01-28,5.44,5.26,5.5,5.25,100864,54245377.0,4.55,-4.19,-0.23,1.07
2016-01-29,5.19,5.46,5.57,5.19,118794,64233157.0,7.22,3.8,0.2,1.26
2016-02-01,5.46,5.42,5.55,5.29,92168,50070366.0,4.76,-0.73,-0.04,0.98
2016-02-02,5.49,5.59,5.63,5.41,114586,63575734.0,4.06,3.14,0.17,1.21
2016-02-03,5.52,5.55,5.57,5.41,85281,46766743.0,2.86,-0.72,-0.04,0.9
2016-02-04,5.51,5.65,5.68,5.51,119898,67488481.0,3.06,1.8,0.1,1.27
2016-02-05,5.65,5.6,5.69,5.59,65818,37138970.0,1.77,-0.88,-0.05,0.7
2016-02-15,5.35,5.45,5.51,5.31,67229,36329021.0,3.57,-2.68,-0.15,0.71
2016-02-16,5.49,5.78,5.9,5.47,139537,79743719.0,7.89,6.06,0.33,1.48
2016-02-17,5.8,5.9,5.9,5.71,109448,63353988.0,3.29,2.08,0.12,1.16
2016-02-18,5.94,5.88,6.02,5.84,139137,82268215.0,3.05,-0.34,-0.02,1.48
2016-02-19,5.82,5.89,5.95,5.81,84804,49676556.0,2.38,0.17,0.01,0.9
2016-02-22,5.96,6.02,6.09,5.9,140476,84294180.0,3.23,2.21,0.13,1.49
2016-02-23,6.02,5.92,6.04,5.81,101936,60348248.0,3.82,-1.66,-0.1,1.08
2016-02-24,5.91,6.05,6.06,5.81,116735,69363230.0,4.22,2.2,0.13,1.24
2016-02-25,6.04,5.45,6.04,5.45,162920,93289915.0,9.75,-9.92,-0.6,1.73
2016-02-26,5.47,5.44,5.68,5.33,105472,57766105.0,6.42,-0.18,-0.01,1.12
2016-02-29,5.43,5.03,5.43,4.97,106158,53804745.0,8.46,-7.54,-0.41,1.13
2016-03-01,5.08,5.15,5.2,5.0,71147,36232373.0,3.98,2.39,0.12,0.75
2016-03-02,5.14,5.46,5.52,5.14,98313,52442098.0,7.38,6.02,0.31,1.04
2016-03-03,5.43,5.49,5.59,5.41,109583,60387284.0,3.3,0.55,0.03,1.16
2016-03-04,5.45,5.37,5.52,5.23,96087,51967840.0,5.28,-2.19,-0.12,1.02
2016-03-07,5.4,5.52,5.6,5.4,70797,39024858.0,3.72,2.79,0.15,0.75
2016-03-08,5.53,5.5,5.55,5.27,91350,49281598.0,5.07,-0.36,-0.02,0.97
2016-03-09,5.38,5.36,5.45,5.32,56855,30561878.0,2.36,-2.55,-0.14,0.6
2016-03-10,5.34,5.24,5.42,5.22,69395,36872470.0,3.73,-2.24,-0.12,0.74
2016-03-11,5.18,5.28,5.31,5.18,48894,25707114.0,2.48,0.76,0.04,0.52
2016-03-14,5.32,5.5,5.52,5.32,91838,50182904.0,3.79,4.17,0.22,0.97
2016-03-15,5.47,5.42,5.52,5.39,83700,45639999.0,2.36,-1.45,-0.08,0.89
2016-03-16,5.45,5.35,5.47,5.32,70579,38022877.0,2.77,-1.29,-0.07,0.75
2016-03-17,5.36,5.5,5.53,5.34,115774,63229164.0,3.55,2.8,0.15,1.23
2016-03-18,5.53,5.76,5.82,5.47,210495,119844436.0,6.36,4.73,0.26,2.23
2016-03-21,5.83,6.04,6.23,5.8,264544,159102760.0,7.47,4.86,0.28,2.8
2016-03-22,5.88,5.91,6.0,5.85,166344,98451330.0,2.48,-2.15,-0.13,1.76
2016-03-23,5.95,5.96,6.0,5.85,110501,65400442.0,2.54,0.85,0.05,1.17
2016-03-24,5.9,5.77,5.9,5.76,114670,66957950.0,2.35,-3.19,-0.19,1.22
2016-03-25,5.75,5.83,5.84,5.71,57398,33277982.0,2.25,1.04,0.06,0.61
2016-03-28,5.85,5.84,5.97,5.82,92989,54702692.0,2.57,0.17,0.01,0.99
2016-03-29,5.82,5.69,5.86,5.64,74172,42536634.0,3.77,-2.57,-0.15,0.79
2016-03-30,5.72,5.86,5.88,5.72,93910,54475849.0,2.81,2.99,0.17,1.0
2016-03-31,5.88,5.84,5.95,5.81,107142,62875601.0,2.39,-0.34,-0.02,1.14
2016-04-01,6.0,6.19,6.26,5.81,400118,242401692.0,7.71,5.99,0.35,4.24
2016-04-05,6.1,6.22,6.25,6.0,323181,198037064.0,4.04,0.48,0.03,3.43
2016-04-06,6.16,6.15,6.22,6.07,185321,113893583.0,2.41,-1.13,-0.07,1.96
2016-04-07,6.15,5.99,6.17,5.98,163081,98744901.0,3.09,-2.6,-0.16,1.73
2016-04-08,5.93,5.99,6.02,5.92,107716,64325193.0,1.67,0.0,0.0,1.14
2016-04-11,6.06,6.11,6.13,6.03,139609,85073862.0,1.67,2.0,0.12,1.48
2016-04-12,6.1,6.03,6.1,6.0,93709,56631839.0,1.64,-1.31,-0.08,0.99
2016-04-13,6.06,6.11,6.2,6.06,184810,113671262.0,2.32,1.33,0.08,1.96
2016-04-14,6.11,6.13,6.15,5.98,216419,131269066.0,2.78,0.33,0.02,2.29
2016-04-15,6.18,6.19,6.33,6.13,238638,148578403.0,3.26,0.98,0.06,2.53
2016-04-18,6.14,6.12,6.16,6.03,118027,71723470.0,2.1,-1.13,-0.07,1.25
2016-04-19,6.2,6.15,6.34,6.08,159959,98946231.0,4.25,0.49,0.03,1.7
2016-04-20,6.22,5.89,6.3,5.78,296874,180079552.0,8.46,-4.23,-0.26,3.15
2016-04-21,5.95,5.83,6.05,5.78,167512,99375220.0,4.58,-1.02,-0.06,1.78
2016-04-22,5.77,5.8,5.86,5.7,110963,64113455.0,2.74,-0.51,-0.03,1.18
2016-04-25,5.78,5.71,5.8,5.61,92794,52911607.0,3.28,-1.55,-0.09,0.98
2016-04-26,5.72,5.87,5.88,5.7,94704,54835108.0,3.15,2.8,0.16,1.0
2016-04-27,5.81,5.77,5.88,5.77,86381,50303721.0,1.87,-1.7,-0.1,0.92
2016-04-28,5.77,5.7,5.8,5.6,87993,50061475.0,3.47,-1.21,-0.07,0.93
2016-04-29,5.68,5.67,5.71,5.63,55311,31360329.0,1.4,-0.53,-0.03,0.59
2016-05-03,5.68,5.84,5.85,5.63,101836,58714454.0,3.88,3.0,0.17,1.08
2016-05-04,5.84,5.83,5.88,5.79,90380,52848570.0,1.54,-0.17,-0.01,0.96
2016-05-05,5.87,5.87,5.88,5.81,72964,42679120.0,1.2,0.69,0.04,0.77
2016-05-06,5.86,5.6,5.89,5.56,113678,65232835.0,5.62,-4.6,-0.27,1.21
2016-05-09,5.56,5.35,5.59,5.28,97688,53080866.0,5.54,-4.46,-0.25,1.04
2016-05-10,5.35,5.31,5.39,5.3,56383,30105649.0,1.68,-0.75,-0.04,0.6
2016-05-11,5.36,5.3,5.39,5.24,46928,24973573.0,2.82,-0.19,-0.01,0.5
2016-05-12,5.25,5.23,5.26,5.14,58454,30375051.0,2.26,-1.32,-0.07,0.62
2016-05-13,5.24,5.22,5.3,5.19,34955,18298501.0,2.1,-0.19,-0.01,0.37
2016-05-16,5.2,5.41,5.64,5.17,108682,58447775.0,9.0,3.64,0.19,1.15
2016-05-17,5.38,5.32,5.44,5.28,71170,38027376.0,2.96,-1.66,-0.09,0.75
2016-05-18,5.28,5.14,5.28,5.09,70208,36311213.0,3.57,-3.38,-0.18,0.74
2016-05-19,5.13,5.18,5.24,5.12,59163,30738649.0,2.33,0.78,0.04,0.63
2016-05-20,5.21,5.29,5.33,5.14,60219,31740369.0,3.67,2.12,0.11,0.64
2016-05-23,5.26,5.33,5.36,5.26,58512,31114271.0,1.89,0.76,0.04,0.62
2016-05-24,5.31,5.32,5.32,5.26,47166,24969190.0,1.13,-0.19,-0.01,0.5
2016-05-25,5.34,5.29,5.37,5.27,41919,22319206.0,1.88,-0.56,-0.03,0.44
2016-05-26,5.31,5.28,5.31,5.14,46212,24105774.0,3.21,-0.19,-0.01,0.49
2016-05-27,5.28,5.29,5.31,5.24,36608,19346414.0,1.33,0.19,0.01,0.39
2016-05-30,5.25,5.29,5.35,5.23,34814,18413395.0,2.27,0.0,0.0,0.37
2016-05-31,5.3,5.5,5.59,5.29,145011,79357485.0,5.67,3.97,0.21,1.54
2016-06-01,5.5,5.46,5.55,5.46,88927,48889385.0,1.64,-0.73,-0.04,0.94
2016-06-02,5.46,5.5,5.51,5.44,72579,39772562.0,1.28,0.73,0.04,0.77
2016-06-03,5.5,5.6,5.65,5.4,149683,83389009.0,4.55,1.82,0.1,1.59
2016-06-06,5.6,5.57,5.61,5.54,50916,28328616.0,1.25,-0.54,-0.03,0.54
2016-06-07,5.59,5.57,5.62,5.54,47374,26371914.0,1.44,0.0,0.0,0.5
2016-06-08,5.57,5.49,5.57,5.47,60080,33118374.0,1.8,-1.44,-0.08,0.64
2016-06-13,5.44,5.22,5.48,5.22,67258,36169298.0,4.74,-4.92,-0.27,0.71
2016-06-14,5.19,5.21,5.24,5.14,55828,28927046.0,1.92,-0.19,-0.01,0.59
2016-06-15,5.16,5.33,5.36,5.14,65435,34588391.0,4.22,2.3,0.12,0.69
2016-06-16,5.33,5.48,5.51,5.28,106355,57210403.0,4.32,2.81,0.15,1.13
2016-06-17,5.71,6.03,6.03,5.71,287988,173296852.0,5.84,10.04,0.55,3.05
2016-06-20,6.03,5.93,6.07,5.77,377026,222663889.0,4.98,-1.66,-0.1,4.0
2016-06-21,5.84,5.94,6.15,5.77,376400,225018428.0,6.41,0.17,0.01,3.99
2016-06-22,5.88,5.93,6.02,5.84,152132,89863861.0,3.03,-0.17,-0.01,1.61
2016-06-23,5.93,5.84,6.06,5.8,150658,89190549.0,4.38,-1.52,-0.09,1.6
2016-06-24,5.83,5.7,5.87,5.52,166609,95166066.0,5.99,-2.4,-0.14,1.77
2016-06-27,5.66,5.83,5.83,5.61,111304,64162002.0,3.86,2.28,0.13,1.18
2016-06-28,5.76,5.86,5.86,5.7,114320,66168940.0,2.74,0.51,0.03,1.21
2016-06-29,5.92,5.87,6.05,5.85,145892,86607766.0,3.41,0.17,0.01,1.55
2016-06-30,5.92,5.85,5.94,5.82,70487,41244887.0,2.04,-0.34,-0.02,0.75
2016-07-01,5.85,5.72,5.89,5.72,120745,69893373.0,2.91,-2.22,-0.13,1.28
2016-07-04,5.75,5.96,5.97,5.71,207522,122040932.0,4.55,4.2,0.24,2.2
2016-07-05,5.95,5.86,5.95,5.84,152590,89810932.0,1.85,-1.68,-0.1,1.62
2016-07-06,5.82,5.82,5.89,5.8,148677,86663572.0,1.54,-0.68,-0.04,1.58
2016-07-07,5.83,5.94,6.08,5.81,218150,129505710.0,4.64,2.06,0.12,2.31
2016-07-08,5.9,5.84,5.93,5.83,130325,76380793.0,1.68,-1.68,-0.1,1.38
2016-07-11,5.83,5.79,5.89,5.79,106300,62206803.0,1.71,-0.86,-0.05,1.13
2016-07-12,5.8,5.89,5.91,5.7,124391,72149254.0,3.63,1.73,0.1,1.32
2016-07-13,5.9,5.93,5.97,5.87,153877,91194920.0,1.7,0.68,0.04,1.63
2016-07-14,5.93,5.97,6.02,5.89,151028,90043685.0,2.19,0.67,0.04,1.6
2016-07-15,5.95,5.99,5.99,5.91,111125,66042569.0,1.34,0.34,0.02,1.18
2016-07-18,6.01,5.97,6.07,5.93,115621,69404363.0,2.34,-0.33,-0.02,1.23
2016-07-19,5.95,5.95,5.97,5.86,87676,51842541.0,1.84,-0.34,-0.02,0.93
2016-07-20,5.96,5.92,5.96,5.91,61392,36435923.0,0.84,-0.5,-0.03,0.65
2016-07-21,5.92,5.92,5.97,5.9,79296,47040233.0,1.18,0.0,0.0,0.84
2016-07-22,5.91,5.85,5.92,5.8,95691,55986205.0,2.03,-1.18,-0.07,1.01
2016-07-25,5.81,5.87,5.89,5.8,53676,31390369.0,1.54,0.34,0.02,0.57
2016-07-26,5.85,5.94,5.94,5.85,81582,48129218.0,1.53,1.19,0.07,0.87
2016-07-27,5.95,5.64,5.97,5.55,158106,91053938.0,7.07,-5.05,-0.3,1.68
2016-07-28,5.67,5.6,5.72,5.5,106310,59520596.0,3.9,-0.71,-0.04,1.13
2016-07-29,5.58,5.57,5.64,5.55,44260,24762142.0,1.61,-0.54,-0.03,0.47
2016-08-01,5.56,5.48,5.58,5.44,64934,35652232.0,2.51,-1.62,-0.09,0.69
2016-08-02,5.49,5.53,5.54,5.48,35695,19672687.0,1.09,0.91,0.05,0.38
2016-08-03,5.51,5.57,5.6,5.51,56611,31502211.0,1.63,0.72,0.04,0.6
2016-08-04,5.57,5.58,5.59,5.52,43492,24159380.0,1.26,0.18,0.01,0.46
2016-08-05,5.56,5.62,5.66,5.55,65057,36491526.0,1.97,0.72,0.04,0.69
2016-08-08,5.59,5.66,5.67,5.55,66444,37320790.0,2.14,0.71,0.04,0.7
2016-08-09,5.72,5.76,5.78,5.66,87351,49911592.0,2.12,1.77,0.1,0.93
2016-08-10,5.73,5.69,5.75,5.68,67674,38584655.0,1.22,-1.22,-0.07,0.72
2016-08-11,5.69,5.73,5.86,5.69,160713,92988967.0,2.99,0.7,0.04,1.7
2016-08-12,5.7,5.78,5.79,5.64,81092,46343466.0,2.62,0.87,0.05,0.86
2016-08-15,5.79,5.96,6.03,5.76,238680,141297313.0,4.67,3.11,0.18,2.53
2016-08-16,5.96,5.95,6.01,5.92,131152,78128512.0,1.51,-0.17,-0.01,1.39
2016-08-17,5.97,5.92,5.98,5.88,117648,69609064.0,1.68,-0.5,-0.03,1.25
2016-08-18,5.92,5.93,6.01,5.91,125323,74681884.0,1.69,0.17,0.01,1.33
2016-08-19,5.93,5.9,5.93,5.85,82393,48532361.0,1.35,-0.51,-0.03,0.87
2016-08-22,5.94,6.05,6.19,5.9,267512,161295248.0,4.92,2.54,0.15,2.84
2016-08-23,6.0,5.97,6.04,5.92,161413,96511165.0,1.98,-1.32,-0.08,1.71
2016-08-24,5.96,5.92,5.99,5.88,101146,60135043.0,1.84,-0.84,-0.05,1.07
2016-08-25,5.9,5.89,5.91,5.79,89077,52112691.0,2.03,-0.51,-0.03,0.94
2016-08-26,5.89,5.93,5.99,5.87,89144,53034799.0,2.04,0.68,0.04,0.95
2016-08-29,5.95,6.03,6.04,5.9,96962,57901223.0,2.36,1.69,0.1,1.03
2016-08-30,5.97,5.96,6.01,5.94,70854,42317882.0,1.16,-1.16,-0.07,0.75
2016-08-31,5.98,5.99,6.0,5.92,64284,38337182.0,1.34,0.5,0.03,0.68
2016-09-01,5.98,5.93,6.03,5.93,85656,51214306.0,1.67,-1.0,-0.06,0.91
2016-09-02,5.93,5.9,5.95,5.86,62431,36867531.0,1.52,-0.51,-0.03,0.66
2016-09-05,5.9,5.88,5.96,5.86,68793,40676100.0,1.69,-0.34,-0.02,0.73
2016-09-06,5.89,6.02,6.02,5.86,130061,77481219.0,2.72,2.38,0.14,1.38
2016-09-07,6.01,5.99,6.06,5.97,115630,69564476.0,1.5,-0.5,-0.03,1.23
2016-09-08,6.0,6.06,6.07,5.97,102058,61530920.0,1.67,1.17,0.07,1.08
2016-09-09,6.07,5.96,6.13,5.95,126100,76336747.0,2.97,-1.65,-0.1,1.34
2016-09-12,5.84,5.75,5.87,5.74,106042,61548467.0,2.18,-3.52,-0.21,1.12
2016-09-13,5.79,5.77,5.81,5.72,54741,31569635.0,1.57,0.35,0.02,0.58
2016-09-14,5.75,5.75,5.81,5.72,40507,23354310.0,1.56,-0.35,-0.02,0.43
2016-09-19,5.74,5.8,5.8,5.74,38742,22399097.0,1.04,0.87,0.05,0.41
2016-09-20,5.8,5.82,5.82,5.77,32499,18823595.0,0.86,0.34,0.02,0.34
2016-09-21,5.8,5.83,5.85,5.77,42718,24851748.0,1.37,0.17,0.01,0.45
2016-09-22,5.86,5.88,5.89,5.83,82210,48155679.0,1.03,0.86,0.05,0.87
2016-09-23,5.9,5.86,5.93,5.85,67399,39700954.0,1.36,-0.34,-0.02,0.71
2016-09-26,5.85,5.7,5.85,5.69,87296,50194017.0,2.73,-2.73,-0.16,0.93
2016-09-27,5.71,5.73,5.77,5.66,72385,41265706.0,1.93,0.53,0.03,0.77
2016-09-28,5.74,5.73,5.76,5.7,40270,23075634.0,1.05,0.0,0.0,0.43
2016-09-29,5.75,5.76,5.79,5.72,39913,22989114.0,1.22,0.52,0.03,0.42
2016-09-30,5.75,5.82,5.83,5.73,48940,28294290.0,1.74,1.04,0.06,0.52
2016-10-10,5.91,5.9,5.92,5.83,72409,42515441.0,1.55,1.37,0.08,0.77
2016-10-11,5.9,5.92,5.94,5.88,84757,50065270.0,1.02,0.34,0.02,0.9
2016-10-12,5.9,5.91,5.94,5.87,62911,37142146.0,1.18,-0.17,-0.01,0.67
2016-10-13,5.9,5.98,6.03,5.89,132847,79170548.0,2.37,1.18,0.07,1.41
2016-10-14,5.96,6.0,6.0,5.93,90249,53893921.0,1.17,0.33,0.02,0.96
2016-10-17,6.0,5.87,6.01,5.86,100931,59825241.0,2.5,-2.17,-0.13,1.07
2016-10-18,5.86,5.98,5.98,5.85,87804,52055229.0,2.21,1.87,0.11,0.93
2016-10-19,5.98,5.95,6.01,5.93,66666,39789314.0,1.34,-0.5,-0.03,0.71
2016-10-20,5.95,5.96,5.99,5.93,53462,31841741.0,1.01,0.17,0.01,0.57
2016-10-21,5.95,5.93,5.97,5.88,61110,36196096.0,1.51,-0.5,-0.03,0.65
2016-10-24,5.91,6.0,6.04,5.91,107981,64539261.0,2.19,1.18,0.07,1.14
2016-10-25,6.0,6.12,6.12,5.97,153437,92656141.0,2.5,2.0,0.12,1.63
2016-10-26,6.11,6.07,6.13,6.02,139790,84907044.0,1.8,-0.82,-0.05,1.48
2016-10-27,6.05,6.06,6.07,6.0,92575,55865669.0,1.15,-0.16,-0.01,0.98
2016-10-28,6.07,5.96,6.09,5.96,91121,54821560.0,2.15,-1.65,-0.1,0.97
2016-10-31,5.95,5.95,5.96,5.91,56400,33461987.0,0.84,-0.17,-0.01,0.6
2016-11-01,5.94,5.98,5.99,5.93,66414,39643813.0,1.01,0.5,0.03,0.7
2016-11-02,5.96,5.94,5.99,5.93,58774,35058583.0,1.0,-0.67,-0.04,0.62
2016-11-03,5.94,6.16,6.29,5.93,350664,215621736.0,6.06,3.7,0.22,3.72
2016-11-04,6.16,6.06,6.2,6.01,242050,147311342.0,3.08,-1.62,-0.1,2.57
2016-11-07,6.07,6.09,6.11,6.0,140549,85159467.0,1.82,0.5,0.03,1.49
2016-11-08,6.08,6.14,6.2,6.08,170663,104742732.0,1.97,0.82,0.05,1.81
2016-11-09,6.14,6.27,6.34,6.04,316854,196281499.0,4.89,2.12,0.13,3.36
2016-11-10,6.29,6.47,6.5,6.25,386527,246992797.0,3.99,3.19,0.2,4.1
2016-11-11,6.45,6.61,6.66,6.35,349354,227046407.0,4.79,2.16,0.14,3.7
2016-11-14,6.49,6.53,6.62,6.43,290398,189224848.0,2.87,-1.21,-0.08,3.08
2016-11-15,6.47,6.48,6.55,6.45,168399,109202548.0,1.53,-0.77,-0.05,1.79
2016-11-16,6.48,6.4,6.49,6.39,146898,94473350.0,1.54,-1.23,-0.08,1.56
2016-11-17,6.39,6.51,6.53,6.36,173766,112070855.0,2.66,1.72,0.11,1.84
2016-11-18,6.52,6.4,6.59,6.36,181251,117716112.0,3.53,-1.69,-0.11,1.92
2016-11-21,6.38,6.36,6.46,6.33,119913,76583892.0,2.03,-0.63,-0.04,1.27
2016-11-22,6.36,6.48,6.58,6.35,163404,105519922.0,3.62,1.89,0.12,1.73
2016-11-23,6.46,6.41,6.58,6.38,121185,78466506.0,3.09,-1.08,-0.07,1.28
2016-11-24,6.46,6.67,7.0,6.41,386779,259230595.0,9.2,4.06,0.26,4.1
2016-11-25,6.69,6.62,6.78,6.41,267666,176485113.0,5.55,-0.75,-0.05,2.84
2016-11-28,6.58,6.64,6.65,6.53,181358,119625823.0,1.81,0.3,0.02,1.92
2016-11-29,6.62,6.41,6.62,6.41,194666,126608173.0,3.16,-3.46,-0.23,2.06
2016-11-30,6.39,6.31,6.46,6.25,142825,90581485.0,3.28,-1.56,-0.1,1.51
2016-12-01,6.33,6.35,6.4,6.28,89649,56762730.0,1.9,0.63,0.04,0.95
2016-12-02,6.35,6.16,6.35,6.12,140964,87649219.0,3.62,-2.99,-0.19,1.49
2016-12-05,6.11,6.18,6.22,6.11,66895,41333203.0,1.79,0.32,0.02,0.71
2016-12-06,6.18,6.15,6.21,6.15,48839,30194964.0,0.97,-0.49,-0.03,0.52
2016-12-07,6.17,6.25,6.26,6.13,76638,47499783.0,2.11,1.63,0.1,0.81
2016-12-08,6.26,6.18,6.27,6.13,73749,45850391.0,2.24,-1.12,-0.07,0.78
2016-12-09,6.14,6.2,6.23,6.13,56380,34930104.0,1.62,0.32,0.02,0.6
2016-12-12,6.21,5.87,6.23,5.85,133057,80125935.0,6.13,-5.32,-0.33,1.41
2016-12-13,5.89,5.87,5.9,5.76,83241,48729893.0,2.39,0.0,0.0,0.88
2016-12-14,5.87,5.85,5.93,5.81,60729,35588465.0,2.04,-0.34,-0.02,0.64
2016-12-15,5.84,5.9,5.96,5.82,86786,51245305.0,2.39,0.85,0.05,0.92
2016-12-16,5.91,5.95,5.97,5.89,69875,41478613.0,1.36,0.85,0.05,0.74
2016-12-19,5.95,5.97,6.0,5.93,64745,38621850.0,1.18,0.34,0.02,0.69
2016-12-20,5.97,5.94,5.98,5.9,42587,25245994.0,1.34,-0.5,-0.03,0.45
2016-12-21,5.94,5.98,5.99,5.94,48792,29101678.0,0.84,0.67,0.04,0.52
2016-12-22,5.98,5.95,5.98,5.89,53045,31494114.0,1.51,-0.5,-0.03,0.56
2016-12-23,5.94,5.85,5.94,5.85,56856,33518305.0,1.51,-1.68,-0.1,0.6
2016-12-26,5.82,5.91,5.92,5.78,53821,31387027.0,2.39,1.03,0.06,0.57
2016-12-27,5.91,5.94,5.96,5.9,54969,32602012.0,1.02,0.51,0.03,0.58
2016-12-28,5.95,5.94,5.98,5.92,53852,32043106.0,1.01,0.0,0.0,0.57
2016-12-29,5.92,5.94,5.99,5.91,42654,25401059.0,1.35,0.0,0.0,0.45
2016-12-30,5.95,5.96,5.96,5.9,45795,27173987.0,1.01,0.34,0.02,0.49
2017-01-03,5.94,6.03,6.05,5.94,67826,40761405.0,1.85,1.17,0.07,0.72
2017-01-04,6.03,6.07,6.07,6.01,51204,31004472.0,1.0,0.66,0.04,0.54
2017-01-05,6.06,6.04,6.09,6.03,80567,48767905.0,0.99,-0.49,-0.03,0.85
2017-01-06,6.03,6.07,6.09,6.02,73484,44562609.0,1.16,0.5,0.03,0.78
2017-01-09,6.05,6.08,6.09,6.05,55944,33957051.0,0.66,0.16,0.01,0.59
2017-01-10,6.09,6.12,6.17,6.07,98925,60645625.0,1.64,0.66,0.04,1.05
2017-01-11,6.11,6.05,6.17,6.04,69581,42488835.0,2.12,-1.14,-0.07,0.74
2017-01-12,6.05,6.06,6.13,6.04,58078,35309835.0,1.49,0.17,0.01,0.62
2017-01-13,6.06,5.94,6.06,5.9,54797,32869190.0,2.64,-1.98,-0.12,0.58
2017-01-16,5.91,5.7,5.92,5.52,99630,57229710.0,6.73,-4.04,-0.24,1.06
2017-01-17,5.66,5.73,5.75,5.63,49842,28351425.0,2.11,0.53,0.03,0.53
2017-01-18,5.74,5.72,5.76,5.69,35576,20367057.0,1.22,-0.17,-0.01,0.38
2017-01-19,5.7,5.69,5.73,5.65,33992,19333658.0,1.4,-0.52,-0.03,0.36
2017-01-20,5.7,5.77,5.78,5.68,48023,27617208.0,1.76,1.41,0.08,0.51
2017-01-23,5.78,5.83,5.85,5.77,46372,26990236.0,1.39,1.04,0.06,0.49
2017-01-24,5.84,5.83,5.86,5.79,34628,20197880.0,1.2,0.0,0.0,0.37
2017-01-25,5.84,5.84,5.87,5.79,31455,18339714.0,1.37,0.17,0.01,0.33
2017-01-26,5.85,5.89,5.91,5.83,27005,15845886.0,1.37,0.86,0.05,0.29
2017-02-03,5.89,5.86,5.91,5.82,30238,17734359.0,1.53,-0.51,-0.03,0.32
2017-02-06,5.85,5.93,5.93,5.84,39655,23365790.0,1.54,1.19,0.07,0.42
2017-02-07,5.93,5.91,5.94,5.86,30201,17806076.0,1.35,-0.34,-0.02,0.32
2017-02-08,5.91,5.94,5.94,5.86,47330,27936971.0,1.35,0.51,0.03,0.5
2017-02-09,5.94,5.99,5.99,5.91,53058,31635335.0,1.35,0.84,0.05,0.56
2017-02-10,5.97,6.0,6.03,5.94,68515,41074022.0,1.5,0.17,0.01,0.73
2017-02-13,5.99,6.03,6.03,5.98,53599,32217932.0,0.83,0.5,0.03,0.57
2017-02-14,6.01,5.99,6.03,5.97,44629,26732067.0,1.0,-0.66,-0.04,0.47
2017-02-15,5.97,5.96,6.02,5.95,64020,38325276.0,1.17,-0.5,-0.03,0.68
2017-02-16,5.95,6.09,6.15,5.94,117193,71059089.0,3.52,2.18,0.13,1.24
2017-02-17,6.23,6.09,6.37,6.06,190010,117809121.0,5.09,0.0,0.0,2.01
2017-02-20,6.08,6.15,6.18,6.03,116332,70939688.0,2.46,0.99,0.06,1.23
2017-02-21,6.14,6.77,6.77,6.1,321298,209139187.0,10.89,10.08,0.62,3.41
2017-02-22,6.97,6.66,7.09,6.63,771696,527355104.0,6.79,-1.62,-0.11,8.18
2017-02-23,6.65,6.64,6.82,6.55,435319,290607296.0,4.05,-0.3,-0.02,4.61
2017-02-24,6.53,6.4,6.56,6.34,371440,237834258.0,3.31,-3.61,-0.24,3.94
2017-02-27,6.41,6.32,6.44,6.32,172354,109838371.0,1.88,-1.25,-0.08,1.83
2017-02-28,6.3,6.36,6.41,6.26,158175,100120294.0,2.37,0.63,0.04,1.68
2017-03-01,6.31,6.33,6.36,6.3,121934,77228287.0,0.94,-0.47,-0.03,1.29
2017-03-02,6.35,6.3,6.47,6.26,167406,106270221.0,3.32,-0.47,-0.03,1.77
2017-03-03,6.27,6.24,6.31,6.23,105653,66183844.0,1.27,-0.95,-0.06,1.12
2017-03-06,6.25,6.33,6.34,6.25,98186,61824224.0,1.44,1.44,0.09,1.04
2017-03-07,6.33,6.31,6.34,6.29,67455,42542709.0,0.79,-0.32,-0.02,0.72
2017-03-08,6.31,6.26,6.32,6.23,85634,53707706.0,1.43,-0.79,-0.05,0.91
2017-03-09,6.25,6.17,6.25,6.17,88731,54988662.0,1.28,-1.44,-0.09,0.94
2017-03-10,6.18,6.18,6.21,6.16,56439,34913078.0,0.81,0.16,0.01,0.6
2017-03-13,6.16,6.22,6.23,6.15,63397,39304157.0,1.29,0.65,0.04,0.67
2017-03-14,6.22,6.18,6.26,6.18,62319,38764449.0,1.29,-0.64,-0.04,0.66
2017-03-15,6.18,6.17,6.21,6.15,51624,31895153.0,0.97,-0.16,-0.01,0.55
2017-03-16,6.18,6.25,6.26,6.17,84076,52335053.0,1.46,1.3,0.08,0.89
2017-03-17,6.22,6.19,6.28,6.18,92023,57442810.0,1.6,-0.96,-0.06,0.98
2017-03-20,6.2,6.27,6.27,6.18,57992,36040119.0,1.45,1.29,0.08,0.61
2017-03-21,6.31,6.3,6.35,6.26,104007,65588069.0,1.44,0.48,0.03,1.1
2017-03-22,6.26,6.22,6.28,6.17,71350,44350632.0,1.75,-1.27,-0.08,0.76
2017-03-23,6.22,6.25,6.32,6.19,80450,50296324.0,2.09,0.48,0.03,0.85
2017-03-24,6.24,6.22,6.26,6.17,69945,43430728.0,1.44,-0.48,-0.03,0.74
2017-03-27,6.17,6.16,6.21,6.14,74324,45856464.0,1.13,-0.96,-0.06,0.79
2017-03-28,6.16,6.1,6.19,6.09,64663,39623207.0,1.62,-0.97,-0.06,0.69
2017-03-29,6.11,6.09,6.13,6.04,71307,43381244.0,1.48,-0.16,-0.01,0.76
2017-03-30,6.09,5.98,6.11,5.95,88382,53113629.0,2.63,-1.81,-0.11,0.94
2017-03-31,6.0,5.99,6.03,5.96,52202,31253550.0,1.17,0.17,0.01,0.55
2017-04-05,5.99,6.15,6.15,5.99,82147,49946752.0,2.67,2.67,0.16,0.87
2017-04-06,6.12,6.13,6.16,6.1,52140,31976575.0,0.98,-0.33,-0.02,0.55
2017-04-07,6.12,6.1,6.13,6.08,57490,35078445.0,0.82,-0.49,-0.03,0.61
2017-04-10,6.1,6.02,6.12,6.0,69240,42001203.0,1.97,-1.31,-0.08,0.73
2017-04-11,5.95,6.07,6.08,5.95,65078,39111637.0,2.16,0.83,0.05,0.69
2017-04-12,6.08,6.1,6.12,6.04,73211,44604018.0,1.32,0.49,0.03,0.78
2017-04-13,6.12,6.12,6.14,6.09,58328,35658480.0,0.82,0.33,0.02,0.62
2017-04-14,6.12,6.05,6.12,6.03,56967,34545505.0,1.47,-1.14,-0.07,0.6
2017-04-17,6.05,5.99,6.05,5.96,55004,32964675.0,1.49,-0.99,-0.06,0.58
2017-04-18,5.99,5.85,6.02,5.84,67275,39944294.0,3.01,-2.34,-0.14,0.71
2017-04-19,5.82,5.77,5.85,5.69,78775,45313283.0,2.74,-1.37,-0.08,0.84
2017-04-20,5.77,5.7,5.78,5.63,53869,30741799.0,2.6,-1.21,-0.07,0.57
2017-04-21,5.7,5.71,5.73,5.67,37779,21533184.0,1.05,0.18,0.01,0.4
2017-04-24,5.71,5.56,5.71,5.55,74307,41576444.0,2.8,-2.63,-0.15,0.79
2017-04-25,5.56,5.58,5.64,5.56,38692,21671449.0,1.44,0.36,0.02,0.41
2017-04-26,5.6,5.6,5.65,5.58,38599,21684930.0,1.25,0.36,0.02,0.41
2017-04-27,5.59,5.62,5.64,5.47,54902,30511550.0,3.04,0.36,0.02,0.58
2017-04-28,5.6,5.68,5.68,5.59,35521,20066786.0,1.6,1.07,0.06,0.38
2017-05-02,5.65,5.66,5.69,5.6,46666,26362704.0,1.58,-0.35,-0.02,0.49
2017-05-03,5.66,5.6,5.66,5.56,37143,20866984.0,1.77,-1.06,-0.06,0.39
2017-05-04,5.59,5.59,5.67,5.55,37801,21140430.0,2.14,-0.18,-0.01,0.4
2017-05-05,5.58,5.52,5.58,5.49,44795,24706573.0,1.61,-1.25,-0.07,0.47
2017-05-08,5.47,5.45,5.53,5.45,34488,18921513.0,1.45,-1.27,-0.07,0.37
2017-05-09,5.44,5.48,5.5,5.41,27586,15069637.0,1.65,0.55,0.03,0.29
2017-05-10,5.48,5.32,5.52,5.28,40607,21949443.0,4.38,-2.92,-0.16,0.43
2017-05-11,5.29,5.26,5.3,5.11,52367,27334879.0,3.57,-1.13,-0.06,0.56
2017-05-12,5.25,5.25,5.27,5.2,28289,14828519.0,1.33,-0.19,-0.01,0.3
2017-05-15,5.27,5.27,5.3,5.23,24657,12995252.0,1.33,0.38,0.02,0.26
2017-05-16,5.27,5.35,5.35,5.2,40655,21475963.0,2.85,1.52,0.08,0.43
2017-05-17,5.31,5.34,5.38,5.31,31412,16827338.0,1.31,-0.19,-0.01,0.33
2017-05-18,5.28,5.26,5.35,5.24,40812,21569449.0,2.06,-1.5,-0.08,0.43
2017-05-19,5.26,5.28,5.28,5.23,27907,14663585.0,0.95,0.38,0.02,0.3
2017-05-22,5.27,5.15,5.28,5.14,25816,13438606.0,2.65,-2.46,-0.13,0.27
2017-05-23,5.17,5.05,5.18,5.04,38700,19784963.0,2.72,-1.94,-0.1,0.41
2017-05-24,5.04,5.1,5.13,5.01,35011,17731795.0,2.38,0.99,0.05,0.37
2017-05-25,5.11,5.14,5.17,5.02,41267,21022364.0,2.94,0.78,0.04,0.44
2017-05-26,5.13,5.13,5.15,5.11,24619,12641666.0,0.78,-0.19,-0.01,0.26
2017-05-31,5.14,5.18,5.19,5.14,41017,21207551.0,0.97,0.97,0.05,0.43
2017-06-01,5.16,5.06,5.16,5.04,31760,16197477.0,2.32,-2.32,-0.12,0.34
2017-06-02,5.04,5.11,5.13,5.0,32680,16502906.0,2.57,0.99,0.05,0.35
2017-06-05,5.11,5.13,5.17,5.1,19351,9934267.0,1.37,0.39,0.02,0.21
2017-06-06,5.14,5.16,5.17,5.11,22259,11447776.0,1.17,0.58,0.03,0.24
2017-06-07,5.17,5.24,5.25,5.16,37047,19302774.0,1.74,1.55,0.08,0.39
2017-06-08,5.24,5.31,5.4,5.17,73574,38866365.0,4.39,1.34,0.07,0.78
2017-06-09,5.28,5.27,5.29,5.23,35262,18533748.0,1.13,-0.75,-0.04,0.37
2017-06-12,5.25,5.2,5.26,5.19,28460,14864401.0,1.33,-1.33,-0.07,0.3
2017-06-13,5.21,5.25,5.28,5.2,33068,17334884.0,1.54,0.96,0.05,0.35
2017-06-14,5.25,5.24,5.26,5.22,24419,12787551.0,0.76,-0.19,-0.01,0.26
2017-06-15,5.24,5.28,5.3,5.22,39101,20611727.0,1.53,0.76,0.04,0.41
2017-06-16,5.28,5.32,5.42,5.25,65271,34911900.0,3.22,0.76,0.04,0.69
2017-06-19,5.31,5.32,5.33,5.23,46180,24372951.0,1.88,0.0,0.0,0.49
2017-06-20,5.32,5.3,5.35,5.29,35827,19062713.0,1.13,-0.38,-0.02,0.38
2017-06-21,5.33,5.31,5.34,5.28,35098,18586734.0,1.13,0.19,0.01,0.37
2017-06-22,5.31,5.24,5.33,5.23,45235,23953417.0,1.88,-1.32,-0.07,0.48
2017-06-23,5.23,5.2,5.24,5.14,43832,22747042.0,1.91,-0.76,-0.04,0.46
2017-06-26,5.21,5.3,5.31,5.18,42575,22371324.0,2.5,1.92,0.1,0.45
2017-06-27,5.3,5.31,5.32,5.28,28970,15349960.0,0.75,0.19,0.01,0.31
2017-06-28,5.26,5.2,5.27,5.19,37279,19505715.0,1.51,-2.07,-0.11,0.4
2017-06-29,5.2,5.24,5.26,5.19,30615,16043909.0,1.35,0.77,0.04,0.32
2017-06-30,5.21,5.25,5.27,5.2,29396,15409424.0,1.34,0.19,0.01,0.31
2017-07-03,5.25,5.28,5.29,5.23,26362,13862915.0,1.14,0.57,0.03,0.28
2017-07-04,5.28,5.26,5.28,5.25,23405,12321445.0,0.57,-0.38,-0.02,0.25
2017-07-05,5.26,5.33,5.34,5.25,59675,31616029.0,1.71,1.33,0.07,0.63
2017-07-06,5.32,5.3,5.32,5.26,46938,24861134.0,1.13,-0.56,-0.03,0.5
2017-07-07,5.3,5.34,5.35,5.27,47471,25251406.0,1.51,0.75,0.04,0.5
2017-07-10,5.33,5.36,5.4,5.32,53585,28753488.0,1.5,0.37,0.02,0.57
2017-07-11,5.35,5.33,5.4,5.31,42855,22946940.0,1.68,-0.56,-0.03,0.45
2017-07-12,5.33,5.29,5.35,5.24,42357,22369153.0,2.06,-0.75,-0.04,0.45
2017-07-13,5.28,5.31,5.32,5.27,35548,18823137.0,0.95,0.38,0.02,0.38
2017-07-14,5.3,5.27,5.32,5.26,27974,14794047.0,1.13,-0.75,-0.04,0.3
2017-07-17,5.25,5.04,5.26,5.04,74452,38129555.0,4.17,-4.36,-0.23,0.79
2017-07-18,5.03,5.08,5.11,5.0,42999,21719892.0,2.18,0.79,0.04,0.46
2017-07-19,5.08,5.19,5.19,5.06,53052,27235299.0,2.56,2.17,0.11,0.56
2017-07-20,5.18,5.32,5.32,5.16,74484,39074291.0,3.08,2.5,0.13,0.79
2017-07-21,5.29,5.41,5.45,5.28,101046,54349376.0,3.2,1.69,0.09,1.07
2017-07-24,5.39,5.42,5.62,5.36,119578,65279581.0,4.81,0.18,0.01,1.27
2017-07-25,5.42,5.36,5.42,5.33,65319,35012352.0,1.66,-1.11,-0.06,0.69
2017-07-26,5.38,5.39,5.42,5.35,39499,21267624.0,1.31,0.56,0.03,0.42
2017-07-27,5.39,5.41,5.43,5.34,35638,19205920.0,1.67,0.37,0.02,0.38
2017-07-28,5.4,5.64,5.83,5.38,228792,129032017.0,8.32,4.25,0.23,2.43
2017-07-31,5.56,5.59,5.64,5.5,151854,84360976.0,2.48,-0.89,-0.05,1.61
2017-08-01,5.57,5.47,5.59,5.45,94162,51880220.0,2.5,-2.15,-0.12,1.0
2017-08-02,5.46,5.47,5.55,5.43,70825,38813962.0,2.19,0.0,0.0,0.75
2017-08-03,5.45,5.43,5.48,5.42,49628,26993627.0,1.1,-0.73,-0.04,0.53
2017-08-04,5.43,5.42,5.51,5.42,55753,30515848.0,1.66,-0.18,-0.01,0.59
2017-08-07,5.42,5.47,5.49,5.42,30593,16717327.0,1.29,0.92,0.05,0.32
2017-08-08,5.47,5.48,5.51,5.45,30616,16770329.0,1.1,0.18,0.01,0.32
2017-08-09,5.46,5.46,5.49,5.44,26396,14412292.0,0.91,-0.36,-0.02,0.28
2017-08-10,5.44,5.34,5.47,5.32,56604,30476590.0,2.75,-2.2,-0.12,0.6
2017-08-11,5.33,5.23,5.34,5.22,44673,23603293.0,2.25,-2.06,-0.11,0.47
2017-08-14,5.23,5.28,5.29,5.23,39573,20868576.0,1.15,0.96,0.05,0.42
2017-08-15,5.28,5.3,5.33,5.27,28100,14896347.0,1.14,0.38,0.02,0.3
2017-08-16,5.3,5.3,5.31,5.25,40663,21488475.0,1.13,0.0,0.0,0.43
2017-08-17,5.29,5.33,5.34,5.29,37329,19839738.0,0.94,0.57,0.03,0.4
2017-08-18,5.31,5.34,5.35,5.29,35433,18859698.0,1.13,0.19,0.01,0.38
2017-08-21,5.33,5.34,5.35,5.32,31323,16691320.0,0.56,0.0,0.0,0.33
2017-08-22,5.34,5.28,5.35,5.27,37400,19862852.0,1.5,-1.12,-0.06,0.4
2017-08-23,5.28,5.28,5.32,5.26,29163,15402149.0,1.14,0.0,0.0,0.31
2017-08-24,5.27,5.21,5.28,5.19,41260,21605669.0,1.7,-1.33,-0.07,0.44
2017-08-25,5.19,5.26,5.28,5.19,28970,15207069.0,1.73,0.96,0.05,0.31
2017-08-28,5.26,5.37,5.42,5.26,85542,45817127.0,3.04,2.09,0.11,0.91
2017-08-29,5.37,5.34,5.39,5.31,45768,24469463.0,1.49,-0.56,-0.03,0.49
2017-08-30,5.34,5.39,5.41,5.32,55235,29701233.0,1.69,0.94,0.05,0.59
2017-08-31,5.39,5.38,5.39,5.35,33609,18053356.0,0.74,-0.19,-0.01,0.36
2017-09-01,5.37,5.43,5.44,5.37,55604,30082714.0,1.3,0.93,0.05,0.59
2017-09-04,5.43,5.4,5.43,5.38,48492,26150855.0,0.92,-0.55,-0.03,0.51
2017-09-05,5.4,5.47,5.6,5.34,100790,54926553.0,4.81,1.3,0.07,1.07
2017-09-06,5.45,5.62,5.64,5.4,227738,126517773.0,4.39,2.74,0.15,2.41
2017-09-07,5.59,5.47,5.59,5.45,119392,65829162.0,2.49,-2.67,-0.15,1.27
2017-09-08,5.46,5.42,5.49,5.41,64001,34821941.0,1.46,-0.91,-0.05,0.68
2017-09-11,5.42,5.44,5.46,5.4,54479,29571937.0,1.11,0.37,0.02,0.58
2017-09-12,5.44,5.43,5.47,5.39,81997,44522124.0,1.47,-0.18,-0.01,0.87
2017-09-13,5.4,5.4,5.43,5.37,57334,30934648.0,1.1,-0.55,-0.03,0.61
2017-09-14,5.4,5.4,5.44,5.37,44480,24043217.0,1.3,0.0,0.0,0.47
2017-09-15,5.4,5.41,5.44,5.38,52132,28199346.0,1.11,0.19,0.01,0.55
2017-09-18,5.41,5.45,5.46,5.4,56177,30545041.0,1.11,0.74,0.04,0.6
2017-09-19,5.45,5.43,5.47,5.41,33622,18268663.0,1.1,-0.37,-0.02,0.36
2017-09-20,5.44,5.45,5.49,5.4,43564,23713983.0,1.66,0.37,0.02,0.46
2017-09-21,5.45,5.42,5.47,5.41,47884,26063979.0,1.1,-0.55,-0.03,0.51
2017-09-22,5.41,5.36,5.42,5.34,38168,20503742.0,1.48,-1.11,-0.06,0.4
2017-09-25,5.35,5.25,5.36,5.25,41710,22077431.0,2.05,-2.05,-0.11,0.44
2017-09-26,5.24,5.26,5.27,5.22,29369,15416812.0,0.95,0.19,0.01,0.31
2017-09-27,5.27,5.26,5.29,5.25,28138,14821512.0,0.76,0.0,0.0,0.3
2017-09-28,5.27,5.23,5.27,5.21,25509,13359466.0,1.14,-0.57,-0.03,0.27
2017-09-29,5.24,5.26,5.28,5.23,22496,11821620.0,0.96,0.57,0.03,0.24
2017-10-09,5.31,5.29,5.32,5.27,32517,17201056.0,0.95,0.57,0.03,0.34
2017-10-10,5.29,5.33,5.34,5.27,35287,18716683.0,1.32,0.76,0.04,0.37
2017-10-11,5.33,5.32,5.33,5.31,32586,17333933.0,0.38,-0.19,-0.01,0.35
2017-10-12,5.3,5.3,5.32,5.28,32628,17298235.0,0.75,-0.38,-0.02,0.35
2017-10-13,5.3,5.33,5.33,5.28,37969,20163726.0,0.94,0.57,0.03,0.4
2017-10-16,5.32,5.22,5.33,5.21,41424,21808134.0,2.25,-2.06,-0.11,0.44
2017-10-17,5.22,5.22,5.25,5.21,25750,13445765.0,0.77,0.0,0.0,0.27
2017-10-18,5.22,5.17,5.25,5.15,37149,19307508.0,1.92,-0.96,-0.05,0.39
2017-10-19,5.16,5.11,5.17,5.09,34807,17826821.0,1.55,-1.16,-0.06,0.37
2017-10-20,5.11,5.14,5.15,5.09,17231,8831356.0,1.17,0.59,0.03,0.18
2017-10-23,5.15,5.16,5.16,5.11,20224,10387064.0,0.97,0.39,0.02,0.21
2017-10-24,5.14,5.14,5.15,5.12,15711,8065615.0,0.58,-0.39,-0.02,0.17
2017-10-25,5.14,5.16,5.16,5.12,23884,12287227.0,0.78,0.39,0.02,0.25
2017-10-26,5.16,5.17,5.19,5.14,27008,13941295.0,0.97,0.19,0.01,0.29
2017-10-27,5.17,5.13,5.17,5.11,19779,10164841.0,1.16,-0.77,-0.04,0.21
2017-10-30,5.12,5.02,5.13,5.01,40356,20362580.0,2.34,-2.14,-0.11,0.43
2017-10-31,5.02,5.05,5.07,5.02,34165,17235316.0,1.0,0.6,0.03,0.36
2017-11-01,5.07,5.05,5.08,5.05,24619,12464937.0,0.59,0.0,0.0,0.26
2017-11-02,5.05,5.0,5.06,4.99,35987,18069427.0,1.39,-0.99,-0.05,0.38
2017-11-03,5.01,4.93,5.02,4.91,39532,19583883.0,2.2,-1.4,-0.07,0.42
2017-11-06,4.93,4.93,4.96,4.87,26256,12893550.0,1.83,0.0,0.0,0.28
2017-11-07,4.93,4.94,4.96,4.91,26691,13166225.0,1.01,0.2,0.01,0.28
2017-11-08,4.94,4.99,5.03,4.93,43262,21566498.0,2.02,1.01,0.05,0.46
2017-11-09,4.97,5.02,5.06,4.97,30382,15262184.0,1.8,0.6,0.03,0.32
2017-11-10,5.02,5.03,5.03,4.99,21669,10856510.0,0.8,0.2,0.01,0.23
2017-11-13,5.03,5.01,5.04,4.99,21508,10767415.0,0.99,-0.4,-0.02,0.23
2017-11-14,5.0,4.93,5.01,4.93,32912,16319817.0,1.6,-1.6,-0.08,0.35
2017-11-15,4.93,4.92,4.94,4.9,24461,12040791.0,0.81,-0.2,-0.01,0.26
2017-11-16,4.91,4.89,4.93,4.88,21312,10466126.0,1.02,-0.61,-0.03,0.23
2017-11-17,4.91,4.76,4.91,4.74,45069,21674006.0,3.48,-2.66,-0.13,0.48
2017-11-20,4.77,4.72,4.77,4.65,30374,14258573.0,2.52,-0.84,-0.04,0.32
2017-11-21,4.72,4.75,4.8,4.7,31776,15119581.0,2.12,0.64,0.03,0.34
2017-11-22,4.74,4.75,4.78,4.72,26992,12817149.0,1.26,0.0,0.0,0.29
2017-11-23,4.74,4.65,4.75,4.64,33450,15704864.0,2.32,-2.11,-0.1,0.35
2017-11-24,4.65,4.66,4.67,4.62,17461,8114777.0,1.08,0.22,0.01,0.19
2017-11-27,4.65,4.79,4.8,4.65,48745,23028034.0,3.22,2.79,0.13,0.52
2017-11-28,4.88,4.83,4.88,4.77,68386,33105255.0,2.3,0.84,0.04,0.72
2017-11-29,4.79,4.73,4.83,4.7,52074,24648489.0,2.69,-2.07,-0.1,0.55
2017-11-30,4.73,4.73,4.75,4.7,25723,12154849.0,1.06,0.0,0.0,0.27
2017-12-01,4.73,4.75,4.76,4.72,16071,7621039.0,0.85,0.42,0.02,0.17
2017-12-04,4.74,4.67,4.75,4.66,21404,10060274.0,1.89,-1.68,-0.08,0.23
2017-12-05,4.67,4.54,4.67,4.53,35032,16117755.0,3.0,-2.78,-0.13,0.37
2017-12-06,4.54,4.58,4.58,4.5,30124,13683284.0,1.76,0.88,0.04,0.32
2017-12-07,4.57,4.56,4.61,4.55,24286,11110666.0,1.31,-0.44,-0.02,0.26
2017-12-08,4.55,4.6,4.61,4.54,24474,11224933.0,1.54,0.88,0.04,0.26
2017-12-11,4.6,4.62,4.64,4.58,20051,9266200.0,1.3,0.43,0.02,0.21
2017-12-12,4.63,4.56,4.63,4.53,19591,8966002.0,2.16,-1.3,-0.06,0.21
2017-12-13,4.56,4.58,4.59,4.54,18293,8344813.0,1.1,0.44,0.02,0.19
2017-12-14,4.57,4.57,4.58,4.56,16716,7630770.0,0.44,-0.22,-0.01,0.18
2017-12-15,4.56,4.58,4.59,4.55,20198,9227495.0,0.88,0.22,0.01,0.21
2017-12-18,4.57,4.57,4.61,4.55,13658,6256487.0,1.31,-0.22,-0.01,0.14
2017-12-19,4.57,4.74,4.8,4.57,87466,41034554.0,5.03,3.72,0.17,0.93
2017-12-20,4.7,4.57,4.71,4.55,72234,33425900.0,3.38,-3.59,-0.17,0.77
2017-12-21,4.56,4.53,4.58,4.44,37147,16776141.0,3.06,-0.88,-0.04,0.39
2017-12-22,4.52,4.51,4.55,4.51,13992,6332387.0,0.88,-0.44,-0.02,0.15
2017-12-25,4.51,4.46,4.53,4.45,16282,7294313.0,1.77,-1.11,-0.05,0.17
2017-12-26,4.46,4.49,4.49,4.44,21398,9563153.0,1.12,0.67,0.03,0.23
2017-12-27,4.47,4.48,4.53,4.46,15117,6799197.0,1.56,-0.22,-0.01,0.16
2017-12-28,4.48,4.5,4.53,4.46,18711,8416667.0,1.56,0.45,0.02,0.2
2017-12-29,4.53,4.57,4.66,4.52,42602,19466698.0,3.11,1.56,0.07,0.45
2018-01-02,4.57,4.61,4.63,4.55,34447,15859000.0,1.75,0.88,0.04,0.37
2018-01-03,4.61,4.64,4.65,4.6,28648,13264120.0,1.08,0.65,0.03,0.3
2018-01-04,4.64,4.64,4.65,4.61,23733,10993166.0,0.86,0.0,0.0,0.25
2018-01-05,4.64,4.66,4.68,4.63,26646,12417826.0,1.08,0.43,0.02,0.28
2018-01-08,4.66,4.64,4.67,4.6,29305,13575478.0,1.5,-0.43,-0.02,0.31
2018-01-09,4.63,4.63,4.65,4.61,22287,10317670.0,0.86,-0.22,-0.01,0.24
2018-01-10,4.62,4.58,4.63,4.56,24945,11463119.0,1.51,-1.08,-0.05,0.26
2018-01-11,4.58,4.58,4.59,4.55,23173,10574748.0,0.87,0.0,0.0,0.25
2018-01-12,4.58,4.58,4.61,4.56,25200,11557194.0,1.09,0.0,0.0,0.27
2018-01-15,4.58,4.52,4.59,4.49,33647,15226339.0,2.18,-1.31,-0.06,0.36
2018-01-16,4.52,4.51,4.53,4.46,35521,15968901.0,1.55,-0.22,-0.01,0.38
2018-01-17,4.51,4.54,4.56,4.49,36568,16579804.0,1.55,0.67,0.03,0.39
2018-01-18,4.54,4.54,4.56,4.52,20585,9346847.0,0.88,0.0,0.0,0.22
2018-01-19,4.54,4.6,4.63,4.54,43252,19838490.0,1.98,1.32,0.06,0.46
2018-01-22,4.65,4.64,4.68,4.61,48078,22331959.0,1.52,0.87,0.04,0.51
2018-01-23,4.63,4.6,4.66,4.58,42974,19812964.0,1.72,-0.86,-0.04,0.46
2018-01-24,4.6,4.68,4.69,4.59,57352,26683365.0,2.17,1.74,0.08,0.61
2018-01-25,4.69,4.66,4.71,4.65,39156,18304130.0,1.28,-0.43,-0.02,0.42
2018-01-26,4.66,4.65,4.69,4.64,22710,10584957.0,1.07,-0.21,-0.01,0.24
2018-01-29,4.64,4.59,4.69,4.59,31810,14729487.0,2.15,-1.29,-0.06,0.34
2018-01-30,4.59,4.6,4.62,4.57,16158,7431818.0,1.09,0.22,0.01,0.17
2018-01-31,4.59,4.48,4.6,4.47,33776,15256529.0,2.83,-2.61,-0.12,0.36
2018-02-01,4.48,4.33,4.51,4.31,49707,21742783.0,4.46,-3.35,-0.15,0.53
2018-02-02,4.32,4.29,4.32,4.24,41448,17697419.0,1.85,-0.92,-0.04,0.44
2018-02-05,4.24,4.26,4.28,4.2,28901,12258302.0,1.86,-0.7,-0.03,0.31
2018-02-06,4.21,4.1,4.24,4.09,33247,13897634.0,3.52,-3.76,-0.16,0.35
2018-02-07,4.18,4.11,4.18,4.02,29322,12027266.0,3.9,0.24,0.01,0.31
2018-02-08,4.11,4.14,4.17,4.09,23980,9917695.0,1.95,0.73,0.03,0.25
2018-02-09,4.06,3.98,4.08,3.96,47623,19121327.0,2.9,-3.86,-0.16,0.5
2018-02-12,4.0,4.06,4.07,4.0,24908,10076616.0,1.76,2.01,0.08,0.26
2018-02-13,4.08,4.07,4.1,4.06,19900,8108952.0,0.99,0.25,0.01,0.21
2018-02-14,4.07,4.08,4.08,4.04,13154,5336949.0,0.98,0.25,0.01,0.14
2018-02-22,4.12,4.17,4.31,4.09,52292,21856055.0,5.39,2.21,0.09,0.55
2018-02-23,4.13,4.17,4.18,4.1,41560,17180429.0,1.92,0.0,0.0,0.44
2018-02-26,4.16,4.22,4.23,4.16,37572,15745408.0,1.68,1.2,0.05,0.4
2018-02-27,4.21,4.2,4.21,4.17,25510,10700414.0,0.95,-0.47,-0.02,0.27
2018-02-28,4.18,4.19,4.21,4.16,25020,10470200.0,1.19,-0.24,-0.01,0.27
2018-03-01,4.18,4.22,4.22,4.16,29805,12528420.0,1.43,0.72,0.03,0.32
2018-03-02,4.2,4.22,4.24,4.19,27045,11399868.0,1.18,0.0,0.0,0.29
2018-03-05,4.22,4.22,4.27,4.21,28688,12159913.0,1.42,0.0,0.0,0.3
2018-03-06,4.22,4.27,4.27,4.22,24302,10320126.0,1.18,1.18,0.05,0.26
2018-03-07,4.26,4.26,4.31,4.25,26849,11466057.0,1.41,-0.23,-0.01,0.28
2018-03-08,4.26,4.28,4.3,4.26,19994,8557242.0,0.94,0.47,0.02,0.21
2018-03-09,4.29,4.34,4.36,4.27,30676,13255712.0,2.1,1.4,0.06,0.33
2018-03-12,4.33,4.37,4.39,4.33,33716,14702820.0,1.38,0.69,0.03,0.36
2018-03-13,4.38,4.35,4.39,4.33,24292,10575082.0,1.37,-0.46,-0.02,0.26
2018-03-14,4.35,4.29,4.35,4.28,20172,8699478.0,1.61,-1.38,-0.06,0.21
2018-03-15,4.29,4.29,4.32,4.25,20655,8840578.0,1.63,0.0,0.0,0.22
2018-03-16,4.29,4.36,4.53,4.27,51677,22635626.0,6.06,1.63,0.07,0.55
2018-03-19,4.36,4.36,4.38,4.34,28845,12578793.0,0.92,0.0,0.0,0.31
2018-03-20,4.31,4.3,4.32,4.26,31601,13542716.0,1.38,-1.38,-0.06,0.33
2018-03-21,4.31,4.27,4.35,4.27,37191,16056863.0,1.86,-0.7,-0.03,0.39
2018-03-22,4.27,4.31,4.38,4.26,38047,16441667.0,2.81,0.94,0.04,0.4
2018-03-23,4.25,4.1,4.25,4.03,56625,23548297.0,5.1,-4.87,-0.21,0.6
2018-03-26,4.07,4.15,4.2,3.98,39718,16259505.0,5.37,1.22,0.05,0.42
2018-03-27,4.18,4.19,4.23,4.16,49647,20804009.0,1.69,0.96,0.04,0.53
2018-03-28,4.16,4.16,4.19,4.15,23875,9949300.0,0.95,-0.72,-0.03,0.25
2018-03-29,4.16,4.21,4.21,4.16,26526,11099656.0,1.2,1.2,0.05,0.28
2018-03-30,4.2,4.23,4.23,4.18,28336,11926320.0,1.19,0.48,0.02,0.3
2018-04-02,4.22,4.24,4.43,4.2,49943,21265446.0,5.44,0.24,0.01,0.53
2018-04-03,4.19,4.24,4.36,4.16,45693,19413202.0,4.72,0.0,0.0,0.48
2018-04-04,4.25,4.27,4.3,4.22,53153,22651062.0,1.89,0.71,0.03,0.56
2018-04-09,4.26,4.29,4.31,4.22,47555,20315215.0,2.11,0.47,0.02,0.5
2018-04-10,4.35,4.44,4.47,4.35,177439,78395460.0,2.8,3.5,0.15,1.88
2018-04-11,4.38,4.4,4.43,4.36,86892,38199771.0,1.58,-0.9,-0.04,0.92
2018-04-12,4.4,4.41,4.42,4.35,54556,23926074.0,1.59,0.23,0.01,0.58
2018-04-13,4.4,4.41,4.43,4.36,53626,23601382.0,1.59,0.0,0.0,0.57
2018-04-16,4.43,4.33,4.43,4.3,43082,18764214.0,2.95,-1.81,-0.08,0.46
2018-04-17,4.29,4.2,4.32,4.19,47182,20098708.0,3.0,-3.0,-0.13,0.5
2018-04-18,4.21,4.23,4.26,4.16,54920,23177890.0,2.38,0.71,0.03,0.58
2018-04-19,4.23,4.21,4.25,4.19,36986,15616662.0,1.42,-0.47,-0.02,0.39
2018-04-20,4.21,4.21,4.26,4.16,58180,24454828.0,2.38,0.0,0.0,0.62
2018-04-23,4.21,4.15,4.21,4.13,24216,10090857.0,1.9,-1.43,-0.06,0.26
2018-04-24,4.16,4.2,4.21,4.14,32740,13697203.0,1.69,1.2,0.05,0.35
2018-04-25,4.18,4.2,4.21,4.17,21554,9018364.0,0.95,0.0,0.0,0.23
2018-04-26,4.2,4.08,4.2,4.07,38539,15873169.0,3.1,-2.86,-0.12,0.41
2018-04-27,4.09,4.11,4.12,4.05,25856,10588111.0,1.72,0.74,0.03,0.27
2018-05-02,4.14,4.11,4.14,4.09,27342,11267250.0,1.22,0.0,0.0,0.29
2018-05-03,4.12,4.16,4.16,4.08,22785,9408765.0,1.95,1.22,0.05,0.24
2018-05-04,4.16,4.17,4.18,4.13,26714,11111209.0,1.2,0.24,0.01,0.28
2018-05-07,4.16,4.22,4.23,4.15,33920,14259371.0,1.92,1.2,0.05,0.36
2018-05-08,4.22,4.26,4.26,4.2,30576,12932062.0,1.42,0.95,0.04,0.32
2018-05-09,4.26,4.23,4.27,4.21,22233,9395593.0,1.41,-0.7,-0.03,0.24
2018-05-10,4.23,4.25,4.26,4.22,19863,8417419.0,0.95,0.47,0.02,0.21
2018-05-11,4.25,4.18,4.26,4.18,27085,11373161.0,1.88,-1.65,-0.07,0.29
2018-05-14,4.16,4.16,4.2,4.13,15793,6588471.0,1.67,-0.48,-0.02,0.17
2018-05-15,4.17,4.19,4.21,4.15,20689,8636206.0,1.44,0.72,0.03,0.22
2018-05-16,4.19,4.24,4.25,4.17,47309,19970361.0,1.91,1.19,0.05,0.5
2018-05-17,4.23,4.28,4.37,4.2,54455,23335722.0,4.01,0.94,0.04,0.58
2018-05-18,4.27,4.31,4.32,4.24,45591,19566348.0,1.87,0.7,0.03,0.48
2018-05-21,4.34,4.35,4.38,4.33,57073,24856705.0,1.16,0.93,0.04,0.6
2018-05-22,4.39,4.35,4.39,4.32,48937,21305955.0,1.61,0.0,0.0,0.52
2018-05-23,4.34,4.24,4.36,4.23,65223,27876920.0,2.99,-2.53,-0.11,0.69
2018-05-24,4.24,4.25,4.28,4.22,35359,15043014.0,1.42,0.24,0.01,0.37
2018-05-25,4.26,4.23,4.26,4.22,26209,11115037.0,0.94,-0.47,-0.02,0.28
2018-05-28,4.23,4.14,4.25,4.1,27503,11479690.0,3.55,-2.13,-0.09,0.29
2018-05-29,4.12,4.21,4.24,4.12,44805,18823482.0,2.9,1.69,0.07,0.47
2018-05-30,4.18,4.23,4.38,4.1,110015,46790353.0,6.65,0.48,0.02,1.17
2018-05-31,4.23,4.3,4.31,4.05,82466,34734803.0,6.15,1.65,0.07,0.87
2018-06-01,4.26,4.18,4.29,4.14,60456,25529854.0,3.49,-2.79,-0.12,0.64
2018-06-04,4.21,4.36,4.36,4.15,101284,43313585.0,5.02,4.31,0.18,1.07
2018-06-05,4.36,4.37,4.44,4.31,138696,60611854.0,2.98,0.23,0.01,1.47
2018-06-06,4.34,4.32,4.35,4.24,76402,32873838.0,2.52,-1.14,-0.05,0.81
2018-06-07,4.3,4.38,4.38,4.27,90807,39294102.0,2.55,1.39,0.06,0.96
2018-06-08,4.35,4.23,4.37,4.15,84180,36021992.0,5.02,-3.42,-0.15,0.89
2018-06-11,4.21,4.16,4.21,4.12,45746,19042435.0,2.13,-1.65,-0.07,0.48
2018-06-12,4.16,4.18,4.2,4.12,36945,15386333.0,1.92,0.48,0.02,0.39
2018-06-13,4.18,4.12,4.18,4.1,35538,14724218.0,1.91,-1.44,-0.06,0.38
2018-06-14,4.1,4.05,4.15,4.04,48204,19688466.0,2.67,-1.7,-0.07,0.51
2018-06-15,4.06,4.04,4.1,3.99,49934,20187100.0,2.72,-0.25,-0.01,0.53
2018-06-19,3.99,3.65,4.0,3.64,89370,33688399.0,8.91,-9.65,-0.39,0.95
2018-06-20,3.65,3.66,3.71,3.59,43533,15933936.0,3.29,0.27,0.01,0.46
2018-06-21,3.66,3.55,3.69,3.5,44557,16127341.0,5.19,-3.01,-0.11,0.47
2018-06-22,3.52,3.6,3.62,3.47,45194,16045706.0,4.23,1.41,0.05,0.48
2018-06-25,3.61,3.57,3.64,3.56,30103,10844579.0,2.22,-0.83,-0.03,0.32
2018-06-26,3.53,3.61,3.63,3.5,40175,14410739.0,3.64,1.12,0.04,0.43
2018-06-27,3.63,3.72,3.83,3.63,110536,41197952.0,5.54,3.05,0.11,1.17
2018-06-28,3.7,3.73,3.83,3.61,100754,37704127.0,5.91,0.27,0.01,1.07
2018-06-29,3.75,3.76,3.8,3.67,68637,25728439.0,3.49,0.8,0.03,0.73
2018-07-02,3.74,3.73,3.79,3.69,54573,20394601.0,2.66,-0.8,-0.03,0.58
2018-07-03,3.71,3.81,4.0,3.71,125328,47682598.0,7.77,2.14,0.08,1.33
2018-07-04,3.78,3.67,3.78,3.65,71331,26348191.0,3.41,-3.67,-0.14,0.76
2018-07-05,3.68,3.57,3.68,3.55,63907,22996733.0,3.54,-2.72,-0.1,0.68
2018-07-06,3.57,3.58,3.61,3.49,43231,15428325.0,3.36,0.28,0.01,0.46
2018-07-09,3.58,3.64,3.66,3.58,33729,12236083.0,2.23,1.68,0.06,0.36
2018-07-10,3.66,3.69,3.69,3.63,28573,10442779.0,1.65,1.37,0.05,0.3
2018-07-11,3.67,3.58,3.67,3.55,40019,14447992.0,3.25,-2.98,-0.11,0.42
2018-07-12,3.59,3.67,3.68,3.59,44056,16073239.0,2.51,2.51,0.09,0.47
2018-07-13,3.67,3.67,3.69,3.64,45252,16576096.0,1.36,0.0,0.0,0.48
2018-07-16,3.75,3.69,3.77,3.68,55517,20585399.0,2.45,0.54,0.02,0.59
2018-07-17,3.68,3.67,3.68,3.63,29934,10942272.0,1.36,-0.54,-0.02,0.32
2018-07-18,3.67,3.73,3.75,3.66,72372,26941989.0,2.45,1.63,0.06,0.77
2018-07-19,3.71,3.7,3.8,3.7,71352,26698574.0,2.68,-0.8,-0.03,0.76
2018-07-20,3.72,3.74,3.74,3.65,85861,31768371.0,2.43,1.08,0.04,0.91
2018-07-23,3.71,3.74,3.75,3.68,67621,25155671.0,1.87,0.0,0.0,0.72
2018-07-24,3.72,3.81,3.82,3.72,95302,36073839.0,2.67,1.87,0.07,1.01
2018-07-25,3.8,3.81,3.83,3.78,56003,21321705.0,1.31,0.0,0.0,0.59
2018-07-26,3.82,3.86,3.89,3.8,82662,31798790.0,2.36,1.31,0.05,0.88
2018-07-27,3.86,3.86,3.94,3.84,74570,28952020.0,2.59,0.0,0.0,0.79
2018-07-30,3.86,3.78,3.9,3.75,57263,21844786.0,3.89,-2.07,-0.08,0.61
2018-07-31,3.79,3.84,3.84,3.78,32004,12200689.0,1.59,1.59,0.06,0.34
2018-08-01,3.84,3.8,3.85,3.75,58324,22199130.0,2.6,-1.04,-0.04,0.62
2018-08-02,3.77,3.73,3.85,3.66,70170,26229732.0,5.0,-1.84,-0.07,0.74
2018-08-03,3.7,3.73,3.79,3.7,44145,16546701.0,2.41,0.0,0.0,0.47
2018-08-06,3.71,3.69,3.78,3.67,36356,13535090.0,2.95,-1.07,-0.04,0.39
2018-08-07,3.68,3.8,3.81,3.66,47987,17966547.0,4.07,2.98,0.11,0.51
2018-08-08,3.78,3.75,3.81,3.75,33411,12606119.0,1.58,-1.32,-0.05,0.35
2018-08-09,3.75,3.81,3.83,3.75,43321,16488005.0,2.13,1.6,0.06,0.46
2018-08-10,3.8,3.81,3.82,3.79,26109,9924474.0,0.79,0.0,0.0,0.28
2018-08-13,3.78,3.78,3.79,3.73,29115,10951863.0,1.57,-0.79,-0.03,0.31
2018-08-14,3.78,3.81,3.83,3.77,34994,13315411.0,1.59,0.79,0.03,0.37
2018-08-15,3.81,3.77,3.82,3.77,30776,11670920.0,1.31,-1.05,-0.04,0.33
2018-08-16,3.7,3.65,3.72,3.65,23668,8736247.0,1.86,-3.18,-0.12,0.25
2018-08-17,3.69,3.55,3.69,3.51,33119,11936090.0,4.93,-2.74,-0.1,0.35
2018-08-20,3.57,3.57,3.6,3.52,24287,8649245.0,2.25,0.56,0.02,0.26
2018-08-21,3.61,3.61,3.65,3.58,29831,10780712.0,1.96,1.12,0.04,0.32
2018-08-22,3.6,3.55,3.62,3.54,28913,10307453.0,2.22,-1.66,-0.06,0.31
2018-08-23,3.55,3.56,3.58,3.52,25928,9225835.0,1.69,0.28,0.01,0.27
2018-08-24,3.56,3.54,3.57,3.53,24733,8770821.0,1.12,-0.56,-0.02,0.26
2018-08-27,3.56,3.59,3.61,3.54,29172,10461820.0,1.98,1.41,0.05,0.31
2018-08-28,3.6,3.61,3.63,3.58,25212,9077343.0,1.39,0.56,0.02,0.27
2018-08-29,3.61,3.6,3.62,3.57,20842,7477496.0,1.39,-0.28,-0.01,0.22
2018-08-30,3.59,3.55,3.6,3.53,20964,7464719.0,1.94,-1.39,-0.05,0.22
2018-08-31,3.53,3.53,3.55,3.52,22126,7817354.0,0.85,-0.56,-0.02,0.23
2018-09-03,3.53,3.47,3.53,3.41,31455,10890130.0,3.4,-1.7,-0.06,0.33
2018-09-04,3.47,3.49,3.51,3.45,31591,10999697.0,1.73,0.58,0.02,0.33
2018-09-05,3.49,3.46,3.53,3.45,52480,18317823.0,2.29,-0.86,-0.03,0.56
2018-09-06,3.45,3.43,3.49,3.42,31701,10935696.0,2.02,-0.87,-0.03,0.34
2018-09-07,3.45,3.45,3.47,3.41,44763,15419891.0,1.75,0.58,0.02,0.47
2018-09-10,3.44,3.38,3.44,3.37,28026,9533025.0,2.03,-2.03,-0.07,0.3
2018-09-11,3.39,3.39,3.42,3.36,15842,5358356.0,1.78,0.3,0.01,0.17
2018-09-12,3.39,3.39,3.4,3.35,23008,7770143.0,1.47,0.0,0.0,0.24
2018-09-13,3.39,3.41,3.42,3.37,26523,9011813.0,1.47,0.59,0.02,0.28
2018-09-14,3.41,3.41,3.42,3.4,19190,6539930.0,0.59,0.0,0.0,0.2
2018-09-17,3.41,3.37,3.41,3.36,19610,6622420.0,1.47,-1.17,-0.04,0.21
2018-09-18,3.36,3.42,3.42,3.36,24674,8371462.0,1.78,1.48,0.05,0.26
2018-09-19,3.42,3.43,3.45,3.4,38356,13162965.0,1.46,0.29,0.01,0.41
2018-09-20,3.41,3.43,3.44,3.41,21429,7344236.0,0.87,0.0,0.0,0.23
2018-09-21,3.43,3.46,3.47,3.42,55605,19162389.0,1.46,0.87,0.03,0.59
2018-09-25,3.42,3.43,3.44,3.41,30160,10324071.0,0.87,-0.87,-0.03,0.32
2018-09-26,3.42,3.44,3.45,3.42,40269,13828281.0,0.87,0.29,0.01,0.43
2018-09-27,3.44,3.38,3.44,3.37,30704,10453645.0,2.03,-1.74,-0.06,0.33
2018-09-28,3.39,3.41,3.43,3.38,26166,8910403.0,1.48,0.89,0.03,0.28
2018-10-08,3.39,3.34,3.39,3.32,31391,10564831.0,2.05,-2.05,-0.07,0.33
2018-10-09,3.34,3.36,3.38,3.33,22435,7520758.0,1.5,0.6,0.02,0.24
2018-10-10,3.35,3.36,3.37,3.34,14420,4837894.0,0.89,0.0,0.0,0.15
2018-10-11,3.29,3.05,3.29,3.02,66015,20799585.0,8.04,-9.23,-0.31,0.7
2018-10-12,3.02,2.98,3.04,2.88,57415,17050835.0,5.25,-2.3,-0.07,0.61
2018-10-15,3.0,2.95,3.01,2.94,27167,8082178.0,2.35,-1.01,-0.03,0.29
2018-10-16,2.95,2.91,2.97,2.9,18847,5533259.0,2.37,-1.36,-0.04,0.2
2018-10-17,2.93,2.95,2.96,2.9,23951,7022004.0,2.06,1.37,0.04,0.25
2018-10-18,2.93,2.87,2.94,2.87,21013,6083486.0,2.37,-2.71,-0.08,0.22
2018-10-19,2.84,2.93,2.95,2.81,32863,9493872.0,4.88,2.09,0.06,0.35
2018-10-22,2.93,3.11,3.17,2.93,79121,24319644.0,8.19,6.14,0.18,0.84
2018-10-23,3.11,3.04,3.14,3.02,51865,15950607.0,3.86,-2.25,-0.07,0.55
2018-10-24,3.02,3.07,3.1,3.0,51658,15800512.0,3.29,0.99,0.03,0.55
2018-10-25,3.01,3.12,3.12,2.98,42160,12862046.0,4.56,1.63,0.05,0.45
2018-10-26,3.12,3.15,3.23,3.11,66784,21126827.0,3.85,0.96,0.03,0.71
2018-10-29,3.12,3.12,3.16,3.1,32716,10228705.0,1.9,-0.95,-0.03,0.35
2018-10-30,3.13,3.2,3.22,3.07,57477,18190100.0,4.81,2.56,0.08,0.61
2018-10-31,3.17,3.18,3.22,3.14,52411,16663657.0,2.5,-0.63,-0.02,0.56
2018-11-01,3.19,3.17,3.24,3.16,67261,21586495.0,2.52,-0.31,-0.01,0.71
2018-11-02,3.19,3.22,3.23,3.17,67190,21478061.0,1.89,1.58,0.05,0.71
2018-11-05,3.2,3.33,3.43,3.19,136040,44807286.0,7.45,3.42,0.11,1.44
2018-11-06,3.33,3.41,3.48,3.33,153138,51847203.0,4.5,2.4,0.08,1.62
2018-11-07,3.45,3.43,3.57,3.41,205715,71778101.0,4.69,0.59,0.02,2.18
2018-11-08,3.44,3.39,3.48,3.37,98034,33493298.0,3.21,-1.17,-0.04,1.04
2018-11-09,3.39,3.44,3.51,3.38,98412,33830084.0,3.83,1.47,0.05,1.04
2018-11-12,3.54,3.62,3.78,3.53,171242,62030835.0,7.27,5.23,0.18,1.82
2018-11-13,3.56,3.98,3.98,3.54,331918,125258292.0,12.15,9.94,0.36,3.52
2018-11-14,3.9,3.79,3.94,3.77,306318,117676278.0,4.27,-4.77,-0.19,3.25
2018-11-15,3.73,3.84,3.87,3.73,187861,71543437.0,3.69,1.32,0.05,1.99
2018-11-16,3.84,4.04,4.2,3.81,277209,110461575.0,10.16,5.21,0.2,2.94
2018-11-19,3.99,4.12,4.29,3.94,300475,123489422.0,8.66,1.98,0.08,3.19
2018-11-20,4.03,3.79,4.15,3.78,228648,88743494.0,8.98,-8.01,-0.33,2.42
2018-11-21,3.75,3.78,3.84,3.72,108137,40829481.0,3.17,-0.26,-0.01,1.15
2018-11-22,3.79,3.79,3.83,3.75,81311,30791816.0,2.12,0.26,0.01,0.86
2018-11-23,3.75,3.59,3.75,3.54,125072,45476654.0,5.54,-5.28,-0.2,1.33
2018-11-26,3.6,3.56,3.63,3.52,60260,21524223.0,3.06,-0.84,-0.03,0.64
2018-11-27,3.63,3.57,3.65,3.56,50301,18115939.0,2.53,0.28,0.01,0.53
2018-11-28,3.56,3.62,3.63,3.52,55378,19847276.0,3.08,1.4,0.05,0.59
2018-11-29,3.66,3.45,3.66,3.45,66072,23505313.0,5.8,-4.7,-0.17,0.7
2018-11-30,3.44,3.5,3.5,3.39,48883,16877839.0,3.19,1.45,0.05,0.52
2018-12-03,3.58,3.6,3.64,3.56,70493,25395051.0,2.29,2.86,0.1,0.75
2018-12-04,3.61,3.63,3.66,3.57,58653,21255764.0,2.5,0.83,0.03,0.62
2018-12-05,3.54,3.56,3.58,3.5,46442,16446519.0,2.2,-1.93,-0.07,0.49
2018-12-06,3.55,3.47,3.56,3.41,46279,16124398.0,4.21,-2.53,-0.09,0.49
2018-12-07,3.47,3.48,3.5,3.45,21207,7369047.0,1.44,0.29,0.01,0.22
2018-12-10,3.45,3.37,3.46,3.35,50495,17118408.0,3.16,-3.16,-0.11,0.54
2018-12-11,3.39,3.42,3.44,3.39,41357,14141101.0,1.48,1.48,0.05,0.44
2018-12-12,3.46,3.4,3.48,3.39,53377,18270242.0,2.63,-0.58,-0.02,0.57
2018-12-13,3.43,3.43,3.47,3.4,48105,16536367.0,2.06,0.88,0.03,0.51
2018-12-14,3.45,3.33,3.45,3.32,46043,15609570.0,3.79,-2.92,-0.1,0.49
2018-12-17,3.36,3.34,3.36,3.31,21899,7298420.0,1.5,0.3,0.01,0.23
2018-12-18,3.32,3.29,3.35,3.28,33821,11191685.0,2.1,-1.5,-0.05,0.36
2018-12-19,3.31,3.27,3.33,3.24,37589,12330122.0,2.74,-0.61,-0.02,0.4
2018-12-20,3.25,3.31,3.33,3.24,35688,11731547.0,2.75,1.22,0.04,0.38
2018-12-21,3.29,3.28,3.3,3.24,35561,11652398.0,1.81,-0.91,-0.03,0.38
2018-12-24,3.28,3.3,3.3,3.24,30911,10135076.0,1.83,0.61,0.02,0.33
2018-12-25,3.28,3.23,3.28,3.15,44936,14419406.0,3.94,-2.12,-0.07,0.48
2018-12-26,3.22,3.25,3.26,3.19,34583,11166459.0,2.17,0.62,0.02,0.37
2018-12-27,3.28,3.17,3.31,3.16,31652,10263595.0,4.62,-2.46,-0.08,0.34
2018-12-28,3.16,3.2,3.2,3.13,33728,10717465.0,2.21,0.95,0.03,0.36
2019-01-02,3.22,3.19,3.22,3.16,26750,8509266.0,1.88,-0.31,-0.01,0.28
2019-01-03,3.19,3.2,3.25,3.17,32238,10355819.0,2.51,0.31,0.01,0.34
2019-01-04,3.16,3.33,3.35,3.15,75899,24948321.0,6.25,4.06,0.13,0.8
2019-01-07,3.34,3.36,3.38,3.32,65360,21880379.0,1.8,0.9,0.03,0.69
2019-01-08,3.36,3.35,3.38,3.33,39791,13342822.0,1.49,-0.3,-0.01,0.42
2019-01-09,3.37,3.37,3.42,3.35,57149,19404071.0,2.09,0.6,0.02,0.61
2019-01-10,3.38,3.38,3.41,3.36,42244,14329264.0,1.48,0.3,0.01,0.45
2019-01-11,3.38,3.45,3.47,3.36,48729,16618370.0,3.25,2.07,0.07,0.52
2019-01-14,3.46,3.39,3.46,3.36,45045,15324094.0,2.9,-1.74,-0.06,0.48
2019-01-15,3.39,3.41,3.42,3.35,38582,13066457.0,2.06,0.59,0.02,0.41
2019-01-16,3.4,3.4,3.44,3.38,39880,13591587.0,1.76,-0.29,-0.01,0.42
2019-01-17,3.41,3.42,3.44,3.37,45776,15619169.0,2.06,0.59,0.02,0.49
2019-01-18,3.42,3.43,3.44,3.37,40667,13869458.0,2.05,0.29,0.01,0.43
2019-01-21,3.43,3.42,3.44,3.4,34208,11703320.0,1.17,-0.29,-0.01,0.36
2019-01-22,3.43,3.42,3.45,3.41,43060,14766367.0,1.17,0.0,0.0,0.46
2019-01-23,3.41,3.38,3.41,3.34,40421,13616056.0,2.05,-1.17,-0.04,0.43
2019-01-24,3.38,3.4,3.43,3.37,34710,11812358.0,1.78,0.59,0.02,0.37
2019-01-25,3.4,3.39,3.44,3.37,36370,12405965.0,2.06,-0.29,-0.01,0.39
2019-01-28,3.41,3.37,3.43,3.35,33072,11229203.0,2.36,-0.59,-0.02,0.35
2019-01-29,3.35,3.26,3.35,3.16,46839,15280976.0,5.64,-3.26,-0.11,0.5
2019-01-30,3.24,3.23,3.32,3.21,24281,7910597.0,3.37,-0.92,-0.03,0.26
2019-01-31,3.22,3.16,3.24,3.12,36621,11649079.0,3.72,-2.17,-0.07,0.39
2019-02-01,3.16,3.23,3.23,3.16,29912,9580291.0,2.22,2.22,0.07,0.32
2019-02-11,3.23,3.31,3.32,3.23,37301,12208471.0,2.79,2.48,0.08,0.4
2019-02-12,3.31,3.36,3.36,3.28,38845,12943918.0,2.42,1.51,0.05,0.41
2019-02-13,3.36,3.42,3.43,3.34,73249,24877202.0,2.68,1.79,0.06,0.78
2019-02-14,3.42,3.42,3.44,3.4,49816,17040475.0,1.17,0.0,0.0,0.53
2019-02-15,3.42,3.45,3.46,3.4,53067,18229696.0,1.75,0.88,0.03,0.56
2019-02-18,3.45,3.56,3.57,3.45,72208,25394978.0,3.48,3.19,0.11,0.77
2019-02-19,3.55,3.58,3.59,3.52,89623,31870938.0,1.97,0.56,0.02,0.95
2019-02-20,3.58,3.58,3.58,3.54,57006,20304855.0,1.12,0.0,0.0,0.6
2019-02-21,3.58,3.59,3.67,3.55,119854,43297533.0,3.35,0.28,0.01,1.27
2019-02-22,3.58,3.79,3.93,3.56,185634,69026396.0,10.31,5.57,0.2,1.97
2019-02-25,3.9,4.14,4.16,3.83,337874,135063844.0,8.71,9.23,0.35,3.58
2019-02-26,4.15,3.98,4.2,3.97,282960,115268507.0,5.56,-3.86,-0.16,3.0
2019-02-27,3.95,4.02,4.08,3.93,151153,60730164.0,3.77,1.01,0.04,1.6
2019-02-28,4.01,3.98,4.06,3.94,90339,36103558.0,2.99,-1.0,-0.04,0.96
2019-03-01,3.98,4.02,4.05,3.94,90942,36321601.0,2.76,1.01,0.04,0.96
2019-03-04,4.08,4.03,4.14,4.0,175443,71361119.0,3.48,0.25,0.01,1.86
2019-03-05,4.01,4.07,4.09,3.97,135347,54644255.0,2.98,0.99,0.04,1.43
2019-03-06,4.08,4.19,4.21,4.05,202606,83472305.0,3.93,2.95,0.12,2.15
2019-03-07,4.17,4.25,4.34,4.12,235554,99361569.0,5.25,1.43,0.06,2.5
2019-03-08,4.15,3.95,4.17,3.93,217244,88678636.0,5.65,-7.06,-0.3,2.3
2019-03-11,3.95,4.06,4.06,3.94,114375,45842792.0,3.04,2.78,0.11,1.21
2019-03-12,4.08,4.13,4.21,4.07,163927,67906133.0,3.45,1.72,0.07,1.74
2019-03-13,4.14,4.17,4.34,4.11,213385,89846889.0,5.57,0.97,0.04,2.26
2019-03-14,4.12,4.0,4.18,3.96,126838,51250156.0,5.28,-4.08,-0.17,1.34
2019-03-15,4.0,4.09,4.11,4.0,127290,51824498.0,2.75,2.25,0.09,1.35
2019-03-18,4.12,4.16,4.17,4.03,104569,42929292.0,3.42,1.71,0.07,1.11
2019-03-19,4.13,4.17,4.26,4.13,120214,50205413.0,3.13,0.24,0.01,1.27
2019-03-20,4.16,4.19,4.21,4.1,117261,48839826.0,2.64,0.48,0.02,1.24
2019-03-21,4.18,4.38,4.57,4.17,363813,158609379.0,9.55,4.53,0.19,3.86
2019-03-22,4.33,4.82,4.82,4.3,533293,249534760.0,11.87,10.05,0.44,5.65
2019-03-25,5.0,5.3,5.3,4.91,418803,216075081.0,8.09,9.96,0.48,4.44
2019-03-26,5.74,5.08,5.83,5.01,1172758,646539024.0,15.47,-4.15,-0.22,12.43
2019-03-27,4.8,5.43,5.59,4.8,1038279,546867728.0,15.55,6.89,0.35,11.01
2019-03-28,5.17,4.89,5.26,4.89,581949,289379088.0,6.81,-9.94,-0.54,6.17
2019-03-29,4.62,4.7,4.87,4.45,515652,238925559.0,8.59,-3.89,-0.19,5.47
2019-04-01,4.71,4.81,4.87,4.63,370550,176674645.0,5.11,2.34,0.11,3.93
2019-04-02,4.76,4.82,4.93,4.74,376481,182237467.0,3.95,0.21,0.01,3.99
2019-04-03,4.76,4.81,4.83,4.68,308109,146145237.0,3.11,-0.21,-0.01,3.27
2019-04-04,4.83,4.88,4.99,4.81,323290,158354628.0,3.74,1.46,0.07,3.43
2019-04-08,4.91,4.9,4.93,4.7,312062,150592194.0,4.71,0.41,0.02,3.31
2019-04-09,4.87,4.84,4.88,4.75,207945,100348833.0,2.65,-1.22,-0.06,2.2
2019-04-10,4.8,4.82,4.87,4.73,198540,95281785.0,2.89,-0.41,-0.02,2.1
2019-04-11,4.8,4.72,4.82,4.71,158295,75464628.0,2.28,-2.07,-0.1,1.68
2019-04-12,4.71,4.73,4.78,4.7,118895,56229681.0,1.69,0.21,0.01,1.26
2019-04-15,4.99,4.9,5.15,4.89,480242,239803141.0,5.5,3.59,0.17,5.09
2019-04-16,4.9,5.28,5.39,4.84,574690,297532016.0,11.22,7.76,0.38,6.09
2019-04-17,5.25,5.16,5.36,5.11,414829,214827416.0,4.73,-2.27,-0.12,4.4
2019-04-18,5.11,5.03,5.18,5.02,246677,125686017.0,3.1,-2.52,-0.13,2.61
2019-04-19,5.05,5.19,5.19,4.96,216088,109309084.0,4.57,3.18,0.16,2.29
2019-04-22,5.18,5.05,5.21,5.04,165919,84678817.0,3.28,-2.7,-0.14,1.76
2019-04-23,5.04,5.01,5.13,4.95,142008,71430768.0,3.56,-0.79,-0.04,1.51
2019-04-24,5.04,5.04,5.05,4.97,96747,48525822.0,1.6,0.6,0.03,1.03
2019-04-25,5.03,4.71,5.04,4.58,185972,90524830.0,9.13,-6.55,-0.33,1.97
2019-04-26,4.68,4.74,4.79,4.62,148478,69630696.0,3.61,0.64,0.03,1.57
2019-04-29,4.8,4.9,5.0,4.78,221774,108370103.0,4.64,3.38,0.16,2.35
2019-04-30,4.9,5.39,5.39,4.77,382865,198841190.0,12.65,10.0,0.49,4.06
2019-05-06,5.3,5.48,5.9,5.18,1101698,612795600.0,13.36,1.67,0.09,11.68
2019-05-07,5.26,6.03,6.03,5.26,1204367,694065504.0,14.05,10.04,0.55,12.77
2019-05-08,5.7,5.43,6.08,5.43,1068656,614357280.0,10.78,-9.95,-0.6,11.33
2019-05-09,5.26,4.92,5.31,4.89,645148,327400192.0,7.73,-9.39,-0.51,6.84
2019-05-10,5.03,5.26,5.34,4.98,631956,327463232.0,7.32,6.91,0.34,6.7
2019-05-13,5.3,5.56,5.68,5.22,678045,373043648.0,8.75,5.7,0.3,7.19
2019-05-14,5.4,5.42,5.65,5.34,491701,270200800.0,5.58,-2.52,-0.14,5.21
2019-05-15,5.64,5.75,5.87,5.51,699514,399468592.0,6.64,6.09,0.33,7.41
2019-05-16,5.76,5.99,6.21,5.7,892800,530224864.0,8.87,4.17,0.24,9.46
2019-05-17,5.95,5.43,5.99,5.39,801478,452668096.0,10.02,-9.35,-0.56,8.5
2019-05-20,5.48,5.67,5.73,5.13,548457,302052496.0,11.05,4.42,0.24,5.81
2019-05-21,5.58,5.62,5.73,5.48,448299,251378731.0,4.41,-0.88,-0.05,4.75
2019-05-22,5.55,5.39,5.61,5.26,428101,231171433.0,6.23,-4.09,-0.23,4.54
2019-05-23,5.35,5.12,5.37,5.06,342070,177246807.0,5.75,-5.01,-0.27,3.63
2019-05-24,4.83,4.67,5.03,4.61,474527,229172151.0,8.2,-8.79,-0.45,5.03
2019-05-27,4.73,4.89,4.89,4.71,317477,152516334.0,3.85,4.71,0.22,3.37
2019-05-28,4.93,4.92,5.11,4.89,321697,160154363.0,4.5,0.61,0.03,3.41
2019-05-29,4.98,4.86,5.03,4.84,208010,102246527.0,3.86,-1.22,-0.06,2.2
2019-05-30,4.8,4.9,4.91,4.66,257403,122900780.0,5.14,0.82,0.04,2.73
2019-05-31,4.91,4.74,4.92,4.72,217297,103907062.0,4.08,-3.27,-0.16,2.3
2019-06-03,4.7,4.53,4.77,4.47,210108,96456250.0,6.33,-4.43,-0.21,2.23
2019-06-04,4.54,4.37,4.57,4.34,161538,71702855.0,5.08,-3.53,-0.16,1.71
2019-06-05,4.46,4.42,4.61,4.4,181056,81277914.0,4.81,1.14,0.05,1.92
2019-06-06,4.4,4.31,4.46,4.24,149071,64764283.0,4.98,-2.49,-0.11,1.58
2019-06-10,4.33,4.4,4.44,4.31,117046,51212148.0,3.02,2.09,0.09,1.24
2019-06-11,4.39,4.61,4.63,4.36,216234,97919169.0,6.14,4.77,0.21,2.29
2019-06-12,4.59,4.48,4.59,4.48,159124,72045856.0,2.39,-2.82,-0.13,1.69
2019-06-13,4.47,4.55,4.62,4.42,165622,75118040.0,4.46,1.56,0.07,1.76
2019-06-14,4.53,4.39,4.58,4.38,116043,51942680.0,4.4,-3.52,-0.16,1.23
2019-06-17,4.38,4.41,4.44,4.36,80836,35606465.0,1.82,0.46,0.02,0.86
2019-06-18,4.41,4.42,4.51,4.35,85557,37823015.0,3.63,0.23,0.01,0.91
2019-06-19,4.54,4.47,4.57,4.46,130790,59005637.0,2.49,1.13,0.05,1.39
2019-06-20,4.49,4.65,4.68,4.45,254144,116764039.0,5.15,4.03,0.18,2.69
2019-06-21,4.68,4.67,4.7,4.61,202974,94394131.0,1.94,0.43,0.02,2.15
2019-06-24,4.67,4.64,4.71,4.61,103426,48057481.0,2.14,-0.64,-0.03,1.1
2019-06-25,4.64,4.56,4.64,4.47,122517,55665383.0,3.66,-1.72,-0.08,1.3
2019-06-26,4.51,4.6,4.67,4.5,121597,55804808.0,3.73,0.88,0.04,1.29
2019-06-27,4.6,4.63,4.65,4.56,98758,45454267.0,1.96,0.65,0.03,1.05
2019-06-28,4.61,4.48,4.61,4.47,108722,49129957.0,3.02,-3.24,-0.15,1.15
2019-07-01,4.59,4.61,4.63,4.56,145747,67063433.0,1.56,2.9,0.13,1.54
2019-07-02,4.63,4.61,4.65,4.59,100477,46432630.0,1.3,0.0,0.0,1.07
2019-07-03,4.62,4.67,4.77,4.54,234501,109514038.0,4.99,1.3,0.06,2.49
2019-07-04,4.65,4.65,4.72,4.57,147789,68563286.0,3.21,-0.43,-0.02,1.57
2019-07-05,4.63,4.61,4.64,4.57,99072,45618978.0,1.51,-0.86,-0.04,1.05
2019-07-08,4.59,4.39,4.59,4.39,126693,56514958.0,4.34,-4.77,-0.22,1.34
2019-07-09,4.39,4.5,4.52,4.39,109057,48655103.0,2.96,2.51,0.11,1.16
2019-07-10,4.49,4.48,4.57,4.46,99612,44918705.0,2.44,-0.44,-0.02,1.06
2019-07-11,4.53,4.49,4.59,4.46,77902,35230410.0,2.9,0.22,0.01,0.83
2019-07-12,4.52,4.51,4.53,4.42,79991,35907377.0,2.45,0.45,0.02,0.85
2019-07-15,4.41,4.47,4.51,4.36,122042,54004564.0,3.33,-0.89,-0.04,1.29
2019-07-16,4.41,4.43,4.48,4.41,86259,38241184.0,1.57,-0.89,-0.04,0.91
2019-07-17,4.43,4.39,4.44,4.39,104875,46200324.0,1.13,-0.9,-0.04,1.11
2019-07-18,4.37,4.26,4.38,4.26,90957,39140825.0,2.73,-2.96,-0.13,0.96
2019-07-19,4.27,4.27,4.32,4.26,56382,24176888.0,1.41,0.23,0.01,0.6
2019-07-22,4.28,4.09,4.3,4.08,93428,38696589.0,5.15,-4.22,-0.18,0.99
2019-07-23,4.1,4.14,4.15,4.09,49088,20226257.0,1.47,1.22,0.05,0.52
2019-07-24,4.13,4.17,4.2,4.12,57853,24159081.0,1.93,0.72,0.03,0.61
2019-07-25,4.18,4.15,4.18,4.11,64044,26484518.0,1.68,-0.48,-0.02,0.68
2019-07-26,4.15,4.18,4.2,4.12,68846,28719532.0,1.93,0.72,0.03,0.73
2019-07-29,4.2,4.15,4.2,4.13,48922,20334563.0,1.67,-0.72,-0.03,0.52
2019-07-30,4.15,4.16,4.2,4.14,53102,22170706.0,1.45,0.24,0.01,0.56
2019-07-31,4.16,4.14,4.17,4.13,31838,13189908.0,0.96,-0.48,-0.02,0.34
2019-08-01,4.12,4.09,4.14,4.08,49485,20320132.0,1.45,-1.21,-0.05,0.52
2019-08-02,4.04,4.02,4.04,3.99,61191,24537606.0,1.22,-1.71,-0.07,0.65
2019-08-05,4.02,4.03,4.09,4.0,63894,25911078.0,2.24,0.25,0.01,0.68
2019-08-06,4.02,3.86,4.02,3.69,116008,44614103.0,8.19,-4.22,-0.17,1.23
2019-08-07,3.87,3.99,4.13,3.87,182752,73552087.0,6.74,3.37,0.13,1.94
2019-08-08,4.08,4.02,4.12,3.96,111505,45138125.0,4.01,0.75,0.03,1.18
2019-08-09,4.1,3.96,4.11,3.96,90575,36550635.0,3.73,-1.49,-0.06,0.96
2019-08-12,4.0,4.03,4.03,3.92,69048,27535836.0,2.78,1.77,0.07,0.73
2019-08-13,4.0,3.97,4.01,3.96,44989,17903178.0,1.24,-1.49,-0.06,0.48
2019-08-14,4.05,3.98,4.06,3.96,53545,21443386.0,2.52,0.25,0.01,0.57
2019-08-15,3.83,3.99,3.99,3.82,66204,25934180.0,4.27,0.25,0.01,0.7
2019-08-16,3.97,3.96,4.01,3.95,58791,23357314.0,1.5,-0.75,-0.03,0.62
2019-08-19,3.96,4.09,4.09,3.96,101024,40821737.0,3.28,3.28,0.13,1.07
2019-08-20,4.09,4.1,4.13,4.07,93361,38305615.0,1.47,0.24,0.01,0.99
2019-08-21,4.1,4.19,4.21,4.08,143931,59966192.0,3.17,2.2,0.09,1.53
2019-08-22,4.18,4.18,4.2,4.13,90496,37689828.0,1.67,-0.24,-0.01,0.96
2019-08-23,4.19,4.16,4.2,4.14,70797,29502909.0,1.44,-0.48,-0.02,0.75
2019-08-26,4.03,4.07,4.11,4.01,72471,29447225.0,2.4,-2.16,-0.09,0.77
2019-08-27,4.1,4.15,4.19,4.08,103982,43181796.0,2.7,1.97,0.08,1.1
2019-08-28,4.16,4.08,4.16,4.07,98383,40312578.0,2.17,-1.69,-0.07,1.04
2019-08-29,4.1,4.07,4.11,4.06,65666,26797413.0,1.23,-0.25,-0.01,0.7
2019-08-30,4.08,3.98,4.1,3.97,70268,28364257.0,3.19,-2.21,-0.09,0.74
2019-09-02,4.0,4.05,4.06,3.98,71273,28683383.0,2.01,1.76,0.07,0.76
2019-09-03,4.06,4.07,4.08,4.03,52962,21467283.0,1.23,0.49,0.02,0.56
2019-09-04,4.05,4.1,4.1,4.03,69194,28181571.0,1.72,0.74,0.03,0.73
2019-09-05,4.12,4.17,4.33,4.12,203808,85925753.0,5.12,1.71,0.07,2.16
2019-09-06,4.17,4.18,4.22,4.14,101041,42138908.0,1.92,0.24,0.01,1.07
2019-09-09,4.24,4.24,4.25,4.18,108548,45802104.0,1.67,1.44,0.06,1.15
2019-09-10,4.26,4.33,4.33,4.21,149758,63807713.0,2.83,2.12,0.09,1.59
2019-09-11,4.33,4.26,4.35,4.26,112290,48300586.0,2.08,-1.62,-0.07,1.19
2019-09-12,4.28,4.27,4.3,4.22,79232,33793657.0,1.88,0.23,0.01,0.84
2019-09-16,4.3,4.26,4.3,4.24,79439,33918529.0,1.41,-0.23,-0.01,0.84
2019-09-17,4.24,4.12,4.25,4.12,101632,42391491.0,3.05,-3.29,-0.14,1.08
2019-09-18,4.14,4.15,4.18,4.13,56015,23274284.0,1.21,0.73,0.03,0.59
2019-09-19,4.16,4.15,4.17,4.11,57875,23919451.0,1.45,0.0,0.0,0.61
2019-09-20,4.14,4.14,4.17,4.13,50681,21021688.0,0.96,-0.24,-0.01,0.54
2019-09-23,4.13,4.05,4.13,4.02,64494,26137881.0,2.66,-2.17,-0.09,0.68
2019-09-24,4.05,4.04,4.08,4.02,62466,25307279.0,1.48,-0.25,-0.01,0.66
2019-09-25,4.03,3.94,4.03,3.92,78305,30998944.0,2.72,-2.48,-0.1,0.83
2019-09-26,3.94,3.9,3.96,3.86,69482,27086672.0,2.54,-1.02,-0.04,0.74
2019-09-27,3.89,3.91,3.92,3.88,37428,14607916.0,1.03,0.26,0.01,0.4
2019-09-30,3.92,3.87,3.93,3.86,30607,11896960.0,1.79,-1.02,-0.04,0.32
2019-10-08,3.87,3.88,3.93,3.86,39606,15413233.0,1.81,0.26,0.01,0.42
2019-10-09,3.84,3.9,3.9,3.81,36483,14122926.0,2.32,0.52,0.02,0.39
2019-10-10,3.9,3.99,4.02,3.89,79175,31476293.0,3.33,2.31,0.09,0.84
2019-10-11,3.98,4.02,4.02,3.96,69313,27700257.0,1.5,0.75,0.03,0.73
2019-10-14,4.03,4.05,4.1,4.03,92307,37506970.0,1.74,0.75,0.03,0.98
2019-10-15,4.04,4.02,4.07,4.01,51112,20583290.0,1.48,-0.74,-0.03,0.54
2019-10-16,4.04,3.99,4.06,3.99,40085,16118489.0,1.74,-0.75,-0.03,0.42
2019-10-17,3.99,3.97,4.02,3.95,34143,13596190.0,1.75,-0.5,-0.02,0.36
2019-10-18,3.98,3.89,3.99,3.88,43737,17189442.0,2.77,-2.02,-0.08,0.46
2019-10-21,3.89,3.87,3.9,3.83,31421,12116236.0,1.8,-0.51,-0.02,0.33
2019-10-22,3.89,3.96,3.96,3.87,45499,17803405.0,2.33,2.33,0.09,0.48
2019-10-23,3.96,3.93,4.0,3.92,29307,11577556.0,2.02,-0.76,-0.03,0.31
2019-10-24,3.94,3.98,4.01,3.91,40985,16270936.0,2.54,1.27,0.05,0.43
2019-10-25,3.98,3.99,4.01,3.93,42121,16750633.0,2.01,0.25,0.01,0.45
2019-10-28,3.99,4.02,4.05,3.98,67917,27273962.0,1.75,0.75,0.03,0.72
2019-10-29,4.05,3.94,4.05,3.94,53424,21265588.0,2.74,-1.99,-0.08,0.57
2019-10-30,3.93,3.9,3.94,3.87,40475,15768970.0,1.78,-1.02,-0.04,0.43
2019-10-31,3.92,3.83,3.97,3.82,54365,21060087.0,3.85,-1.79,-0.07,0.58
2019-11-01,3.87,3.87,3.89,3.81,36278,13982435.0,2.09,1.04,0.04,0.38
2019-11-04,3.88,3.86,3.89,3.85,31084,12041498.0,1.03,-0.26,-0.01,0.33
2019-11-05,3.87,3.89,3.91,3.85,34304,13323343.0,1.55,0.78,0.03,0.36
2019-11-06,3.89,3.88,3.91,3.85,29254,11332773.0,1.54,-0.26,-0.01,0.31
2019-11-07,3.89,3.9,3.93,3.87,34073,13310035.0,1.55,0.52,0.02,0.36
2019-11-08,3.93,3.87,3.95,3.87,28693,11210939.0,2.05,-0.77,-0.03,0.3
2019-11-11,3.85,3.75,3.87,3.74,40522,15393776.0,3.36,-3.1,-0.12,0.43
2019-11-12,3.76,3.76,3.79,3.71,25812,9670738.0,2.13,0.27,0.01,0.27
2019-11-13,3.76,3.73,3.78,3.72,18699,7007419.0,1.6,-0.8,-0.03,0.2
2019-11-14,3.72,3.75,3.78,3.72,23101,8654618.0,1.61,0.54,0.02,0.24
2019-11-15,3.77,3.71,3.77,3.71,20852,7796751.0,1.6,-1.07,-0.04,0.22
2019-11-18,3.73,3.74,3.76,3.69,23432,8727028.0,1.89,0.81,0.03,0.25
2019-11-19,3.75,3.8,3.81,3.72,34577,13074442.0,2.41,1.6,0.06,0.37
2019-11-20,3.78,3.79,3.8,3.77,29519,11181677.0,0.79,-0.26,-0.01,0.31
2019-11-21,3.77,3.79,3.81,3.76,16792,6358151.0,1.32,0.0,0.0,0.18
2019-11-22,3.79,3.78,3.84,3.76,30996,11784233.0,2.11,-0.26,-0.01,0.33
2019-11-25,3.77,3.8,3.81,3.75,30895,11696880.0,1.59,0.53,0.02,0.33
2019-11-26,3.8,3.81,3.83,3.79,22764,8678222.0,1.05,0.26,0.01,0.24
2019-11-27,3.82,3.79,3.82,3.79,21615,8213132.0,0.79,-0.52,-0.02,0.23
2019-11-28,3.79,3.74,3.8,3.72,25963,9761011.0,2.11,-1.32,-0.05,0.28
2019-11-29,3.74,3.76,3.76,3.72,20241,7573079.0,1.07,0.53,0.02,0.21
2019-12-02,3.76,3.81,3.83,3.76,41631,15824898.0,1.86,1.33,0.05,0.44
2019-12-03,3.8,3.84,3.84,3.77,31459,11965602.0,1.84,0.79,0.03,0.33
2019-12-04,3.83,3.85,3.86,3.81,35415,13587475.0,1.3,0.26,0.01,0.38
2019-12-05,3.93,3.87,3.93,3.86,55708,21644739.0,1.82,0.52,0.02,0.59
2019-12-06,3.85,3.9,3.9,3.83,55318,21403665.0,1.81,0.78,0.03,0.59
2019-12-09,3.9,3.88,3.9,3.86,40088,15563669.0,1.03,-0.51,-0.02,0.42
2019-12-10,3.87,3.87,3.88,3.84,30865,11917309.0,1.03,-0.26,-0.01,0.33
2019-12-11,3.87,3.83,3.87,3.82,47513,18221434.0,1.29,-1.03,-0.04,0.5
2019-12-12,3.83,3.79,3.84,3.78,30722,11686982.0,1.57,-1.04,-0.04,0.33
2019-12-13,3.82,3.86,3.86,3.79,54781,20977095.0,1.85,1.85,0.07,0.58
2019-12-16,3.87,3.9,3.91,3.84,70906,27452796.0,1.81,1.04,0.04,0.75
2019-12-17,3.9,3.99,4.03,3.88,118935,47233465.0,3.85,2.31,0.09,1.26
2019-12-18,3.96,3.98,4.01,3.95,83344,33239076.0,1.5,-0.25,-0.01,0.88
2019-12-19,3.96,3.99,4.01,3.96,48221,19200086.0,1.26,0.25,0.01,0.51
2019-12-20,4.0,3.99,4.05,3.98,64757,25986749.0,1.75,0.0,0.0,0.69
2019-12-23,4.0,3.88,4.0,3.88,51109,20123754.0,3.01,-2.76,-0.11,0.54
2019-12-24,3.88,3.93,3.95,3.87,43736,17127547.0,2.06,1.29,0.05,0.46
2019-12-25,3.95,3.93,3.95,3.9,44117,17340486.0,1.27,0.0,0.0,0.47
2019-12-26,3.93,3.96,3.96,3.91,48136,18915052.0,1.27,0.76,0.03,0.51
2019-12-27,3.96,3.94,4.01,3.94,70545,28044663.0,1.77,-0.51,-0.02,0.75
2019-12-30,3.94,4.04,4.05,3.88,115322,45970987.0,4.31,2.54,0.1,1.22
2019-12-31,4.02,4.04,4.05,4.0,79978,32201054.0,1.24,0.0,0.0,0.85
2020-01-02,4.08,4.08,4.1,4.05,113675,46337619.0,1.24,0.99,0.04,1.2
2020-01-03,4.08,4.06,4.12,4.03,101136,41115573.0,2.21,-0.49,-0.02,1.07
2020-01-06,4.04,4.06,4.1,4.01,94017,38171050.0,2.22,0.0,0.0,1.0
2020-01-07,4.07,4.1,4.1,4.06,103631,42294420.0,0.99,0.99,0.04,1.1
2020-01-08,4.07,4.0,4.09,3.99,108911,43996834.0,2.44,-2.44,-0.1,1.15
2020-01-09,4.03,4.04,4.06,4.02,75425,30447146.0,1.0,1.0,0.04,0.8
2020-01-10,4.06,4.04,4.06,4.01,51306,20696529.0,1.24,0.0,0.0,0.54
2020-01-13,4.03,4.07,4.07,4.01,48690,19672804.0,1.49,0.74,0.03,0.52
2020-01-14,4.07,4.08,4.09,4.06,76727,31285000.0,0.74,0.25,0.01,0.81
2020-01-15,4.06,4.03,4.08,4.02,47469,19169541.0,1.47,-1.23,-0.05,0.5
2020-01-16,4.04,4.01,4.04,3.99,46576,18694559.0,1.24,-0.5,-0.02,0.49
2020-01-17,4.02,3.96,4.04,3.95,61814,24664312.0,2.24,-1.25,-0.05,0.66
2020-01-20,3.96,4.09,4.09,3.94,89273,35962460.0,3.79,3.28,0.13,0.95
2020-01-21,4.13,4.28,4.32,4.07,329685,137748683.0,6.11,4.65,0.19,3.49
2020-01-22,4.24,4.07,4.24,4.06,249361,102671715.0,4.21,-4.91,-0.21,2.64
2020-01-23,4.1,4.03,4.21,3.97,189269,77496690.0,5.9,-0.98,-0.04,2.01
2020-02-03,4.03,3.63,4.03,3.63,339890,129252911.0,9.93,-9.93,-0.4,3.6
2020-02-04,3.59,3.99,3.99,3.59,320911,123507927.0,11.02,9.92,0.36,3.4
2020-02-05,4.12,4.2,4.27,4.04,528555,219634591.0,5.76,5.26,0.21,5.6
2020-02-06,4.21,4.41,4.54,4.09,572498,249095711.0,10.71,5.0,0.21,6.07
2020-02-07,4.43,4.7,4.78,4.23,679900,306726192.0,12.47,6.58,0.29,7.21
2020-02-10,4.65,4.46,4.65,4.35,486174,217958200.0,6.38,-5.11,-0.24,5.15
2020-02-11,4.36,4.27,4.39,4.2,303241,129801612.0,4.26,-4.26,-0.19,3.21
2020-02-12,4.23,4.28,4.31,4.19,198513,84329760.0,2.81,0.23,0.01,2.1
2020-02-13,4.28,4.18,4.28,4.11,236598,98997489.0,3.97,-2.34,-0.1,2.51
2020-02-14,4.14,4.16,4.18,4.1,159695,66075687.0,1.91,-0.48,-0.02,1.69
2020-02-17,4.16,4.28,4.29,4.13,245705,104304630.0,3.85,2.88,0.12,2.6
2020-02-18,4.23,4.26,4.28,4.2,196301,83234684.0,1.87,-0.47,-0.02,2.08
2020-02-19,4.24,4.12,4.24,4.12,206009,86246181.0,2.82,-3.29,-0.14,2.18
2020-02-20,4.12,4.21,4.22,4.1,182120,75716256.0,2.91,2.18,0.09,1.93
2020-02-21,4.2,4.19,4.26,4.17,180293,75741733.0,2.14,-0.48,-0.02,1.91
2020-02-24,4.19,4.32,4.34,4.17,280727,120474833.0,4.06,3.1,0.13,2.98
2020-02-25,4.24,4.3,4.31,4.15,253896,107880011.0,3.7,-0.46,-0.02,2.69
2020-02-26,4.24,4.38,4.48,4.2,366868,159136693.0,6.51,1.86,0.08,3.89
2020-02-27,4.43,4.51,4.54,4.33,403867,179422419.0,4.79,2.97,0.13,4.28
2020-02-28,4.41,4.52,4.78,4.35,739821,341578640.0,9.53,0.22,0.01,7.84
2020-03-02,4.66,4.61,4.75,4.48,529980,244857395.0,5.97,1.99,0.09,5.62
2020-03-03,4.55,4.57,4.67,4.49,443094,201950995.0,3.9,-0.87,-0.04,4.7
2020-03-04,4.54,4.51,4.6,4.41,292322,131065060.0,4.16,-1.31,-0.06,3.1
2020-03-05,4.54,4.53,4.56,4.44,278820,125468519.0,2.66,0.44,0.02,2.96
2020-03-06,4.5,4.98,4.98,4.46,686892,330022880.0,11.48,9.93,0.45,7.28
2020-03-09,5.08,5.13,5.48,5.0,1094607,572374656.0,9.64,3.01,0.15,11.6
2020-03-10,4.88,4.82,4.94,4.62,695789,331159376.0,6.24,-6.04,-0.31,7.38
2020-03-11,4.76,4.7,4.87,4.66,391396,185854985.0,4.36,-2.49,-0.12,4.15
2020-03-12,4.67,4.5,4.68,4.47,321309,146077847.0,4.47,-4.26,-0.2,3.41
2020-03-13,4.22,4.27,4.38,4.14,312024,132715687.0,5.33,-5.11,-0.23,3.31
2020-03-16,4.32,4.27,4.52,4.22,317170,139227220.0,7.03,0.0,0.0,3.36
2020-03-17,4.22,4.15,4.3,4.01,226310,93302067.0,6.79,-2.81,-0.12,2.4
2020-03-18,4.18,4.15,4.33,4.14,217712,92112092.0,4.58,0.0,0.0,2.31
2020-03-19,4.1,4.15,4.2,4.05,148321,61048602.0,3.61,0.0,0.0,1.57
2020-03-20,4.18,4.19,4.22,4.12,124579,51942180.0,2.41,0.96,0.04,1.32
2020-03-23,4.11,3.97,4.15,3.94,141922,57520522.0,5.01,-5.25,-0.22,1.5
2020-03-24,4.03,4.08,4.19,4.0,122120,49598901.0,4.79,2.77,0.11,1.29
2020-03-25,4.16,4.15,4.18,4.09,151553,62644949.0,2.21,1.72,0.07,1.61
2020-03-26,4.13,4.06,4.14,4.05,117446,48094527.0,2.17,-2.17,-0.09,1.24
2020-03-27,4.1,4.05,4.13,4.05,102470,41952715.0,1.97,-0.25,-0.01,1.09
2020-03-30,4.04,3.91,4.04,3.88,113567,44737515.0,3.95,-3.46,-0.14,1.2
2020-03-31,3.95,3.85,3.96,3.83,101781,39593953.0,3.32,-1.53,-0.06,1.08
2020-04-01,3.85,3.77,3.87,3.76,76982,29418885.0,2.86,-2.08,-0.08,0.82
2020-04-02,3.73,3.83,3.83,3.72,86445,32637094.0,2.92,1.59,0.06,0.92
2020-04-03,3.81,3.88,3.89,3.79,103912,39966241.0,2.61,1.31,0.05,1.1
2020-04-07,3.94,4.27,4.27,3.88,291550,119904205.0,10.05,10.05,0.39,3.09
2020-04-08,4.4,4.49,4.69,4.27,847572,383598432.0,9.84,5.15,0.22,8.98
2020-04-09,4.4,4.32,4.47,4.24,512235,220989574.0,5.12,-3.79,-0.17,5.43
2020-04-10,4.29,4.18,4.4,4.13,307745,130980479.0,6.25,-3.24,-0.14,3.26
2020-04-13,4.17,4.4,4.5,4.16,412078,178511068.0,8.13,5.26,0.22,4.37
2020-04-14,4.45,4.34,4.48,4.26,277339,119806500.0,5.0,-1.36,-0.06,2.94
2020-04-15,4.21,4.17,4.28,4.16,288275,121276738.0,2.76,-3.92,-0.17,3.06
2020-04-16,4.15,4.0,4.16,3.97,281691,113435856.0,4.56,-4.08,-0.17,2.99
2020-04-17,4.02,3.93,4.03,3.92,162867,64650746.0,2.75,-1.75,-0.07,1.73
2020-04-20,3.98,4.01,4.05,3.94,129380,51730706.0,2.8,2.04,0.08,1.37
2020-04-21,3.97,3.96,3.98,3.9,93056,36710998.0,2.0,-1.25,-0.05,0.99
2020-04-22,3.93,4.03,4.04,3.9,139660,55598507.0,3.54,1.77,0.07,1.48
2020-04-23,4.01,4.09,4.17,3.98,203390,82554738.0,4.71,1.49,0.06,2.16
2020-04-24,4.1,3.92,4.1,3.91,145791,58074866.0,4.65,-4.16,-0.17,1.55
2020-04-27,3.89,3.82,3.9,3.81,106154,40937112.0,2.3,-2.55,-0.1,1.13
2020-04-28,3.85,3.74,3.89,3.56,115851,43115609.0,8.64,-2.09,-0.08,1.23
2020-04-29,3.71,3.71,3.78,3.68,65158,24241600.0,2.67,-0.8,-0.03,0.69
2020-04-30,3.69,3.72,3.75,3.66,87811,32587467.0,2.43,0.27,0.01,0.93
2020-05-06,3.65,3.77,3.78,3.63,81466,30289314.0,4.03,1.34,0.05,0.86
2020-05-07,3.76,3.73,3.78,3.71,58026,21705949.0,1.86,-1.06,-0.04,0.62
2020-05-08,3.75,3.74,3.78,3.73,54663,20504898.0,1.34,0.27,0.01,0.58
2020-05-11,3.74,3.7,3.78,3.69,53071,19794220.0,2.41,-1.07,-0.04,0.56
2020-05-12,3.71,3.64,3.71,3.61,64624,23574143.0,2.7,-1.62,-0.06,0.69
2020-05-13,3.62,3.64,3.65,3.59,48064,17391123.0,1.65,0.0,0.0,0.51
2020-05-14,3.63,3.56,3.63,3.55,62926,22555494.0,2.2,-2.2,-0.08,0.67
2020-05-15,3.57,3.57,3.6,3.55,44679,15965557.0,1.4,0.28,0.01,0.47
2020-05-18,3.57,3.51,3.57,3.49,52881,18698475.0,2.24,-1.68,-0.06,0.56
2020-05-19,3.55,3.52,3.55,3.51,40444,14247415.0,1.14,0.28,0.01,0.43
2020-05-20,3.54,3.56,3.61,3.5,70627,25241585.0,3.13,1.14,0.04,0.75
2020-05-21,3.56,3.54,3.61,3.53,49190,17562200.0,2.25,-0.56,-0.02,0.52
2020-05-22,3.55,3.43,3.55,3.42,58353,20305616.0,3.67,-3.11,-0.11,0.62
2020-05-25,3.45,3.43,3.48,3.41,28422,9772623.0,2.04,0.0,0.0,0.3
2020-05-26,3.45,3.47,3.49,3.43,36594,12686971.0,1.75,1.17,0.04,0.39
2020-05-27,3.48,3.45,3.48,3.44,38112,13165440.0,1.15,-0.58,-0.02,0.4
2020-05-28,3.48,3.4,3.48,3.37,50065,17097855.0,3.19,-1.45,-0.05,0.53
2020-05-29,3.39,3.41,3.42,3.37,30377,10335356.0,1.47,0.29,0.01,0.32
2020-06-01,3.42,3.5,3.51,3.42,60826,21168447.0,2.64,2.64,0.09,0.64
2020-06-02,3.51,3.54,3.54,3.48,62114,21855107.0,1.71,1.14,0.04,0.66
2020-06-03,3.54,3.51,3.56,3.51,59426,21010301.0,1.41,-0.85,-0.03,0.63
2020-06-04,3.53,3.5,3.53,3.48,33876,11861678.0,1.42,-0.28,-0.01,0.36
2020-06-05,3.5,3.47,3.51,3.44,39547,13738783.0,2.0,-0.86,-0.03,0.42
2020-06-08,3.49,3.46,3.5,3.43,50307,17440259.0,2.02,-0.29,-0.01,0.53
2020-06-09,3.46,3.46,3.46,3.43,43719,15076673.0,0.87,0.0,0.0,0.46
2020-06-10,3.45,3.42,3.45,3.41,40455,13845363.0,1.16,-1.16,-0.04,0.43
2020-06-11,3.4,3.39,3.43,3.38,41396,14084403.0,1.46,-0.88,-0.03,0.44
2020-06-12,3.35,3.37,3.39,3.33,45607,15327669.0,1.77,-0.59,-0.02,0.48
2020-06-15,3.35,3.45,3.49,3.35,66590,22849789.0,4.15,2.37,0.08,0.71
2020-06-16,3.45,3.46,3.46,3.4,50066,17154739.0,1.74,0.29,0.01,0.53
2020-06-17,3.45,3.46,3.47,3.44,56577,19537931.0,0.87,0.0,0.0,0.6
2020-06-18,3.46,3.43,3.46,3.43,43320,14917358.0,0.87,-0.87,-0.03,0.46
2020-06-19,3.45,3.45,3.47,3.42,61887,21317772.0,1.46,0.58,0.02,0.66
2020-06-22,3.46,3.5,3.53,3.44,97633,34171184.0,2.61,1.45,0.05,1.03
2020-06-23,3.49,3.42,3.5,3.4,74471,25595129.0,2.86,-2.29,-0.08,0.79
2020-06-24,3.43,3.38,3.43,3.37,58106,19694308.0,1.75,-1.17,-0.04,0.62
2020-06-29,3.37,3.35,3.37,3.33,42025,14082334.0,1.18,-0.89,-0.03,0.45
2020-06-30,3.36,3.39,3.4,3.35,40633,13729918.0,1.49,1.19,0.04,0.43
2020-07-01,3.39,3.39,3.41,3.37,59899,20256855.0,1.18,0.0,0.0,0.63
2020-07-02,3.39,3.51,3.52,3.38,128258,44506717.0,4.13,3.54,0.12,1.36
2020-07-03,3.52,3.65,3.66,3.52,194444,69838936.0,3.99,3.99,0.14,2.06
2020-07-06,3.75,3.9,3.92,3.71,327924,125504796.0,5.75,6.85,0.25,3.48
2020-07-07,3.89,3.78,3.9,3.77,284793,108963390.0,3.33,-3.08,-0.12,3.02
2020-07-08,3.78,3.89,3.91,3.76,222305,85259808.0,3.97,2.91,0.11,2.36
2020-07-09,3.87,3.96,3.98,3.85,255213,99737539.0,3.34,1.8,0.07,2.71
2020-07-10,3.94,3.87,3.95,3.86,153952,60026454.0,2.27,-2.27,-0.09,1.63
2020-07-13,3.85,3.95,3.95,3.83,194250,75935604.0,3.1,2.07,0.08,2.06
2020-07-14,4.0,3.93,4.06,3.86,175287,69475713.0,5.06,-0.51,-0.02,1.86
2020-07-15,3.96,3.84,3.97,3.84,124908,48595336.0,3.31,-2.29,-0.09,1.32
2020-07-16,3.87,3.69,3.91,3.68,129129,49175069.0,5.99,-3.91,-0.15,1.37
2020-07-17,3.7,3.68,3.76,3.64,100555,37190329.0,3.25,-0.27,-0.01,1.07
2020-07-20,3.71,3.82,3.83,3.69,114365,43183011.0,3.8,3.8,0.14,1.21
2020-07-21,3.85,3.8,3.88,3.77,73963,28229467.0,2.88,-0.52,-0.02,0.78
2020-07-22,3.81,3.82,3.86,3.78,104776,40027532.0,2.11,0.53,0.02,1.11
2020-07-23,3.77,3.75,3.81,3.69,91915,34436404.0,3.14,-1.83,-0.07,0.97
2020-07-24,3.73,3.61,3.77,3.59,93977,34509485.0,4.8,-3.73,-0.14,1.0
2020-07-27,3.61,3.58,3.64,3.54,63238,22636434.0,2.77,-0.83,-0.03,0.67
2020-07-28,3.59,3.63,3.66,3.59,54694,19820293.0,1.96,1.4,0.05,0.58
2020-07-29,3.62,3.7,3.71,3.58,77237,28321530.0,3.58,1.93,0.07,0.82
2020-07-30,3.71,3.67,3.72,3.65,76797,28369565.0,1.89,-0.81,-0.03,0.81
2020-07-31,3.66,3.7,3.73,3.6,72822,26823419.0,3.54,0.82,0.03,0.77
2020-08-03,3.72,3.95,3.97,3.72,242597,94099356.0,6.76,6.76,0.25,2.57
2020-08-04,3.89,3.87,3.93,3.85,214445,83388183.0,2.03,-2.03,-0.08,2.27
2020-08-05,3.87,3.91,3.92,3.81,118386,45747067.0,2.84,1.03,0.04,1.25
2020-08-06,3.93,3.87,3.93,3.81,106162,40978659.0,3.07,-1.02,-0.04,1.13
2020-08-07,3.83,3.75,3.83,3.7,71765,26994088.0,3.36,-3.1,-0.12,0.76
2020-08-10,3.76,3.84,3.86,3.74,85232,32488645.0,3.2,2.4,0.09,0.9
2020-08-11,3.83,3.8,3.92,3.79,132915,51059032.0,3.39,-1.04,-0.04,1.41
2020-08-12,3.9,3.88,4.02,3.82,236725,92585995.0,5.26,2.11,0.08,2.51
2020-08-13,3.86,4.27,4.27,3.85,200637,84416752.0,10.82,10.05,0.39,2.13
2020-08-14,4.57,4.1,4.57,4.08,658730,285846928.0,11.48,-3.98,-0.17,6.98
2020-08-17,4.02,4.07,4.12,3.96,373954,150857617.0,3.9,-0.73,-0.03,3.96
2020-08-18,4.07,4.01,4.12,4.01,260965,105892758.0,2.7,-1.47,-0.06,2.77
2020-08-19,4.01,3.97,4.05,3.97,154859,62023398.0,2.0,-1.0,-0.04,1.64
2020-08-20,3.96,3.92,4.0,3.9,107329,42384553.0,2.52,-1.26,-0.05,1.14
2020-08-21,3.93,3.92,3.94,3.9,93082,36499589.0,1.02,0.0,0.0,0.99
2020-08-24,3.93,3.93,3.95,3.89,69021,27090654.0,1.53,0.26,0.01,0.73
2020-08-25,3.93,3.97,4.04,3.93,123051,48963613.0,2.8,1.02,0.04,1.3
2020-08-26,3.94,3.82,3.96,3.8,112945,43677595.0,4.03,-3.78,-0.15,1.2
2020-08-27,3.82,3.82,3.85,3.77,69431,26411698.0,2.09,0.0,0.0,0.74
2020-08-28,3.8,3.87,3.87,3.79,72037,27654746.0,2.09,1.31,0.05,0.76
2020-08-31,3.89,3.93,3.95,3.88,92873,36443252.0,1.81,1.55,0.06,0.98
2020-09-01,3.95,3.93,3.98,3.91,64931,25569027.0,1.78,0.0,0.0,0.69
2020-09-02,3.94,3.94,3.96,3.89,63858,25041881.0,1.78,0.25,0.01,0.68
2020-09-03,3.93,3.86,3.96,3.86,64986,25387667.0,2.54,-2.03,-0.08,0.69
2020-09-04,3.83,3.89,3.9,3.83,52583,20277705.0,1.81,0.78,0.03,0.56
2020-09-07,3.87,3.89,3.96,3.87,70288,27548566.0,2.31,0.0,0.0,0.75
2020-09-08,3.89,4.0,4.02,3.88,130108,51569446.0,3.6,2.83,0.11,1.38
2020-09-09,3.97,3.96,4.05,3.94,134621,53775327.0,2.75,-1.0,-0.04,1.43
2020-09-10,3.97,3.81,4.03,3.81,121463,47312151.0,5.56,-3.79,-0.15,1.29
2020-09-11,3.82,3.81,3.83,3.75,48475,18429274.0,2.1,0.0,0.0,0.51
2020-09-14,3.83,3.83,3.85,3.8,48772,18665598.0,1.31,0.52,0.02,0.52
2020-09-15,3.83,3.8,3.85,3.79,33870,12888878.0,1.57,-0.78,-0.03,0.36
2020-09-16,3.79,3.77,3.82,3.76,37186,14091693.0,1.58,-0.79,-0.03,0.39
2020-09-17,3.77,3.81,3.83,3.73,55465,20972361.0,2.65,1.06,0.04,0.59
2020-09-18,3.81,3.89,3.91,3.77,80114,30829763.0,3.67,2.1,0.08,0.85
2020-09-21,3.92,3.89,3.95,3.86,56957,22207561.0,2.31,0.0,0.0,0.6
2020-09-22,3.88,3.85,3.92,3.83,45804,17695802.0,2.31,-1.03,-0.04,0.49
2020-09-23,3.87,3.89,3.91,3.86,48974,19045313.0,1.3,1.04,0.04,0.52
2020-09-24,3.87,3.76,3.88,3.76,50325,19180796.0,3.08,-3.34,-0.13,0.53
2020-09-25,3.78,3.81,3.87,3.73,61521,23447865.0,3.72,1.33,0.05,0.65
2020-09-28,3.81,3.71,3.83,3.7,56647,21226323.0,3.41,-2.62,-0.1,0.6
2020-09-29,3.71,3.73,3.75,3.69,46836,17460828.0,1.62,0.54,0.02,0.5
2020-09-30,3.73,3.73,3.76,3.72,33143,12402132.0,1.07,0.0,0.0,0.35
2020-10-09,3.77,3.86,3.88,3.76,57632,22119705.0,3.22,3.49,0.13,0.61
2020-10-12,3.87,3.97,3.98,3.86,103247,40736135.0,3.11,2.85,0.11,1.09
2020-10-13,3.97,3.94,3.98,3.92,45574,17961513.0,1.51,-0.76,-0.03,0.48
2020-10-14,3.94,4.05,4.12,3.91,253873,103059479.0,5.33,2.79,0.11,2.69
2020-10-15,4.02,4.24,4.39,3.99,376347,157087770.0,9.88,4.69,0.19,3.99
2020-10-16,4.2,4.26,4.34,4.12,376648,159252768.0,5.19,0.47,0.02,3.99
2020-10-19,4.22,4.16,4.32,4.15,273027,115688649.0,3.99,-2.35,-0.1,2.89
2020-10-20,4.15,4.14,4.18,4.06,175321,72280651.0,2.88,-0.48,-0.02,1.86
2020-10-21,4.15,4.17,4.26,4.09,183987,76563167.0,4.11,0.72,0.03,1.95
2020-10-22,4.13,4.04,4.15,4.03,144778,59158007.0,2.88,-3.12,-0.13,1.53
2020-10-23,4.05,3.98,4.09,3.97,102916,41431409.0,2.97,-1.49,-0.06,1.09
2020-10-26,3.98,3.98,4.03,3.95,113116,45089737.0,2.01,0.0,0.0,1.2
2020-10-27,3.97,3.87,3.97,3.84,132486,51562275.0,3.27,-2.76,-0.11,1.4
2020-10-28,3.88,3.9,3.92,3.79,100932,38869922.0,3.36,0.78,0.03,1.07
2020-10-29,3.84,3.85,3.9,3.83,92795,35838325.0,1.79,-1.28,-0.05,0.98
2020-10-30,3.85,3.76,3.87,3.72,91092,34576586.0,3.9,-2.34,-0.09,0.97
2020-11-02,3.78,3.72,3.8,3.71,94085,35135075.0,2.39,-1.06,-0.04,1.0
2020-11-03,3.74,3.8,3.81,3.72,87216,32907499.0,2.42,2.15,0.08,0.92
2020-11-04,3.8,3.83,3.87,3.75,106416,40665405.0,3.16,0.79,0.03,1.13
2020-11-05,3.86,3.86,3.87,3.82,76794,29516998.0,1.31,0.78,0.03,0.81
2020-11-06,3.86,3.82,3.86,3.8,52856,20204960.0,1.55,-1.04,-0.04,0.56
2020-11-09,3.84,3.91,3.92,3.83,111022,43203860.0,2.36,2.36,0.09,1.18
2020-11-10,3.9,3.84,3.92,3.82,71170,27542441.0,2.56,-1.79,-0.07,0.75
2020-11-11,3.82,3.85,3.88,3.81,58395,22461554.0,1.82,0.26,0.01,0.62
2020-11-12,3.85,3.85,3.88,3.83,34403,13241590.0,1.3,0.0,0.0,0.36
2020-11-13,3.83,3.82,3.85,3.78,50229,19150542.0,1.82,-0.78,-0.03,0.53
2020-11-16,3.85,4.02,4.06,3.84,218311,86617737.0,5.76,5.24,0.2,2.31
2020-11-17,4.03,4.09,4.19,4.0,298711,122535768.0,4.73,1.74,0.07,3.17
2020-11-18,4.1,4.1,4.14,4.05,164572,67297443.0,2.2,0.24,0.01,1.74
2020-11-19,4.1,4.08,4.11,4.02,118968,48453730.0,2.2,-0.49,-0.02,1.26
2020-11-20,4.09,4.14,4.18,4.07,132756,54800094.0,2.7,1.47,0.06,1.41
2020-11-23,4.17,4.21,4.24,4.13,175455,73820743.0,2.66,1.69,0.07,1.86
2020-11-24,4.17,4.18,4.25,4.16,131675,55110480.0,2.14,-0.71,-0.03,1.4
2020-11-25,4.21,4.11,4.22,4.11,150118,62511917.0,2.63,-1.67,-0.07,1.59
2020-11-26,4.16,4.08,4.17,4.06,105708,43441206.0,2.68,-0.73,-0.03,1.12
2020-11-27,4.11,4.07,4.11,3.99,84092,33953122.0,2.94,-0.25,-0.01,0.89
2020-11-30,4.08,4.08,4.17,4.06,87967,36195088.0,2.7,0.25,0.01,0.93
2020-12-01,4.07,4.14,4.16,4.0,121125,49391423.0,3.92,1.47,0.06,1.28
2020-12-02,4.14,4.13,4.15,4.08,84261,34672124.0,1.69,-0.24,-0.01,0.89
2020-12-03,4.16,4.08,4.16,4.07,78413,32253200.0,2.18,-1.21,-0.05,0.83
2020-12-04,4.08,4.2,4.38,4.03,196604,81807531.0,8.58,2.94,0.12,2.08
2020-12-07,4.21,4.62,4.62,4.11,356960,157252317.0,12.14,10.0,0.42,3.78
2020-12-08,4.65,4.46,4.65,4.4,621655,278934144.0,5.41,-3.46,-0.16,6.59
2020-12-09,4.41,4.39,4.63,4.37,481660,215681581.0,5.83,-1.57,-0.07,5.11
2020-12-10,4.3,4.38,4.48,4.2,293715,127763504.0,6.38,-0.23,-0.01,3.11
2020-12-11,4.27,4.43,4.54,4.26,423162,186505731.0,6.39,1.14,0.05,4.49
2020-12-14,4.39,4.37,4.43,4.23,307756,133312351.0,4.51,-1.35,-0.06,3.26
2020-12-15,4.33,4.61,4.81,4.26,778266,359145728.0,12.59,5.49,0.24,8.25
2020-12-16,4.54,4.67,4.71,4.41,631047,286614000.0,6.51,1.3,0.06,6.69
2020-12-17,4.56,4.55,4.61,4.45,370220,168184482.0,3.43,-2.57,-0.12,3.92
2020-12-18,4.53,4.39,4.55,4.39,299548,133087098.0,3.52,-3.52,-0.16,3.18
2020-12-21,4.35,4.45,4.56,4.34,277072,123202592.0,5.01,1.37,0.06,2.94
2020-12-22,4.38,4.51,4.63,4.36,473356,214162688.0,6.07,1.35,0.06,5.02
2020-12-23,4.43,4.43,4.59,4.37,325956,145308267.0,4.88,-1.77,-0.08,3.46
2020-12-24,4.43,3.99,4.44,3.99,458008,188139462.0,10.16,-9.93,-0.44,4.85
2020-12-25,3.91,3.94,4.01,3.86,239042,93938865.0,3.76,-1.25,-0.05,2.53
2020-12-28,3.95,3.81,3.99,3.81,171739,66737742.0,4.57,-3.3,-0.13,1.82
2020-12-29,3.82,3.85,3.89,3.8,118771,45526818.0,2.36,1.05,0.04,1.26
2020-12-30,3.84,3.86,3.87,3.82,82517,31753318.0,1.3,0.26,0.01,0.87
2020-12-31,3.85,3.93,4.01,3.85,144484,56711846.0,4.15,1.81,0.07,1.53
2021-01-04,3.93,3.93,3.95,3.85,122555,47910827.0,2.54,0.0,0.0,1.3
2021-01-05,3.9,3.9,3.93,3.85,101406,39368502.0,2.04,-0.76,-0.03,1.07
2021-01-06,3.9,3.93,3.95,3.82,151782,58963218.0,3.33,0.77,0.03,1.61
2021-01-07,3.93,3.75,3.93,3.7,147119,56148495.0,5.85,-4.58,-0.18,1.56
2021-01-08,3.74,3.78,3.82,3.69,79725,29947608.0,3.47,0.8,0.03,0.85
2021-01-11,3.77,3.63,3.83,3.63,107113,39670705.0,5.29,-3.97,-0.15,1.14
2021-01-12,3.64,3.67,3.69,3.62,83489,30476803.0,1.93,1.1,0.04,0.88
2021-01-13,3.67,3.57,3.68,3.55,82906,29777290.0,3.54,-2.72,-0.1,0.88
2021-01-14,3.57,3.59,3.61,3.56,46907,16835919.0,1.4,0.56,0.02,0.5
2021-01-15,3.59,3.64,3.66,3.56,40288,14628557.0,2.79,1.39,0.05,0.43
2021-01-18,3.63,3.71,3.77,3.63,63863,23746627.0,3.85,1.92,0.07,0.68
2021-01-19,3.7,3.73,3.77,3.67,60123,22366184.0,2.7,0.54,0.02,0.64
2021-01-20,3.73,3.7,3.74,3.7,37036,13755443.0,1.07,-0.8,-0.03,0.39
2021-01-21,3.71,3.74,3.76,3.67,55186,20599809.0,2.43,1.08,0.04,0.58
2021-01-22,3.73,3.66,3.73,3.66,43120,15886381.0,1.87,-2.14,-0.08,0.46
2021-01-25,3.67,3.6,3.69,3.58,58968,21515814.0,3.01,-1.64,-0.06,0.63
2021-01-26,3.61,3.6,3.64,3.58,33075,11940412.0,1.67,0.0,0.0,0.35
2021-01-27,3.6,3.67,3.67,3.59,36459,13260810.0,2.22,1.94,0.07,0.39
2021-01-28,3.63,3.64,3.73,3.62,61019,22465303.0,3.0,-0.82,-0.03,0.65
2021-01-29,3.65,3.54,3.67,3.5,70569,25225200.0,4.67,-2.75,-0.1,0.75
2021-02-01,3.56,3.51,3.57,3.48,41882,14724133.0,2.54,-0.85,-0.03,0.44
2021-02-02,3.51,3.53,3.56,3.47,41672,14654539.0,2.56,0.57,0.02,0.44
2021-02-03,3.53,3.52,3.58,3.46,61689,21718355.0,3.4,-0.28,-0.01,0.65
2021-02-04,3.51,3.45,3.55,3.45,56307,19628365.0,2.84,-1.99,-0.07,0.6
2021-02-05,3.46,3.41,3.5,3.4,42822,14847233.0,2.9,-1.16,-0.04,0.45
2021-02-08,3.41,3.37,3.43,3.34,43976,14854298.0,2.64,-1.17,-0.04,0.47
2021-02-09,3.37,3.41,3.43,3.36,46487,15768822.0,2.08,1.19,0.04,0.49
2021-02-10,3.41,3.42,3.43,3.4,38171,13039584.0,0.88,0.29,0.01,0.4
2021-02-18,3.46,3.63,3.63,3.46,98609,34976969.0,4.97,6.14,0.21,1.05
2021-02-19,3.6,3.71,3.72,3.59,94059,34410961.0,3.58,2.2,0.08,1.0
2021-02-22,3.74,3.89,4.02,3.74,252241,98289178.0,7.55,4.85,0.18,2.67
2021-02-23,3.84,3.87,4.0,3.8,142573,55353231.0,5.14,-0.51,-0.02,1.51
2021-02-24,3.9,3.81,3.96,3.81,118852,45892157.0,3.88,-1.55,-0.06,1.26
2021-02-25,3.88,3.77,3.92,3.77,91953,35247215.0,3.94,-1.05,-0.04,0.97
2021-02-26,3.72,3.75,3.82,3.72,80974,30427959.0,2.65,-0.53,-0.02,0.86
2021-03-01,3.74,3.81,3.82,3.73,67975,25810980.0,2.4,1.6,0.06,0.72
2021-03-02,3.83,3.79,3.84,3.77,52387,19901303.0,1.84,-0.52,-0.02,0.56
2021-03-03,3.77,3.83,3.89,3.77,76743,29376586.0,3.17,1.06,0.04,0.81
2021-03-04,3.84,3.82,3.85,3.8,58689,22455227.0,1.31,-0.26,-0.01,0.62
2021-03-05,3.83,3.86,3.93,3.76,122526,47117446.0,4.45,1.05,0.04,1.3
2021-03-08,3.9,3.82,3.9,3.82,96962,37330520.0,2.07,-1.04,-0.04,1.03
2021-03-09,3.82,3.79,3.85,3.71,95718,36279365.0,3.66,-0.79,-0.03,1.01
2021-03-10,3.82,3.73,3.83,3.73,63914,24148890.0,2.64,-1.58,-0.06,0.68
2021-03-11,3.73,3.84,3.86,3.73,91016,34616949.0,3.49,2.95,0.11,0.96
2021-03-12,3.84,3.9,3.92,3.79,128030,49483688.0,3.39,1.56,0.06,1.36
2021-03-15,3.89,3.89,3.93,3.86,107427,41885278.0,1.79,-0.26,-0.01,1.14
2021-03-16,3.92,3.92,3.94,3.87,87633,34295022.0,1.8,0.77,0.03,0.93
2021-03-17,3.93,3.89,3.93,3.87,65237,25386679.0,1.53,-0.77,-0.03,0.69
2021-03-18,3.9,3.87,3.91,3.87,50004,19416050.0,1.03,-0.51,-0.02,0.53
2021-03-19,3.86,3.9,3.9,3.84,69585,26972906.0,1.55,0.78,0.03,0.74
2021-03-22,3.89,3.94,3.95,3.87,80851,31704533.0,2.05,1.03,0.04,0.86
2021-03-23,3.94,3.87,3.95,3.86,79360,30856459.0,2.28,-1.78,-0.07,0.84
2021-03-24,3.87,3.88,3.92,3.85,59704,23189744.0,1.81,0.26,0.01,0.63
2021-03-25,4.26,4.03,4.27,4.02,599618,251431052.0,6.44,3.87,0.15,6.36
2021-03-26,3.94,3.93,3.98,3.79,450139,175249111.0,4.71,-2.48,-0.1,4.77
2021-03-29,3.89,3.81,3.9,3.79,244185,93720989.0,2.8,-3.05,-0.12,2.59
2021-03-30,3.82,3.84,3.86,3.76,166464,63360267.0,2.62,0.79,0.03,1.76
2021-03-31,3.81,3.81,3.87,3.77,110113,42027178.0,2.6,-0.78,-0.03,1.17
2021-04-01,3.81,3.81,3.89,3.8,104301,39940454.0,2.36,0.0,0.0,1.11
2021-04-02,3.79,3.9,3.91,3.78,188031,72686338.0,3.41,2.36,0.09,1.99
2021-04-06,3.9,3.87,3.91,3.85,81440,31541902.0,1.54,-0.77,-0.03,0.86
2021-04-07,3.87,3.91,3.92,3.86,116069,45241336.0,1.55,1.03,0.04,1.23
2021-04-08,3.91,3.86,3.93,3.85,106040,41143877.0,2.05,-1.28,-0.05,1.12
2021-04-09,3.85,3.9,3.92,3.83,104366,40449154.0,2.33,1.04,0.04,1.11
2021-04-12,3.9,3.84,3.9,3.84,60400,23338413.0,1.54,-1.54,-0.06,0.64
2021-04-13,3.86,3.84,3.89,3.82,61460,23703786.0,1.82,0.0,0.0,0.65
2021-04-14,3.83,3.85,3.86,3.81,43696,16765557.0,1.3,0.26,0.01,0.46
2021-04-15,3.82,3.72,3.82,3.69,132278,49473856.0,3.38,-3.38,-0.13,1.4
2021-04-16,3.71,3.91,3.93,3.69,224762,86586756.0,6.45,5.11,0.19,2.38
2021-04-19,3.91,3.9,3.98,3.9,127656,50107256.0,2.05,-0.26,-0.01,1.35
2021-04-20,3.88,3.84,3.92,3.84,92323,35751310.0,2.05,-1.54,-0.06,0.98
2021-04-21,3.85,3.85,3.86,3.81,76630,29380211.0,1.3,0.26,0.01,0.81
2021-04-22,3.84,3.81,3.85,3.81,53858,20588291.0,1.04,-1.04,-0.04,0.57
2021-04-23,3.81,3.78,3.84,3.75,78353,29712505.0,2.36,-0.79,-0.03,0.83
2021-04-26,3.79,3.79,3.82,3.77,79547,30156825.0,1.32,0.26,0.01,0.84
2021-04-27,3.82,3.79,3.85,3.74,85321,32342690.0,2.9,0.0,0.0,0.9
2021-04-28,3.76,3.77,3.8,3.74,53651,20221477.0,1.58,-0.53,-0.02,0.57
2021-04-29,3.74,3.77,3.78,3.73,68519,25726722.0,1.33,0.0,0.0,0.73
2021-04-30,3.76,3.69,3.77,3.68,69043,25728911.0,2.39,-2.12,-0.08,0.73
2021-05-06,3.7,3.79,3.85,3.7,104069,39352674.0,4.07,2.71,0.1,1.1
2021-05-07,3.76,3.75,3.8,3.72,112318,42102690.0,2.11,-1.06,-0.04,1.19
2021-05-10,3.77,3.76,3.78,3.72,96601,36200516.0,1.6,0.27,0.01,1.02
2021-05-11,3.73,3.73,3.76,3.71,88181,32937157.0,1.33,-0.8,-0.03,0.93
2021-05-12,3.73,3.74,3.76,3.72,54869,20510681.0,1.07,0.27,0.01,0.58
2021-05-13,3.73,3.71,3.76,3.71,71632,26737909.0,1.34,-0.8,-0.03,0.76
2021-05-14,3.73,3.76,3.78,3.71,76690,28761674.0,1.89,1.35,0.05,0.81
2021-05-17,3.75,3.71,3.75,3.7,68510,25545365.0,1.33,-1.33,-0.05,0.73
2021-05-18,3.71,3.69,3.72,3.66,52227,19214597.0,1.62,-0.54,-0.02,0.55
2021-05-19,3.69,3.69,3.7,3.67,40891,15061944.0,0.81,0.0,0.0,0.43
2021-05-20,3.67,3.64,3.69,3.63,47204,17207327.0,1.63,-1.36,-0.05,0.5
2021-05-21,3.65,3.75,3.78,3.64,124026,46057451.0,3.85,3.02,0.11,1.31
2021-05-24,3.74,3.78,3.81,3.7,157957,59415168.0,2.93,0.8,0.03,1.67
2021-05-25,3.86,3.82,3.9,3.78,159801,61239167.0,3.17,1.06,0.04,1.69
2021-05-26,3.82,3.83,3.96,3.78,160185,61832910.0,4.71,0.26,0.01,1.7
2021-05-27,3.83,3.85,3.87,3.8,128136,49148138.0,1.83,0.52,0.02,1.36
2021-05-28,3.87,3.89,3.96,3.85,107108,41729894.0,2.86,1.04,0.04,1.14
2021-05-31,3.89,3.89,3.93,3.86,87798,34133564.0,1.8,0.0,0.0,0.93
2021-06-01,3.9,3.9,3.92,3.87,75830,29517605.0,1.29,0.26,0.01,0.8
2021-06-02,3.91,3.92,3.96,3.88,93493,36606079.0,2.05,0.51,0.02,0.99
2021-06-03,3.92,3.88,3.95,3.87,72945,28499085.0,2.04,-1.02,-0.04,0.77
2021-06-04,3.88,3.88,3.91,3.85,42842,16598255.0,1.55,0.0,0.0,0.45
2021-06-07,3.87,3.87,3.91,3.85,69083,26780795.0,1.55,-0.26,-0.01,0.73
2021-06-08,3.88,3.87,3.88,3.83,58174,22400435.0,1.29,0.0,0.0,0.62
2021-06-09,3.86,3.82,3.86,3.82,57822,22183294.0,1.03,-1.29,-0.05,0.61
2021-06-10,3.84,3.76,3.85,3.75,116837,44290774.0,2.62,-1.57,-0.06,1.24
2021-06-11,3.77,3.82,3.93,3.76,163940,63304156.0,4.52,1.6,0.06,1.74
2021-06-15,3.8,3.7,3.82,3.69,106682,39901332.0,3.4,-3.14,-0.12,1.13
2021-06-16,3.7,3.67,3.71,3.64,57165,21012967.0,1.89,-0.81,-0.03,0.61
2021-06-17,3.66,3.67,3.69,3.65,55376,20291359.0,1.09,0.0,0.0,0.59
2021-06-18,3.67,3.68,3.69,3.64,33965,12447101.0,1.36,0.27,0.01,0.36
2021-06-21,3.68,3.68,3.69,3.66,43509,15997872.0,0.82,0.0,0.0,0.46
2021-06-22,3.69,3.69,3.71,3.68,30814,11394847.0,0.82,0.27,0.01,0.33
2021-06-23,3.7,3.69,3.71,3.67,51765,19097429.0,1.08,0.0,0.0,0.55
2021-06-24,3.68,3.68,3.7,3.67,34860,12836284.0,0.81,-0.27,-0.01,0.37
2021-06-25,3.68,3.69,3.69,3.66,30795,11332291.0,0.82,0.27,0.01,0.33
2021-06-28,3.69,3.66,3.75,3.66,80388,29619496.0,2.44,-0.81,-0.03,0.85
2021-06-29,3.68,3.66,3.68,3.64,44740,16343980.0,1.09,0.0,0.0,0.47
2021-06-30,3.66,3.66,3.72,3.64,87975,32296168.0,2.19,0.0,0.0,0.93
2021-07-01,3.66,3.65,3.67,3.63,52252,19064870.0,1.09,-0.27,-0.01,0.55
2021-07-02,3.65,3.62,3.65,3.61,32899,11938063.0,1.1,-0.82,-0.03,0.35
2021-07-05,3.63,3.66,3.68,3.62,42675,15570964.0,1.66,1.1,0.04,0.45
2021-07-06,3.67,3.67,3.68,3.65,45037,16515161.0,0.82,0.27,0.01,0.48
2021-07-07,3.67,3.66,3.68,3.65,42073,15411593.0,0.82,-0.27,-0.01,0.45
2021-07-08,3.68,3.62,3.68,3.62,46294,16868669.0,1.64,-1.09,-0.04,0.49
2021-07-09,3.62,3.62,3.64,3.6,34210,12379434.0,1.1,0.0,0.0,0.36
2021-07-12,3.64,3.65,3.67,3.63,41667,15205140.0,1.1,0.83,0.03,0.44
2021-07-13,3.65,3.63,3.66,3.61,55265,20073681.0,1.37,-0.55,-0.02,0.59
2021-07-14,3.63,3.6,3.64,3.58,58879,21237781.0,1.65,-0.83,-0.03,0.62
2021-07-15,3.6,3.58,3.61,3.56,32724,11705504.0,1.39,-0.56,-0.02,0.35
2021-07-16,3.57,3.55,3.58,3.54,67158,23926772.0,1.12,-0.84,-0.03,0.71
2021-07-19,3.56,3.55,3.58,3.53,50779,18012859.0,1.41,0.0,0.0,0.54
2021-07-20,3.56,3.54,3.56,3.5,40411,14261418.0,1.69,-0.28,-0.01,0.43
2021-07-21,3.54,3.54,3.56,3.53,27141,9601792.0,0.85,0.0,0.0,0.29
2021-07-22,3.55,3.54,3.56,3.52,52357,18520483.0,1.13,0.0,0.0,0.55
2021-07-23,3.54,3.58,3.6,3.52,82684,29469197.0,2.26,1.13,0.04,0.88
2021-07-26,3.58,3.52,3.6,3.5,54453,19347538.0,2.79,-1.68,-0.06,0.58
2021-07-27,3.53,3.54,3.6,3.51,71968,25603581.0,2.56,0.57,0.02,0.76
2021-07-28,3.55,3.46,3.56,3.46,80210,28067443.0,2.82,-2.26,-0.08,0.85
2021-07-29,3.47,3.48,3.5,3.45,33287,11566925.0,1.45,0.58,0.02,0.35
2021-07-30,3.48,3.49,3.5,3.45,38541,13400382.0,1.44,0.29,0.01,0.41
2021-08-02,3.49,3.52,3.54,3.46,44996,15753716.0,2.29,0.86,0.03,0.48
2021-08-03,3.51,3.52,3.54,3.5,30689,10811809.0,1.14,0.0,0.0,0.33
2021-08-04,3.51,3.51,3.53,3.5,22356,7852234.0,0.85,-0.28,-0.01,0.24
2021-08-05,3.51,3.51,3.52,3.48,29573,10342281.0,1.14,0.0,0.0,0.31
2021-08-06,3.51,3.5,3.51,3.46,35749,12437701.0,1.42,-0.28,-0.01,0.38
2021-08-09,3.48,3.52,3.54,3.48,45711,16102674.0,1.71,0.57,0.02,0.48
2021-08-10,3.53,3.54,3.57,3.53,42973,15257357.0,1.14,0.57,0.02,0.46
2021-08-11,3.55,3.57,3.58,3.54,41522,14798859.0,1.13,0.85,0.03,0.44
2021-08-12,3.57,3.61,3.63,3.56,60900,21894492.0,1.96,1.12,0.04,0.65
2021-08-13,3.6,3.59,3.61,3.56,28999,10398737.0,1.39,-0.55,-0.02,0.31
2021-08-16,3.59,3.6,3.62,3.58,35519,12794653.0,1.11,0.28,0.01,0.38
2021-08-17,3.6,3.58,3.61,3.58,37443,13460026.0,0.83,-0.56,-0.02,0.4
2021-08-18,3.58,3.63,3.63,3.54,65686,23641314.0,2.51,1.4,0.05,0.7
2021-08-19,3.56,3.55,3.6,3.54,41078,14628687.0,1.65,-2.2,-0.08,0.44
2021-08-20,3.55,3.56,3.56,3.51,33809,11941573.0,1.41,0.28,0.01,0.36
2021-08-23,3.56,3.61,3.61,3.55,65377,23449848.0,1.69,1.4,0.05,0.69
2021-08-24,3.61,3.64,3.66,3.58,99825,36222550.0,2.22,0.83,0.03,1.06
2021-08-25,3.65,3.64,3.66,3.62,54648,19874018.0,1.1,0.0,0.0,0.58
2021-08-26,3.65,3.67,3.68,3.62,63874,23422103.0,1.65,0.82,0.03,0.68
2021-08-27,3.67,3.68,3.7,3.65,80631,29673243.0,1.36,0.27,0.01,0.85
2021-08-30,3.67,3.7,3.74,3.67,72780,26915502.0,1.9,0.54,0.02,0.77
2021-08-31,3.72,3.78,3.82,3.68,112785,42208375.0,3.78,2.16,0.08,1.2
2021-09-01,3.78,3.82,3.88,3.73,140003,53262582.0,3.97,1.06,0.04,1.48
2021-09-02,3.8,3.86,3.87,3.78,107793,41281897.0,2.36,1.05,0.04,1.14
2021-09-03,3.88,3.89,3.95,3.87,128259,50078771.0,2.07,0.78,0.03,1.36
2021-09-06,3.91,4.02,4.03,3.9,192979,76614150.0,3.34,3.34,0.13,2.05
2021-09-07,4.03,4.04,4.06,3.98,139758,56238582.0,1.99,0.5,0.02,1.48
2021-09-08,4.02,4.03,4.08,4.01,150678,60832251.0,1.73,-0.25,-0.01,1.6
2021-09-09,4.01,4.05,4.05,3.99,123979,49897815.0,1.49,0.5,0.02,1.31
2021-09-10,4.05,4.02,4.1,4.0,145620,58941757.0,2.47,-0.74,-0.03,1.54
2021-09-13,4.02,4.15,4.15,4.0,150660,61791553.0,3.73,3.23,0.13,1.6
2021-09-14,4.15,4.03,4.19,4.02,149541,61175270.0,4.1,-2.89,-0.12,1.59
2021-09-15,4.04,4.05,4.08,4.01,83172,33665574.0,1.74,0.5,0.02,0.88
2021-09-16,4.06,4.03,4.12,4.0,82020,33286313.0,2.96,-0.49,-0.02,0.87
2021-09-17,4.12,4.06,4.18,4.01,103192,42003527.0,4.22,0.74,0.03,1.09
2021-09-22,4.03,4.11,4.12,3.96,103053,41748066.0,3.94,1.23,0.05,1.09
2021-09-23,4.16,4.12,4.18,4.08,125691,51759522.0,2.43,0.24,0.01,1.33
2021-09-24,4.12,4.04,4.14,4.01,101672,41391406.0,3.16,-1.94,-0.08,1.08
2021-09-27,4.05,3.89,4.15,3.87,150022,59660523.0,6.93,-3.71,-0.15,1.59
2021-09-28,3.89,3.99,4.01,3.86,98979,39075564.0,3.86,2.57,0.1,1.05
2021-09-29,4.0,3.85,4.0,3.84,84789,33040052.0,4.01,-3.51,-0.14,0.9
2021-09-30,3.89,3.93,3.93,3.85,70322,27395071.0,2.08,2.08,0.08,0.75
2021-10-08,4.06,4.21,4.3,4.04,279262,117430534.0,6.62,7.12,0.28,2.96
2021-10-11,4.21,4.3,4.37,4.15,278503,119454503.0,5.23,2.14,0.09,2.95
2021-10-12,4.28,4.16,4.28,4.1,175232,73048870.0,4.19,-3.26,-0.14,1.86
2021-10-13,4.16,3.98,4.17,3.92,148266,59362561.0,6.01,-4.33,-0.18,1.57
2021-10-14,3.97,4.03,4.03,3.91,101360,40284315.0,3.02,1.26,0.05,1.07
2021-10-15,4.05,3.98,4.05,3.95,100062,39939055.0,2.48,-1.24,-0.05,1.06
2021-10-18,3.96,4.19,4.25,3.92,250338,103572325.0,8.29,5.28,0.21,2.65
2021-10-19,4.19,4.12,4.21,4.11,113264,46899885.0,2.39,-1.67,-0.07,1.2
2021-10-20,4.12,4.08,4.13,4.03,83177,33815408.0,2.43,-0.97,-0.04,0.88
2021-10-21,4.07,4.16,4.21,4.06,119021,49358275.0,3.68,1.96,0.08,1.26
2021-10-22,4.15,4.0,4.15,3.99,108856,44155108.0,3.85,-3.85,-0.16,1.15
2021-10-25,4.0,3.97,4.04,3.93,56428,22465663.0,2.75,-0.75,-0.03,0.6
2021-10-26,3.97,3.95,4.07,3.94,72086,28841505.0,3.27,-0.5,-0.02,0.76
2021-10-27,3.94,3.86,3.96,3.82,73401,28390333.0,3.54,-2.28,-0.09,0.78
2021-10-28,3.85,3.77,3.87,3.74,61294,23167509.0,3.37,-2.33,-0.09,0.65
2021-10-29,3.82,4.0,4.03,3.82,137008,54039595.0,5.57,6.1,0.23,1.45
2021-11-01,4.0,4.16,4.22,3.99,191714,79354857.0,5.75,4.0,0.16,2.03
2021-11-02,4.14,4.11,4.25,4.06,156008,64568785.0,4.57,-1.2,-0.05,1.65
2021-11-03,4.14,4.03,4.15,4.01,94895,38447918.0,3.41,-1.95,-0.08,1.01
2021-11-04,4.02,4.09,4.11,3.97,92106,37279304.0,3.47,1.49,0.06,0.98
2021-11-05,4.09,4.04,4.17,4.03,87318,35714778.0,3.42,-1.22,-0.05,0.93
2021-11-08,4.02,4.13,4.14,4.01,98111,40043121.0,3.22,2.23,0.09,1.04
2021-11-09,4.12,4.14,4.16,4.06,101065,41627320.0,2.42,0.24,0.01,1.07
2021-11-10,4.14,4.23,4.24,4.09,138256,57761808.0,3.62,2.17,0.09,1.47
2021-11-11,4.24,4.31,4.36,4.21,172616,74383543.0,3.55,1.89,0.08,1.83
2021-11-12,4.33,4.3,4.38,4.24,113261,48667157.0,3.25,-0.23,-0.01,1.2
2021-11-15,4.29,4.31,4.33,4.26,93758,40288171.0,1.63,0.23,0.01,0.99
2021-11-16,4.31,4.24,4.31,4.22,96096,40894250.0,2.09,-1.62,-0.07,1.02
2021-11-17,4.24,4.27,4.28,4.23,61497,26165414.0,1.18,0.71,0.03,0.65
2021-11-18,4.26,4.31,4.32,4.22,81319,34829226.0,2.34,0.94,0.04,0.86
2021-11-19,4.32,4.32,4.34,4.26,68953,29667246.0,1.86,0.23,0.01,0.73
2021-11-22,4.33,4.43,4.47,4.31,156817,69197645.0,3.7,2.55,0.11,1.66
2021-11-23,4.44,4.45,4.47,4.38,90097,39931714.0,2.03,0.45,0.02,0.96
2021-11-24,4.46,4.36,4.47,4.33,89756,39434434.0,3.15,-2.02,-0.09,0.95
2021-11-25,4.36,4.34,4.44,4.32,86370,37722016.0,2.75,-0.46,-0.02,0.92
2021-11-26,4.32,4.3,4.32,4.25,74727,32011547.0,1.61,-0.92,-0.04,0.79
2021-11-29,4.25,4.21,4.25,4.18,69242,29151584.0,1.63,-2.09,-0.09,0.73
2021-11-30,4.22,4.23,4.27,4.18,61279,25902630.0,2.14,0.48,0.02,0.65
2021-12-01,4.24,4.29,4.31,4.19,91475,38954777.0,2.84,1.42,0.06,0.97
2021-12-02,4.33,4.26,4.37,4.26,82013,35273767.0,2.56,-0.7,-0.03,0.87
2021-12-03,4.25,4.57,4.68,4.25,324468,146584280.0,10.09,7.28,0.31,3.44
2021-12-06,4.56,4.49,4.61,4.48,195724,88943437.0,2.84,-1.75,-0.08,2.07
2021-12-07,4.56,4.53,4.57,4.41,151763,68261783.0,3.56,0.89,0.04,1.61
2021-12-08,4.65,4.44,4.72,4.41,298357,134583577.0,6.84,-1.99,-0.09,3.16
2021-12-09,4.47,4.53,4.62,4.43,245617,111489485.0,4.28,2.03,0.09,2.6
2021-12-10,4.49,4.37,4.51,4.35,157724,69653666.0,3.53,-3.53,-0.16,1.67
2021-12-13,4.38,4.32,4.44,4.31,108871,47517705.0,2.97,-1.14,-0.05,1.15
2021-12-14,4.31,4.27,4.32,4.24,96220,41098846.0,1.85,-1.16,-0.05,1.02
2021-12-15,4.27,4.3,4.37,4.24,87749,37728428.0,3.04,0.7,0.03,0.93
2021-12-16,4.31,4.31,4.34,4.29,79769,34414289.0,1.16,0.23,0.01,0.85
2021-12-17,4.31,4.36,4.39,4.28,103899,45161725.0,2.55,1.16,0.05,1.1
2021-12-20,4.35,4.39,4.44,4.33,125888,55231333.0,2.52,0.69,0.03,1.33
2021-12-21,4.39,4.52,4.53,4.39,155218,69730306.0,3.19,2.96,0.13,1.65
2021-12-22,4.54,4.49,4.55,4.45,98001,44042061.0,2.21,-0.66,-0.03,1.04
2021-12-23,4.47,4.45,4.52,4.43,75355,33655174.0,2.0,-0.89,-0.04,0.8
2021-12-24,4.47,4.35,4.48,4.33,87896,38565648.0,3.37,-2.25,-0.1,0.93
2021-12-27,4.37,4.39,4.4,4.32,61694,26951879.0,1.84,0.92,0.04,0.65
2021-12-28,4.42,4.38,4.42,4.32,59549,25927341.0,2.28,-0.23,-0.01,0.63
2021-12-29,4.49,4.64,4.73,4.44,346449,160067818.0,6.62,5.94,0.26,3.67
2021-12-30,4.66,4.62,4.68,4.56,142937,65701791.0,2.59,-0.43,-0.02,1.52
2021-12-31,4.61,4.56,4.63,4.54,99651,45540965.0,1.95,-1.3,-0.06,1.06
2022-01-04,4.6,4.78,4.78,4.58,199083,93983036.0,4.39,4.82,0.22,2.11
2022-01-05,4.8,4.83,4.84,4.7,213273,102192917.0,2.93,1.05,0.05,2.26
2022-01-06,4.82,4.82,4.91,4.81,125829,61012719.0,2.07,-0.21,-0.01,1.33
2022-01-07,4.8,4.76,4.87,4.74,103780,49723609.0,2.7,-1.24,-0.06,1.1
2022-01-10,4.79,4.76,4.79,4.71,82137,39051708.0,1.68,0.0,0.0,0.87
2022-01-11,4.77,4.81,4.88,4.75,106941,51767502.0,2.73,1.05,0.05,1.13
2022-01-12,4.92,5.0,5.08,4.83,205602,102253968.0,5.2,3.95,0.19,2.18
2022-01-13,4.97,5.03,5.12,4.96,134851,68069456.0,3.2,0.6,0.03,1.43
2022-01-14,5.04,4.99,5.1,4.92,141946,71110628.0,3.58,-0.8,-0.04,1.5
2022-01-17,5.02,5.02,5.09,4.95,107236,53807448.0,2.81,0.6,0.03,1.14
2022-01-18,5.01,4.99,5.12,4.96,155400,78334877.0,3.19,-0.6,-0.03,1.65
2022-01-19,4.99,4.97,5.01,4.94,119538,59404534.0,1.4,-0.4,-0.02,1.27
2022-01-20,4.97,4.84,5.02,4.83,146921,71992036.0,3.82,-2.62,-0.13,1.56
2022-01-21,4.81,4.76,4.89,4.75,112943,54175885.0,2.89,-1.65,-0.08,1.2
2022-01-24,4.8,4.67,4.84,4.66,122945,57889608.0,3.78,-1.89,-0.09,1.3
2022-01-25,4.71,4.45,4.73,4.44,156371,71367534.0,6.21,-4.71,-0.22,1.66
2022-01-26,4.47,4.62,4.65,4.47,142966,65465577.0,4.04,3.82,0.17,1.52
2022-01-27,4.61,4.43,4.63,4.42,119191,53628569.0,4.55,-4.11,-0.19,1.26
2022-01-28,4.46,4.59,4.64,4.46,118149,54092158.0,4.06,3.61,0.16,1.25
2022-02-07,4.7,4.66,4.73,4.57,99352,46223297.0,3.49,1.53,0.07,1.05
2022-02-08,4.69,4.77,4.78,4.63,82372,39055229.0,3.22,2.36,0.11,0.87
2022-02-09,4.81,4.84,4.86,4.8,81766,39462661.0,1.26,1.47,0.07,0.87
2022-02-10,4.84,4.82,4.85,4.79,70669,33997717.0,1.24,-0.41,-0.02,0.75
2022-02-11,4.8,4.76,4.87,4.73,79528,38027345.0,2.9,-1.24,-0.06,0.84
2022-02-14,4.75,4.71,4.76,4.69,66148,31257562.0,1.47,-1.05,-0.05,0.7
2022-02-15,4.72,4.6,4.72,4.55,101165,46638258.0,3.61,-2.34,-0.11,1.07
2022-02-16,4.6,4.71,4.72,4.6,95039,44430251.0,2.61,2.39,0.11,1.01
2022-02-17,4.72,4.63,4.79,4.61,111344,52049031.0,3.82,-1.7,-0.08,1.18
2022-02-18,4.6,4.7,4.71,4.59,82857,38674899.0,2.59,1.51,0.07,0.88
2022-02-21,4.7,4.78,4.78,4.64,79931,37659483.0,2.98,1.7,0.08,0.85
2022-02-22,4.75,4.69,4.85,4.67,86543,41044898.0,3.77,-1.88,-0.09,0.92
2022-02-23,4.69,4.68,4.76,4.65,71124,33269703.0,2.35,-0.21,-0.01,0.75
2022-02-24,4.67,4.49,4.67,4.43,118003,53746059.0,5.13,-4.06,-0.19,1.25
2022-02-25,4.52,4.68,4.72,4.52,127496,59430075.0,4.45,4.23,0.19,1.35
2022-02-28,4.7,4.69,4.7,4.6,87289,40661432.0,2.14,0.21,0.01,0.93
2022-03-01,4.72,4.76,4.79,4.68,75245,35755377.0,2.35,1.49,0.07,0.8
2022-03-02,4.75,4.82,4.83,4.74,64723,31030870.0,1.89,1.26,0.06,0.69
2022-03-03,4.84,4.81,4.87,4.79,75707,36516969.0,1.66,-0.21,-0.01,0.8
2022-03-04,4.84,4.77,4.85,4.74,57738,27617504.0,2.29,-0.83,-0.04,0.61
2022-03-07,4.73,4.72,4.8,4.7,63550,30167583.0,2.1,-1.05,-0.05,0.67
2022-03-08,4.74,4.61,4.75,4.56,90226,41764947.0,4.03,-2.33,-0.11,0.96
2022-03-09,4.6,4.47,4.65,4.28,99536,44716618.0,8.03,-3.04,-0.14,1.06
2022-03-10,4.58,4.58,4.67,4.57,82104,37901702.0,2.24,2.46,0.11,0.87
2022-03-11,4.54,4.62,4.63,4.43,74108,33428161.0,4.37,0.87,0.04,0.79
2022-03-14,4.57,4.47,4.62,4.47,60599,27499501.0,3.25,-3.25,-0.15,0.64
2022-03-15,4.45,4.15,4.46,4.14,114841,49489171.0,7.16,-7.16,-0.32,1.22
2022-03-16,4.22,4.26,4.3,4.09,79077,33348171.0,5.06,2.65,0.11,0.84
2022-03-17,4.31,4.32,4.4,4.29,82087,35653610.0,2.58,1.41,0.06,0.87
2022-03-18,4.3,4.4,4.42,4.29,54236,23682962.0,3.01,1.85,0.08,0.57
2022-03-21,4.4,4.41,4.45,4.35,72104,31723614.0,2.27,0.23,0.01,0.76
2022-03-22,4.42,4.46,4.49,4.38,71564,31774575.0,2.49,1.13,0.05,0.76
2022-03-23,4.49,4.45,4.54,4.45,47908,21506305.0,2.02,-0.22,-0.01,0.51
2022-03-24,4.43,4.41,4.48,4.4,46839,20765183.0,1.8,-0.9,-0.04,0.5
2022-03-25,4.4,4.71,4.76,4.4,217548,101312779.0,8.16,6.8,0.3,2.31
2022-03-28,4.68,4.68,4.76,4.6,153039,71538039.0,3.4,-0.64,-0.03,1.62
2022-03-29,4.68,4.73,4.73,4.64,101511,47626482.0,1.92,1.07,0.05,1.08
2022-03-30,4.74,4.7,4.75,4.65,77848,36487875.0,2.11,-0.63,-0.03,0.83
2022-03-31,4.69,4.83,4.91,4.69,183895,88807888.0,4.68,2.77,0.13,1.95
2022-04-01,4.84,4.82,4.89,4.77,121264,58413780.0,2.48,-0.21,-0.01,1.29
2022-04-06,4.79,4.92,4.95,4.77,153796,74960631.0,3.73,2.07,0.1,1.63
2022-04-07,4.91,4.76,4.91,4.76,116434,56178826.0,3.05,-3.25,-0.16,1.23
2022-04-08,4.79,4.72,4.86,4.68,92986,44172959.0,3.78,-0.84,-0.04,0.99
2022-04-11,4.8,4.62,4.85,4.58,106555,50169982.0,5.72,-2.12,-0.1,1.13
2022-04-12,4.62,4.73,4.74,4.56,79491,36923389.0,3.9,2.38,0.11,0.84
2022-04-13,4.71,4.62,4.72,4.6,72856,33788636.0,2.54,-2.33,-0.11,0.77
2022-04-14,4.63,4.62,4.69,4.6,62898,29202108.0,1.95,0.0,0.0,0.67
2022-04-15,4.6,4.49,4.65,4.48,80654,36729782.0,3.68,-2.81,-0.13,0.85
2022-04-18,4.47,4.49,4.54,4.32,69506,30969604.0,4.9,0.0,0.0,0.74
2022-04-19,4.48,4.59,4.6,4.45,69147,31511511.0,3.34,2.23,0.1,0.73
2022-04-20,4.6,4.62,4.79,4.58,110383,51690871.0,4.58,0.65,0.03,1.17
2022-04-21,4.63,4.48,4.74,4.48,104422,48145199.0,5.63,-3.03,-0.14,1.11
2022-04-22,4.59,4.75,4.77,4.57,225624,105935212.0,4.46,6.03,0.27,2.39
2022-04-25,4.79,4.29,4.79,4.28,296133,133196582.0,10.74,-9.68,-0.46,3.14
2022-04-26,4.26,3.97,4.26,3.94,189967,77469612.0,7.46,-7.46,-0.32,2.01
2022-04-27,3.69,3.68,3.74,3.57,230560,83601135.0,4.28,-7.3,-0.29,2.44
2022-04-28,3.6,3.55,3.71,3.46,185848,66159118.0,6.79,-3.53,-0.13,1.97
2022-04-29,3.61,3.64,3.77,3.54,173001,63575775.0,6.48,2.54,0.09,1.83
2022-05-05,3.67,3.66,3.7,3.58,110260,40148431.0,3.3,0.55,0.02,1.17
2022-05-06,3.6,3.6,3.7,3.55,94230,34215567.0,4.1,-1.64,-0.06,1.0
2022-05-09,3.64,3.67,3.7,3.61,81464,29869532.0,2.5,1.94,0.07,0.86
2022-05-10,3.62,3.62,3.68,3.57,105352,37938692.0,3.0,-1.36,-0.05,1.12
2022-05-11,3.62,3.59,3.67,3.57,106096,38516790.0,2.76,-0.83,-0.03,1.12
2022-05-12,3.55,3.59,3.64,3.53,76902,27586367.0,3.06,0.0,0.0,0.82
2022-05-13,3.6,3.63,3.65,3.58,68236,24665687.0,1.95,1.11,0.04,0.72
2022-05-16,3.65,3.64,3.65,3.59,62875,22775624.0,1.65,0.28,0.01,0.67
2022-05-17,3.64,3.59,3.65,3.55,71788,25737015.0,2.75,-1.37,-0.05,0.76
2022-05-18,3.59,3.64,3.68,3.57,80633,29324541.0,3.06,1.39,0.05,0.85
2022-05-19,3.6,3.64,3.65,3.59,56158,20352107.0,1.65,0.0,0.0,0.6
2022-05-20,3.63,3.68,3.71,3.63,81243,29889376.0,2.2,1.1,0.04,0.86
2022-05-23,3.71,3.74,3.74,3.66,72880,27011952.0,2.17,1.63,0.06,0.77
2022-05-24,3.73,3.58,3.75,3.58,87285,31828290.0,4.55,-4.28,-0.16,0.93
2022-05-25,3.56,3.67,3.67,3.55,63484,23049134.0,3.35,2.51,0.09,0.67
2022-05-26,3.66,3.67,3.7,3.61,68100,24889669.0,2.45,0.0,0.0,0.72
2022-05-27,3.69,3.68,3.74,3.65,69933,25737098.0,2.45,0.27,0.01,0.74
2022-05-30,3.7,3.69,3.72,3.64,60541,22240936.0,2.17,0.27,0.01,0.64
2022-05-31,3.7,3.73,3.74,3.67,66484,24675349.0,1.9,1.08,0.04,0.7
2022-06-01,3.73,3.81,3.88,3.71,112181,42769760.0,4.56,2.14,0.08,1.19
2022-06-02,3.81,3.81,3.83,3.73,60942,23055587.0,2.62,0.0,0.0,0.65
2022-06-06,3.81,3.83,3.87,3.8,70823,27075097.0,1.84,0.52,0.02,0.75
2022-06-07,3.83,3.8,3.85,3.77,53730,20458688.0,2.09,-0.78,-0.03,0.57
2022-06-08,3.83,3.8,3.85,3.73,63346,23945821.0,3.16,0.0,0.0,0.67
2022-06-09,3.82,3.77,3.82,3.74,50605,19119643.0,2.11,-0.79,-0.03,0.54
2022-06-10,3.77,3.8,3.81,3.75,54329,20541201.0,1.59,0.8,0.03,0.58
2022-06-13,3.78,3.76,3.83,3.71,59981,22638904.0,3.16,-1.05,-0.04,0.64
2022-06-14,3.74,3.8,3.81,3.67,73867,27639926.0,3.72,1.06,0.04,0.78
2022-06-15,3.82,3.91,4.06,3.79,172612,67628022.0,7.11,2.89,0.11,1.83
2022-06-16,3.86,3.81,3.89,3.79,150337,57601145.0,2.56,-2.56,-0.1,1.59
2022-06-17,3.79,3.76,3.81,3.73,75599,28481606.0,2.1,-1.31,-0.05,0.8
2022-06-20,3.77,3.8,3.81,3.77,56360,21376112.0,1.06,1.06,0.04,0.6
2022-06-21,3.8,3.77,3.82,3.73,56473,21301730.0,2.37,-0.79,-0.03,0.6
2022-06-22,3.81,3.71,3.81,3.7,54034,20201159.0,2.92,-1.59,-0.06,0.57
2022-06-23,3.7,3.76,3.77,3.69,61875,23074712.0,2.16,1.35,0.05,0.66
2022-06-24,3.76,3.78,3.78,3.72,45682,17182240.0,1.6,0.53,0.02,0.48
2022-06-27,3.79,3.78,3.81,3.76,56996,21549264.0,1.32,0.0,0.0,0.6
2022-06-28,3.78,3.83,3.84,3.74,70676,26925367.0,2.65,1.32,0.05,0.75
2022-06-29,3.83,3.75,3.85,3.74,62662,23797011.0,2.87,-2.09,-0.08,0.66
2022-06-30,3.74,3.76,3.79,3.74,48556,18299908.0,1.33,0.27,0.01,0.51
2022-07-01,3.78,3.81,3.82,3.74,58430,22150755.0,2.13,1.33,0.05,0.62
2022-07-04,3.86,3.82,3.88,3.8,55869,21398952.0,2.1,0.26,0.01,0.59
2022-07-05,3.84,3.86,3.91,3.81,103331,39897426.0,2.62,1.05,0.04,1.1
2022-07-06,3.83,3.89,3.97,3.8,127598,49317141.0,4.4,0.78,0.03,1.35
2022-07-07,3.85,3.91,3.94,3.85,96946,37810508.0,2.31,0.51,0.02,1.03
2022-07-08,3.88,3.86,3.9,3.85,57748,22325051.0,1.28,-1.28,-0.05,0.61
2022-07-11,3.85,3.84,3.87,3.81,58411,22412993.0,1.55,-0.52,-0.02,0.62
2022-07-12,3.86,3.8,3.86,3.8,51447,19659020.29,1.56,-1.04,-0.04,0.55
2022-07-13,3.81,3.84,3.86,3.79,40360,15454900.14,1.84,1.05,0.04,0.43
2022-07-14,3.81,3.77,3.81,3.76,43921,16585805.0,1.3,-1.82,-0.07,0.47
2022-07-15,3.76,3.62,3.77,3.62,68954,25275013.09,3.98,-3.98,-0.15,0.73
2022-07-18,3.62,3.84,3.86,3.62,143956,54759367.04,6.63,6.08,0.22,1.53
2022-07-19,3.84,3.89,3.9,3.84,69696,26982109.05,1.56,1.3,0.05,0.74
2022-07-20,3.89,3.92,3.93,3.88,50428,19723389.75,1.29,0.77,0.03,0.53
2022-07-21,3.92,3.86,3.92,3.85,36662,14218205.0,1.79,-1.53,-0.06,0.39
2022-07-22,3.86,3.88,3.91,3.82,44571,17237299.0,2.33,0.52,0.02,0.47
2022-07-25,3.88,3.86,3.92,3.82,41820,16122852.0,2.58,-0.52,-0.02,0.44
2022-07-26,3.87,3.88,3.89,3.82,32755,12623940.81,1.81,0.52,0.02,0.35
2022-07-27,3.88,3.86,3.89,3.85,25017,9666060.0,1.03,-0.52,-0.02,0.27
2022-07-28,3.89,3.85,3.89,3.83,36502,14073370.1,1.55,-0.26,-0.01,0.39
2022-07-29,3.85,3.82,3.86,3.82,27851,10687648.16,1.04,-0.78,-0.03,0.3
2022-08-01,3.83,3.79,3.85,3.79,44032,16764382.79,1.57,-0.79,-0.03,0.47
2022-08-02,3.78,3.66,3.79,3.6,84991,31126951.04,5.01,-3.43,-0.13,0.9
2022-08-03,3.66,3.59,3.71,3.58,59007,21525479.0,3.55,-1.91,-0.07,0.63
2022-08-04,3.61,3.66,3.66,3.59,36936,13389133.4,1.95,1.95,0.07,0.39
2022-08-05,3.66,3.68,3.69,3.62,28781,10512235.9,1.91,0.55,0.02,0.31
2022-08-08,3.68,3.67,3.69,3.64,43703,15991376.41,1.36,-0.27,-0.01,0.46
2022-08-09,3.66,3.67,3.67,3.63,30400,11107619.0,1.09,0.0,0.0,0.32
2022-08-10,3.66,3.7,3.71,3.63,42915,15776740.35,2.18,0.82,0.03,0.45
2022-08-11,3.7,3.76,3.78,3.69,38794,14574004.49,2.43,1.62,0.06,0.41
2022-08-12,3.78,3.75,3.8,3.75,28579,10778330.77,1.33,-0.27,-0.01,0.3
2022-08-15,3.77,3.77,3.78,3.72,38301,14365622.0,1.6,0.53,0.02,0.41
2022-08-16,3.77,3.78,3.79,3.75,24747,9336196.0,1.06,0.27,0.01,0.26
2022-08-17,3.79,3.77,3.8,3.75,28080,10591436.72,1.32,-0.26,-0.01,0.3
2022-08-18,3.79,3.73,3.8,3.72,40908,15290501.6,2.12,-1.06,-0.04,0.43
2022-08-19,3.71,3.75,3.78,3.7,38347,14397497.0,2.14,0.54,0.02,0.41
2022-08-22,3.72,3.81,3.82,3.72,52819,19992145.8,2.67,1.6,0.06,0.56
2022-08-23,3.8,3.86,3.86,3.78,53310,20452276.0,2.1,1.31,0.05,0.57
2022-08-24,3.85,3.8,3.89,3.79,71349,27388116.99,2.59,-1.55,-0.06,0.76
2022-08-25,3.84,3.83,3.84,3.77,53731,20464622.77,1.84,0.79,0.03,0.57
2022-08-26,3.84,3.76,3.84,3.75,37692,14266742.93,2.35,-1.83,-0.07,0.4
2022-08-29,3.74,3.83,3.83,3.71,46959,17739108.66,3.19,1.86,0.07,0.5
2022-08-30,3.82,3.84,3.86,3.79,50850,19419274.14,1.83,0.26,0.01,0.54
2022-08-31,3.83,3.76,3.83,3.75,51288,19376039.0,2.08,-2.08,-0.08,0.54
2022-09-01,3.79,3.78,3.86,3.76,66593,25349726.5,2.66,0.53,0.02,0.71
2022-09-02,3.8,3.83,3.83,3.77,53762,20459699.63,1.59,1.32,0.05,0.57
2022-09-05,3.84,3.86,3.86,3.81,39670,15213752.0,1.31,0.78,0.03,0.42
2022-09-06,3.87,3.92,3.92,3.84,65967,25693441.5,2.07,1.55,0.06,0.7
2022-09-07,3.89,3.89,3.93,3.84,38008,14766433.2,2.3,-0.77,-0.03,0.4
2022-09-08,3.9,3.83,3.9,3.82,43669,16774195.0,2.06,-1.54,-0.06,0.46
2022-09-09,3.85,3.84,3.88,3.81,37196,14257074.0,1.83,0.26,0.01,0.39
2022-09-13,3.85,3.84,3.88,3.83,34456,13262186.9,1.3,0.0,0.0,0.37
2022-09-14,3.82,3.82,3.84,3.79,38311,14613340.52,1.3,-0.52,-0.02,0.41
2022-09-15,3.85,3.78,3.86,3.73,43975,16721739.35,3.4,-1.05,-0.04,0.47
2022-09-16,3.79,3.65,3.79,3.63,54399,20149170.0,4.23,-3.44,-0.13,0.58
2022-09-19,3.62,3.58,3.65,3.55,48654,17495500.0,2.74,-1.92,-0.07,0.52
2022-09-20,3.61,3.63,3.66,3.57,41161,14952916.62,2.51,1.4,0.05,0.44
2022-09-21,3.65,3.64,3.66,3.57,25045,9053929.37,2.48,0.28,0.01,0.27
2022-09-22,3.64,3.58,3.65,3.57,38711,13961983.5,2.2,-1.65,-0.06,0.41
2022-09-23,3.59,3.53,3.61,3.52,46790,16630526.0,2.51,-1.4,-0.05,0.5
2022-09-26,3.51,3.36,3.52,3.35,83234,28449403.32,4.82,-4.82,-0.17,0.88
2022-09-27,3.37,3.52,3.54,3.37,66469,23028083.4,5.06,4.76,0.16,0.7
2022-09-28,3.55,3.47,3.56,3.46,38806,13600392.51,2.84,-1.42,-0.05,0.41
2022-09-29,3.49,3.39,3.51,3.37,47769,16340918.13,4.03,-2.31,-0.08,0.51
2022-09-30,3.39,3.38,3.43,3.36,40662,13784502.69,2.06,-0.29,-0.01,0.43
2022-10-10,3.35,3.34,3.44,3.34,42487,14370019.8,2.96,-1.18,-0.04,0.45
2022-10-11,3.37,3.35,3.37,3.25,38357,12727979.27,3.59,0.3,0.01,0.41
2022-10-12,3.34,3.69,3.69,3.32,175588,63623750.35,11.04,10.15,0.34,1.86
2022-10-13,3.84,3.72,4.0,3.69,528068,200273467.74,8.4,0.81,0.03,5.6
2022-10-14,3.75,3.66,3.78,3.65,361203,133874920.65,3.49,-1.61,-0.06,3.83
2022-10-17,3.66,3.66,3.71,3.6,180023,66031331.19,3.01,0.0,0.0,1.91
2022-10-18,3.71,3.73,3.85,3.68,250456,94462339.87,4.64,1.91,0.07,2.65
2022-10-19,3.68,3.62,3.77,3.6,147889,53886609.23,4.56,-2.95,-0.11,1.57
2022-10-20,3.57,3.6,3.65,3.57,87817,31667489.74,2.21,-0.55,-0.02,0.93
2022-10-21,3.59,3.57,3.64,3.55,82943,29820695.83,2.5,-0.83,-0.03,0.88
2022-10-24,3.56,3.52,3.62,3.52,85890,30658437.0,2.8,-1.4,-0.05,0.91
2022-10-25,3.52,3.52,3.56,3.45,70654,24701433.95,3.13,0.0,0.0,0.75
2022-10-26,3.48,3.47,3.54,3.45,91811,32012990.0,2.56,-1.42,-0.05,0.97
2022-10-27,3.48,3.46,3.48,3.44,61919,21427095.0,1.15,-0.29,-0.01,0.66
2022-10-28,3.47,3.3,3.47,3.29,94264,31587862.04,5.2,-4.62,-0.16,1.0
2022-10-31,3.31,3.32,3.37,3.28,52729,17546961.24,2.73,0.61,0.02,0.56
2022-11-01,3.35,3.37,3.37,3.32,58110,19451053.42,1.51,1.51,0.05,0.62
2022-11-02,3.37,3.37,3.39,3.35,73960,24942732.64,1.19,0.0,0.0,0.78
2022-11-03,3.34,3.36,3.41,3.34,55469,18715514.0,2.08,-0.3,-0.01,0.59
2022-11-04,3.38,3.4,3.41,3.36,66766,22626713.52,1.49,1.19,0.04,0.71
2022-11-07,3.4,3.44,3.45,3.38,78890,26992325.2,2.06,1.18,0.04,0.84
2022-11-08,3.45,3.44,3.48,3.4,60210,20706603.71,2.33,0.0,0.0,0.64
2022-11-09,3.42,3.44,3.46,3.42,48349,16638132.04,1.16,0.0,0.0,0.51
2022-11-10,3.42,3.48,3.49,3.41,81755,28209974.18,2.33,1.16,0.04,0.87
2022-11-11,3.53,3.51,3.55,3.5,78876,27722734.2,1.44,0.86,0.03,0.84
2022-11-14,3.49,3.55,3.56,3.49,62642,22163884.14,1.99,1.14,0.04,0.66
2022-11-15,3.53,3.57,3.58,3.52,64442,22900120.84,1.69,0.56,0.02,0.68
2022-11-16,3.56,3.56,3.6,3.55,52788,18888744.29,1.4,-0.28,-0.01,0.56
2022-11-17,3.57,3.58,3.59,3.54,45547,16260050.92,1.4,0.56,0.02,0.48
2022-11-18,3.57,3.55,3.63,3.55,48222,17279185.88,2.23,-0.84,-0.03,0.51
2022-11-21,3.54,3.53,3.56,3.47,51578,18211799.85,2.54,-0.56,-0.02,0.55
2022-11-22,3.53,3.53,3.59,3.52,50723,17999323.0,1.98,0.0,0.0,0.54
2022-11-23,3.6,3.54,3.61,3.52,71368,25319526.0,2.55,0.28,0.01,0.76
2022-11-24,3.57,3.58,3.6,3.54,59085,21133602.36,1.69,1.13,0.04,0.63
2022-11-25,3.57,3.54,3.59,3.54,40215,14334345.55,1.4,-1.12,-0.04,0.43
2022-11-28,3.53,3.54,3.55,3.5,44454,15691150.56,1.41,0.0,0.0,0.47
2022-11-29,3.56,3.61,3.63,3.56,75586,27236150.56,1.98,1.98,0.07,0.8
2022-11-30,3.61,3.66,3.68,3.6,59791,21823605.1,2.22,1.39,0.05,0.63
2022-12-01,3.67,3.62,3.71,3.61,70261,25616383.2,2.73,-1.09,-0.04,0.74
2022-12-02,3.64,3.68,3.69,3.62,61129,22384206.06,1.93,1.66,0.06,0.65
2022-12-05,3.72,3.71,3.73,3.66,60788,22485543.74,1.9,0.82,0.03,0.64
2022-12-06,3.7,3.69,3.72,3.67,46635,17214311.84,1.35,-0.54,-0.02,0.49
2022-12-07,3.7,3.74,3.75,3.66,55905,20831087.86,2.44,1.36,0.05,0.59
2022-12-08,3.74,3.72,3.76,3.69,46533,17319981.19,1.87,-0.53,-0.02,0.49
2022-12-09,3.73,3.72,3.75,3.65,56914,21062936.5,2.69,0.0,0.0,0.6
2022-12-12,3.69,3.69,3.76,3.67,54866,20342675.0,2.42,-0.81,-0.03,0.58
2022-12-13,3.69,3.83,3.9,3.68,158847,60398864.88,5.96,3.79,0.14,1.68
2022-12-14,3.81,3.77,3.85,3.74,144220,54641654.53,2.87,-1.57,-0.06,1.53
2022-12-15,3.79,3.72,3.83,3.72,72202,27169563.95,2.92,-1.33,-0.05,0.77
2022-12-16,3.71,3.7,3.74,3.68,45573,16878286.93,1.61,-0.54,-0.02,0.48
2022-12-19,3.7,3.59,3.72,3.56,66397,24047140.15,4.32,-2.97,-0.11,0.7
2022-12-20,3.61,3.63,3.66,3.58,45429,16455033.4,2.23,1.11,0.04,0.48
2022-12-21,3.63,3.59,3.65,3.57,36265,13061670.0,2.2,-1.1,-0.04,0.38
2022-12-22,3.62,3.56,3.67,3.56,44560,16154481.32,3.06,-0.84,-0.03,0.47
2022-12-23,3.58,3.52,3.6,3.51,54262,19248211.5,2.53,-1.12,-0.04,0.58
2022-12-26,3.54,3.54,3.6,3.53,44755,15966354.65,1.99,0.57,0.02,0.47
2022-12-27,3.55,3.53,3.58,3.51,36624,12959972.86,1.98,-0.28,-0.01,0.39
2022-12-28,3.58,3.46,3.59,3.45,49494,17270860.86,3.97,-1.98,-0.07,0.52
2022-12-29,3.47,3.41,3.48,3.39,39813,13627179.89,2.6,-1.45,-0.05,0.42
2022-12-30,3.42,3.46,3.47,3.4,32653,11249684.98,2.05,1.47,0.05,0.35
2023-01-03,3.5,3.49,3.5,3.46,40257,14020419.95,1.16,0.87,0.03,0.43
2023-01-04,3.5,3.5,3.53,3.47,42491,14888281.13,1.72,0.29,0.01,0.45
2023-01-05,3.51,3.52,3.52,3.47,47849,16716288.0,1.43,0.57,0.02,0.51
2023-01-06,3.53,3.64,3.85,3.5,291862,107732348.02,9.94,3.41,0.12,3.09
2023-01-09,3.64,3.7,3.73,3.59,157984,57731134.76,3.85,1.65,0.06,1.67
2023-01-10,3.67,3.69,3.78,3.66,108597,40227496.88,3.24,-0.27,-0.01,1.15
2023-01-11,3.71,3.68,3.74,3.66,79967,29540781.56,2.17,-0.27,-0.01,0.85
2023-01-12,3.68,3.64,3.69,3.61,49905,18166279.0,2.17,-1.09,-0.04,0.53
2023-01-13,3.65,3.65,3.65,3.6,36495,13245223.4,1.37,0.27,0.01,0.39
2023-01-16,3.66,3.76,3.79,3.63,115628,42999202.92,4.38,3.01,0.11,1.23
2023-01-17,3.78,4.14,4.14,3.75,487080,197538502.48,10.37,10.11,0.38,5.16
2023-01-18,3.98,3.91,4.08,3.83,596388,234626854.98,6.04,-5.56,-0.23,6.32
2023-01-19,3.91,3.82,3.91,3.77,311307,118830425.49,3.58,-2.3,-0.09,3.3
2023-01-20,3.8,3.71,3.81,3.68,286092,106563831.98,3.4,-2.88,-0.11,3.03
2023-01-30,3.73,3.78,3.78,3.71,235051,87991215.6,1.89,1.89,0.07,2.49
2023-01-31,3.76,4.16,4.16,3.74,543288,223139715.23,11.11,10.05,0.38,5.76
2023-02-01,4.34,4.21,4.48,4.12,1011548,430831239.98,8.65,1.2,0.05,10.72
2023-02-02,4.14,4.1,4.18,4.06,511052,210300066.97,2.85,-2.61,-0.11,5.42
2023-02-03,4.09,4.07,4.16,4.03,376791,153958715.4,3.17,-0.73,-0.03,3.99
2023-02-06,4.05,4.15,4.16,4.05,280371,115315854.47,2.7,1.97,0.08,2.97
2023-02-07,4.13,4.08,4.13,4.06,180314,73515167.65,1.69,-1.69,-0.07,1.91
2023-02-08,4.08,4.08,4.1,4.05,121608,49534604.25,1.23,0.0,0.0,1.29
2023-02-09,4.06,4.04,4.07,4.02,158010,63776604.47,1.23,-0.98,-0.04,1.67
2023-02-10,4.04,3.99,4.05,3.98,124422,49895247.6,1.73,-1.24,-0.05,1.32
2023-02-13,3.98,4.01,4.01,3.95,82682,32993992.31,1.5,0.5,0.02,0.88
2023-02-14,4.0,4.04,4.05,3.99,102132,41088666.0,1.5,0.75,0.03,1.08
2023-02-15,4.03,3.99,4.04,3.98,93195,37258203.45,1.49,-1.24,-0.05,0.99
2023-02-16,4.0,3.9,4.03,3.88,136137,54110478.29,3.76,-2.26,-0.09,1.44
2023-02-17,3.92,4.01,4.03,3.91,135122,54027691.43,3.08,2.82,0.11,1.43
2023-02-20,4.01,4.06,4.07,3.95,139533,56148466.5,2.99,1.25,0.05,1.48
2023-02-21,4.08,4.03,4.08,4.02,78733,31829024.58,1.48,-0.74,-0.03,0.83
2023-02-22,4.03,4.04,4.07,4.02,77110,31179962.58,1.24,0.25,0.01,0.82
2023-02-23,4.05,4.06,4.1,4.03,91443,37201326.15,1.73,0.5,0.02,0.97
2023-02-24,4.07,4.05,4.07,3.99,56076,22580657.19,1.97,-0.25,-0.01,0.59
2023-02-27,4.05,3.99,4.06,3.98,54796,22008595.0,1.98,-1.48,-0.06,0.58
2023-02-28,4.0,4.07,4.1,4.0,98211,39792379.75,2.51,2.01,0.08,1.04
2023-03-01,4.08,4.05,4.09,4.04,72468,29352352.28,1.23,-0.49,-0.02,0.77
2023-03-02,4.05,4.08,4.09,4.03,99841,40644111.37,1.48,0.74,0.03,1.06
2023-03-03,4.1,4.07,4.1,4.03,68322,27766195.0,1.72,-0.25,-0.01,0.72
2023-03-06,4.08,4.06,4.09,4.02,75144,30438073.69,1.72,-0.25,-0.01,0.8
2023-03-07,4.05,3.97,4.05,3.96,78962,31595884.96,2.22,-2.22,-0.09,0.84
2023-03-08,3.95,3.98,3.99,3.94,41241,16360173.0,1.26,0.25,0.01,0.44
2023-03-09,3.98,3.95,3.98,3.93,33846,13362887.84,1.26,-0.75,-0.03,0.36
2023-03-10,3.94,3.88,3.94,3.87,47177,18379278.0,1.77,-1.77,-0.07,0.5
2023-03-13,3.88,3.87,3.9,3.83,33884,13069357.0,1.8,-0.26,-0.01,0.36
2023-03-14,3.89,3.81,3.89,3.76,50167,19114036.29,3.36,-1.55,-0.06,0.53
2023-03-15,3.81,3.83,3.85,3.81,35622,13663549.6,1.05,0.52,0.02,0.38
2023-03-16,3.83,3.81,3.85,3.79,32911,12566663.0,1.57,-0.52,-0.02,0.35
2023-03-17,3.83,3.79,3.84,3.78,39240,14950773.59,1.57,-0.52,-0.02,0.42
2023-03-20,3.79,3.74,3.8,3.73,58747,22113678.5,1.85,-1.32,-0.05,0.62
2023-03-21,3.75,3.82,3.83,3.73,41556,15723987.4,2.67,2.14,0.08,0.44
2023-03-22,3.82,3.82,3.85,3.79,38344,14650411.72,1.57,0.0,0.0,0.41
2023-03-23,3.81,3.79,3.82,3.76,42735,16178174.36,1.57,-0.79,-0.03,0.45
2023-03-24,3.79,3.76,3.8,3.74,53047,19961048.01,1.58,-0.79,-0.03,0.56
2023-03-27,3.78,3.72,3.79,3.71,47607,17795466.0,2.13,-1.06,-0.04,0.5
2023-03-28,3.72,3.71,3.75,3.7,32042,11936890.5,1.34,-0.27,-0.01,0.34
2023-03-29,3.72,3.69,3.72,3.66,41457,15274933.5,1.62,-0.54,-0.02,0.44
2023-03-30,3.69,3.67,3.7,3.64,30826,11279656.22,1.63,-0.54,-0.02,0.33
2023-03-31,3.67,3.7,3.71,3.65,45966,16922744.67,1.63,0.82,0.03,0.49
2023-04-03,3.72,3.72,3.72,3.68,40228,14895522.99,1.08,0.54,0.02,0.43
2023-04-04,3.71,3.7,3.76,3.69,56136,20828415.25,1.88,-0.54,-0.02,0.6
2023-04-06,3.7,3.66,3.7,3.64,42213,15446928.65,1.62,-1.08,-0.04,0.45
2023-04-07,3.66,3.7,3.72,3.64,41205,15137540.55,2.19,1.09,0.04,0.44
2023-04-10,3.7,3.61,3.72,3.59,66697,24232357.2,3.51,-2.43,-0.09,0.71
2023-04-11,3.61,3.65,3.65,3.58,42570,15388821.95,1.94,1.11,0.04,0.45
2023-04-12,3.64,3.65,3.66,3.61,33923,12339913.07,1.37,0.0,0.0,0.36
2023-04-13,3.64,3.63,3.66,3.63,32369,11793847.83,0.82,-0.55,-0.02,0.34
2023-04-14,3.64,3.62,3.66,3.61,36187,13133091.74,1.38,-0.28,-0.01,0.38
2023-04-17,3.63,3.64,3.65,3.59,36037,13059340.41,1.66,0.55,0.02,0.38
2023-04-18,3.65,3.61,3.66,3.6,34897,12641586.0,1.65,-0.82,-0.03,0.37
2023-04-19,3.62,3.57,3.62,3.57,31511,11329661.4,1.39,-1.11,-0.04,0.33
2023-04-20,3.56,3.55,3.57,3.51,45077,15938095.52,1.68,-0.56,-0.02,0.48
2023-04-21,3.54,3.49,3.56,3.48,36413,12793789.0,2.25,-1.69,-0.06,0.39
2023-04-24,3.49,3.5,3.54,3.44,33360,11650367.4,2.87,0.29,0.01,0.35
2023-04-25,3.5,3.49,3.54,3.41,51274,17791730.0,3.71,-0.29,-0.01,0.54
2023-04-26,3.48,3.54,3.56,3.47,36419,12801554.56,2.58,1.43,0.05,0.39
2023-04-27,3.54,3.51,3.55,3.5,28482,10025761.27,1.41,-0.85,-0.03,0.3
2023-04-28,3.53,3.67,3.68,3.53,86798,31323735.3,4.27,4.56,0.16,0.92
2023-05-04,3.66,3.74,3.76,3.63,89406,33194917.5,3.54,1.91,0.07,0.95
2023-05-05,3.76,3.78,3.79,3.72,60300,22653643.56,1.87,1.07,0.04,0.64
2023-05-08,3.76,3.8,3.83,3.75,70725,26864714.24,2.12,0.53,0.02,0.75
2023-05-09,3.8,3.8,3.86,3.79,74133,28354871.63,1.84,0.0,0.0,0.79
2023-05-10,3.77,3.83,3.85,3.76,52452,20024815.07,2.37,0.79,0.03,0.56
2023-05-11,3.83,3.84,3.86,3.8,31808,12201841.8,1.57,0.26,0.01,0.34
2023-05-12,3.85,3.87,3.95,3.85,89462,34842471.0,2.6,0.78,0.03,0.95
2023-05-15,3.9,3.89,3.91,3.8,71501,27566320.5,2.84,0.52,0.02,0.76
2023-05-16,3.89,3.89,3.93,3.85,63127,24574866.4,2.06,0.0,0.0,0.67
2023-05-17,3.88,3.9,3.92,3.85,39262,15273261.0,1.8,0.26,0.01,0.42
2023-05-18,3.91,3.87,3.92,3.87,35118,13654098.68,1.28,-0.77,-0.03,0.37
2023-05-19,3.88,3.84,3.91,3.83,35221,13614058.84,2.07,-0.78,-0.03,0.37
2023-05-22,3.85,3.85,3.87,3.83,39599,15247512.5,1.04,0.26,0.01,0.42
2023-05-23,3.85,3.8,3.85,3.8,28695,10983005.0,1.3,-1.3,-0.05,0.3
2023-05-24,3.79,3.77,3.81,3.76,33274,12599145.28,1.32,-0.79,-0.03,0.35
2023-05-25,3.78,3.77,3.8,3.73,36544,13749485.77,1.86,0.0,0.0,0.39
2023-05-26,3.79,3.77,3.81,3.73,29275,11013336.77,2.12,0.0,0.0,0.31
2023-05-29,3.76,3.72,3.79,3.71,35398,13227602.1,2.12,-1.33,-0.05,0.38
2023-05-30,3.73,3.72,3.73,3.66,35931,13282876.0,1.88,0.0,0.0,0.38
2023-05-31,3.72,3.7,3.72,3.68,30650,11329891.5,1.08,-0.54,-0.02,0.32
2023-06-01,3.69,3.8,3.9,3.66,151995,57872059.93,6.49,2.7,0.1,1.61
2023-06-02,3.84,3.73,3.88,3.72,143597,54094823.74,4.21,-1.84,-0.07,1.52
2023-06-05,3.74,3.87,3.88,3.73,195743,75008674.67,4.02,3.75,0.14,2.07
2023-06-06,3.85,3.78,3.87,3.76,94475,35989669.49,2.84,-2.33,-0.09,1.0
2023-06-07,3.77,3.88,3.9,3.74,119790,46119416.36,4.23,2.65,0.1,1.27
2023-06-08,3.92,3.89,3.93,3.85,84648,32878007.0,2.06,0.26,0.01,0.9
2023-06-09,3.88,3.86,3.89,3.82,65441,25193700.0,1.8,-0.77,-0.03,0.69
2023-06-12,3.83,3.86,3.87,3.8,54406,20863198.12,1.81,0.0,0.0,0.58
2023-06-13,3.85,3.85,3.87,3.82,58623,22540651.11,1.3,-0.26,-0.01,0.62
2023-06-14,3.86,3.87,3.89,3.83,67609,26134207.0,1.56,0.52,0.02,0.72
2023-06-15,3.86,3.8,3.87,3.78,72874,27751222.0,2.33,-1.81,-0.07,0.77
2023-06-16,3.81,3.85,3.9,3.79,67857,26172993.55,2.89,1.32,0.05,0.72
2023-06-19,3.86,3.83,3.89,3.82,57630,22189970.14,1.82,-0.52,-0.02,0.61
2023-06-20,3.82,3.74,3.82,3.73,50433,18974837.0,2.35,-2.35,-0.09,0.53
2023-06-21,3.76,3.69,3.76,3.69,45242,16826931.0,1.87,-1.34,-0.05,0.48
2023-06-26,3.69,3.65,3.72,3.65,56522,20800446.0,1.9,-1.08,-0.04,0.6
2023-06-27,3.65,3.83,3.85,3.65,108571,41326666.02,5.48,4.93,0.18,1.15
2023-06-28,3.66,3.66,3.68,3.58,89941,32665988.82,2.61,-4.44,-0.17,0.95
2023-06-29,3.66,3.68,3.72,3.62,53976,19904458.2,2.73,0.55,0.02,0.57
2023-06-30,3.7,3.71,3.74,3.68,53964,20056644.82,1.63,0.82,0.03,0.57
2023-07-03,3.72,3.75,3.77,3.68,85067,31752103.5,2.43,1.08,0.04,0.9
2023-07-04,3.76,3.73,3.77,3.68,56065,20849122.78,2.4,-0.53,-0.02,0.59
2023-07-05,3.74,3.72,3.76,3.69,56508,21066694.0,1.88,-0.27,-0.01,0.6
2023-07-06,3.7,3.72,3.74,3.68,45555,16882774.0,1.61,0.0,0.0,0.48
2023-07-07,3.72,3.7,3.72,3.67,38288,14175746.68,1.34,-0.54,-0.02,0.41
2023-07-10,3.71,3.69,3.73,3.67,43132,15927189.0,1.62,-0.27,-0.01,0.46
2023-07-11,3.7,3.71,3.73,3.68,42025,15572355.12,1.36,0.54,0.02,0.45
2023-07-12,3.72,3.66,3.73,3.66,39338,14538148.47,1.89,-1.35,-0.05,0.42
2023-07-13,3.69,3.7,3.71,3.66,50116,18482549.0,1.37,1.09,0.04,0.53
2023-07-14,3.69,3.68,3.72,3.67,45090,16668457.0,1.35,-0.54,-0.02,0.48
2023-07-17,3.68,3.66,3.69,3.62,51796,18875708.5,1.9,-0.54,-0.02,0.55
2023-07-18,3.64,3.68,3.68,3.63,40924,14963967.58,1.37,0.55,0.02,0.43
2023-07-19,3.66,3.71,3.72,3.66,39519,14594808.16,1.63,0.82,0.03,0.42
2023-07-20,3.73,3.71,3.75,3.69,60039,22322170.0,1.62,0.0,0.0,0.64
2023-07-21,3.72,3.75,3.76,3.7,52824,19718903.0,1.62,1.08,0.04,0.56
2023-07-24,3.73,3.73,3.75,3.71,35017,13047926.0,1.07,-0.53,-0.02,0.37
2023-07-25,3.75,3.78,3.79,3.74,73539,27687611.12,1.34,1.34,0.05,0.78
2023-07-26,3.78,3.82,3.82,3.76,64465,24496931.69,1.59,1.06,0.04,0.68
2023-07-27,3.81,3.81,3.83,3.79,47639,18136931.0,1.05,-0.26,-0.01,0.5
2023-07-28,3.8,4.19,4.19,3.78,383973,157400669.63,10.76,9.97,0.38,4.07
2023-07-31,4.61,4.26,4.61,4.21,1017796,447659253.77,9.55,1.67,0.07,10.79
2023-08-01,4.23,4.12,4.29,4.09,677238,281357279.49,4.69,-3.29,-0.14,7.18
2023-08-02,4.12,4.1,4.21,4.07,367558,151749966.75,3.4,-0.49,-0.02,3.9
2023-08-03,4.14,4.14,4.24,4.08,268879,111025565.75,3.9,0.98,0.04,2.85
2023-08-04,4.19,4.26,4.49,4.14,625836,265612982.79,8.45,2.9,0.12,6.63
2023-08-07,4.2,4.32,4.32,4.12,402831,168452864.0,4.69,1.41,0.06,4.27
2023-08-08,4.28,4.32,4.62,4.23,696934,304738326.03,9.03,0.0,0.0,7.39
2023-08-09,4.34,4.37,4.52,4.16,677430,294508008.22,8.33,1.16,0.05,7.18
2023-08-10,4.31,4.21,4.5,4.16,722127,311015387.21,7.78,-3.66,-0.16,7.65
2023-08-11,4.25,4.1,4.44,4.08,460069,193396548.91,8.55,-2.61,-0.11,4.88
2023-08-14,4.1,4.11,4.15,4.04,271975,111478260.29,2.68,0.24,0.01,2.88
2023-08-15,4.07,4.09,4.17,4.04,213633,87447494.69,3.16,-0.49,-0.02,2.26
2023-08-16,4.06,4.09,4.15,4.0,263378,107492520.07,3.67,0.0,0.0,2.79
2023-08-17,4.06,4.09,4.12,4.03,196923,80002451.65,2.2,0.0,0.0,2.09
2023-08-18,4.09,3.99,4.1,3.98,152986,61659273.4,2.93,-2.44,-0.1,1.62
2023-08-21,3.98,4.01,4.09,3.98,126789,51181724.45,2.76,0.5,0.02,1.34
2023-08-22,4.04,4.01,4.05,3.93,131148,52282406.46,2.99,0.0,0.0,1.39
2023-08-23,4.04,3.95,4.04,3.94,90627,35979297.0,2.49,-1.5,-0.06,0.96
2023-08-24,3.98,3.94,3.99,3.91,85431,33694579.0,2.03,-0.25,-0.01,0.91
2023-08-25,3.93,3.91,4.03,3.9,109976,43533808.0,3.3,-0.76,-0.03,1.17
2023-08-28,4.3,4.19,4.3,4.1,591175,251009703.69,5.12,7.16,0.28,6.27
2023-08-29,4.17,4.19,4.27,4.13,312651,131190303.23,3.34,0.0,0.0,3.31
2023-08-30,4.16,3.99,4.18,3.95,251539,101613180.72,5.49,-4.77,-0.2,2.67
2023-08-31,3.98,3.93,3.99,3.89,148808,58533017.24,2.51,-1.5,-0.06,1.58
2023-09-01,3.93,3.91,3.96,3.88,152451,59575255.3,2.04,-0.51,-0.02,1.62
2023-09-04,3.9,3.98,3.99,3.89,119278,47188319.0,2.56,1.79,0.07,1.26
2023-09-05,3.98,3.91,3.99,3.89,130513,51277905.0,2.51,-1.76,-0.07,1.38
2023-09-06,3.9,3.93,3.95,3.87,106404,41675320.21,2.05,0.51,0.02,1.13
2023-09-07,3.91,3.86,3.95,3.86,101367,39559935.0,2.29,-1.78,-0.07,1.07
2023-09-08,3.88,3.84,3.9,3.84,63348,24466943.12,1.55,-0.52,-0.02,0.67
2023-09-11,3.84,3.93,3.94,3.8,113186,44071125.0,3.65,2.34,0.09,1.2
2023-09-12,3.92,3.9,3.93,3.87,62595,24343851.0,1.53,-0.76,-0.03,0.66
2023-09-13,3.89,3.87,3.92,3.83,71584,27679188.88,2.31,-0.77,-0.03,0.76
2023-09-14,3.88,3.88,3.89,3.84,49253,19048195.0,1.29,0.26,0.01,0.52
2023-09-15,3.9,3.91,3.94,3.86,84384,32905554.0,2.06,0.77,0.03,0.89
2023-09-18,3.91,3.93,3.95,3.87,82017,32075828.03,2.05,0.51,0.02,0.87
2023-09-19,3.93,3.93,3.99,3.91,120518,47533544.88,2.04,0.0,0.0,1.28
2023-09-20,3.92,3.91,3.96,3.88,85012,33300266.0,2.04,-0.51,-0.02,0.9
2023-09-21,3.92,3.84,3.92,3.83,83290,32147610.0,2.3,-1.79,-0.07,0.88
2023-09-22,3.83,3.92,3.93,3.83,100333,38966490.63,2.6,2.08,0.08,1.06
2023-09-25,3.92,3.82,3.92,3.81,82286,31678355.0,2.81,-2.55,-0.1,0.87
2023-09-26,3.81,3.81,3.86,3.8,71653,27386311.87,1.57,-0.26,-0.01,0.76
2023-09-27,3.83,3.77,3.84,3.77,69187,26219264.37,1.84,-1.05,-0.04,0.73
2023-09-28,3.79,3.83,3.86,3.76,66388,25368458.06,2.65,1.59,0.06,0.7
2023-10-09,3.83,3.72,3.83,3.7,97136,36279445.0,3.39,-2.87,-0.11,1.03
2023-10-10,3.74,3.7,3.76,3.69,51760,19232677.04,1.88,-0.54,-0.02,0.55
2023-10-11,3.72,3.69,3.72,3.67,50846,18752021.09,1.35,-0.27,-0.01,0.54
2023-10-12,3.71,3.74,3.74,3.69,42099,15659130.0,1.36,1.36,0.05,0.45
2023-10-13,3.71,3.7,3.73,3.68,51324,18978265.0,1.34,-1.07,-0.04,0.54
2023-10-16,3.71,3.72,3.76,3.67,69007,25711500.48,2.43,0.54,0.02,0.73
2023-10-17,3.72,3.75,3.82,3.7,82072,30929627.0,3.23,0.81,0.03,0.87
2023-10-18,3.74,3.67,3.74,3.66,62988,23226999.4,2.13,-2.13,-0.08,0.67
2023-10-19,3.66,3.64,3.71,3.62,69892,25576763.0,2.45,-0.82,-0.03,0.74
2023-10-20,3.64,3.64,3.69,3.62,54478,19870386.0,1.92,0.0,0.0,0.58
2023-10-23,3.63,3.57,3.64,3.54,78124,27987823.0,2.75,-1.92,-0.07,0.83
2023-10-24,3.58,3.69,3.71,3.57,86620,31699644.38,3.92,3.36,0.12,0.92
2023-10-25,3.7,3.77,3.78,3.7,112611,42282242.0,2.17,2.17,0.08,1.19
2023-10-26,3.75,3.76,3.77,3.7,74704,27929959.0,1.86,-0.27,-0.01,0.79
2023-10-27,3.75,3.81,3.86,3.74,112455,42914465.05,3.19,1.33,0.05,1.19
2023-10-30,3.79,3.83,3.85,3.79,104274,39960898.0,1.57,0.52,0.02,1.11
2023-10-31,3.82,3.85,3.89,3.82,109580,42277692.88,1.83,0.52,0.02,1.16
2023-11-01,3.84,3.85,3.87,3.79,88087,33719643.5,2.08,0.0,0.0,0.93
2023-11-02,3.85,3.83,3.86,3.82,70294,26993106.0,1.04,-0.52,-0.02,0.75
2023-11-03,3.83,3.82,3.88,3.8,86948,33437393.25,2.09,-0.26,-0.01,0.92
2023-11-06,3.85,3.87,3.89,3.83,102442,39601869.0,1.57,1.31,0.05,1.09
2023-11-07,3.86,3.89,3.91,3.84,82797,32112959.0,1.81,0.52,0.02,0.88
2023-11-08,3.89,3.87,3.92,3.84,81426,31606361.0,2.06,-0.51,-0.02,0.86
2023-11-09,3.87,3.83,3.87,3.82,61008,23440784.0,1.29,-1.03,-0.04,0.65
2023-11-10,3.84,3.84,3.86,3.8,60646,23246565.0,1.57,0.26,0.01,0.64
2023-11-13,3.85,3.87,3.89,3.83,81710,31553471.0,1.56,0.78,0.03,0.87
2023-11-14,3.88,3.87,3.89,3.81,82653,31810581.0,2.07,0.0,0.0,0.88
2023-11-15,3.88,3.87,3.91,3.86,113794,44111254.0,1.29,0.0,0.0,1.21
2023-11-16,3.86,3.85,3.89,3.83,76635,29652124.02,1.55,-0.52,-0.02,0.81
2023-11-17,3.87,3.88,3.89,3.84,69096,26763490.0,1.3,0.78,0.03,0.73
2023-11-20,3.88,3.89,3.9,3.85,74897,29057115.0,1.29,0.26,0.01,0.79
2023-11-21,3.89,3.91,3.94,3.89,102334,40106889.0,1.29,0.51,0.02,1.08
2023-11-22,3.89,3.9,3.94,3.88,76513,29918785.5,1.53,-0.26,-0.01,0.81
2023-11-23,3.9,3.94,3.94,3.89,77818,30516369.01,1.28,1.03,0.04,0.82
2023-11-24,3.94,3.91,3.94,3.89,71565,28006275.0,1.27,-0.76,-0.03,0.76
2023-11-27,3.92,3.89,3.93,3.87,81852,31875307.1,1.53,-0.51,-0.02,0.87
2023-11-28,3.9,3.91,3.92,3.86,63213,24605487.8,1.54,0.51,0.02,0.67
2023-11-29,3.91,3.88,3.95,3.87,76151,29696626.4,2.05,-0.77,-0.03,0.81
2023-11-30,3.86,3.85,3.88,3.82,80908,31072752.0,1.55,-0.77,-0.03,0.86
2023-12-01,3.84,3.9,3.93,3.84,114182,44581859.7,2.34,1.3,0.05,1.21
2023-12-04,3.89,3.91,3.95,3.88,80608,31495221.7,1.79,0.26,0.01,0.85
2023-12-05,3.91,3.86,3.92,3.86,94456,36728909.88,1.53,-1.28,-0.05,1.0
2023-12-06,3.85,3.91,3.92,3.84,94731,36895636.5,2.07,1.3,0.05,1.0
2023-12-07,3.92,3.92,3.95,3.89,101213,39637448.5,1.53,0.26,0.01,1.07
2023-12-08,3.92,3.77,3.95,3.77,154377,59199551.0,4.59,-3.83,-0.15,1.64
2023-12-11,3.78,3.84,3.86,3.73,146713,55804123.0,3.45,1.86,0.07,1.56
2023-12-12,3.85,3.89,3.9,3.82,98280,37948050.83,2.08,1.3,0.05,1.04
2023-12-13,3.89,3.91,3.94,3.88,115434,45199921.0,1.54,0.51,0.02,1.22
2023-12-14,3.92,3.95,3.99,3.89,154784,61158595.0,2.56,1.02,0.04,1.64
2023-12-15,3.97,3.99,4.02,3.93,143135,56868656.0,2.28,1.01,0.04,1.52
2023-12-18,3.99,3.94,4.0,3.91,121345,47965020.92,2.26,-1.25,-0.05,1.29
2023-12-19,3.94,3.9,3.97,3.87,100987,39397186.88,2.54,-1.02,-0.04,1.07
2023-12-20,3.89,3.87,3.92,3.87,42608,16596869.0,1.28,-0.77,-0.03,0.45
