datetime,open,close,high,low,volume,turnover,amplitude,pricelimit,change,turnoverratio
2016-10-25,12.67,12.67,12.67,12.67,189,239463.0,0.0,43.98,3.87,0.04
2016-10-26,13.94,13.94,13.94,13.94,64,89049.0,0.0,10.02,1.27,0.01
2016-10-27,15.33,15.33,15.33,15.33,21,32193.0,0.0,9.97,1.39,0.0
2016-10-28,16.86,16.86,16.86,16.86,87,147424.0,0.0,9.98,1.53,0.02
2016-10-31,18.55,18.55,18.55,18.55,130,241150.0,0.0,10.02,1.69,0.03
2016-11-01,20.41,20.41,20.41,20.41,227,463307.0,0.0,10.03,1.86,0.04
2016-11-02,22.45,22.45,22.45,22.45,304,682480.0,0.0,10.0,2.04,0.06
2016-11-03,24.7,24.7,24.7,24.7,406,1002820.0,0.0,10.02,2.25,0.08
2016-11-04,27.17,27.17,27.17,27.17,953,2589627.0,0.0,10.0,2.47,0.19
2016-11-07,29.89,29.89,29.89,29.89,1406,4202743.0,0.0,10.01,2.72,0.28
2016-11-08,32.88,32.88,32.88,32.88,1150,3781496.0,0.0,10.0,2.99,0.23
2016-11-09,36.17,36.17,36.17,36.17,1905,6890276.0,0.0,10.01,3.29,0.38
2016-11-10,39.79,39.79,39.79,39.79,2006,7982909.0,0.0,10.01,3.62,0.4
2016-11-11,43.77,43.77,43.77,43.77,2809,12295474.0,0.0,10.0,3.98,0.56
2016-11-14,48.15,48.15,48.15,46.5,130542,625877024.0,3.77,10.01,4.38,25.8
2016-11-15,49.0,50.19,52.8,48.28,336423,1702953008.0,9.39,4.24,2.04,66.49
2016-11-16,48.6,47.12,49.0,46.6,183305,868997552.0,4.78,-6.12,-3.07,36.23
2016-11-17,46.0,49.24,51.2,45.59,205693,1006165456.0,11.91,4.5,2.12,40.65
2016-11-18,48.05,47.46,48.56,46.66,122336,580171392.0,3.86,-3.61,-1.78,24.18
2016-11-21,47.4,46.19,47.4,44.76,106006,485505776.0,5.56,-2.68,-1.27,20.95
2016-11-22,46.27,46.87,47.73,45.88,102661,480181904.0,4.01,1.47,0.68,20.29
2016-11-23,46.3,46.74,48.5,46.05,98906,467765856.0,5.23,-0.28,-0.13,19.55
2016-11-24,46.0,44.98,47.01,44.88,83156,379195296.0,4.56,-3.77,-1.76,16.43
2016-11-25,45.18,43.92,45.21,42.0,74973,326083456.0,7.14,-2.36,-1.06,14.82
2016-11-28,43.5,42.39,44.34,42.3,56991,244988917.0,4.64,-3.48,-1.53,11.26
2016-11-29,42.18,42.13,43.2,41.8,45094,191207775.0,3.3,-0.61,-0.26,8.91
2016-11-30,41.95,42.16,42.42,41.8,32510,136744549.0,1.47,0.07,0.03,6.42
2016-12-01,42.28,44.28,44.98,41.9,87460,382006016.0,7.31,5.03,2.12,17.28
2016-12-02,43.7,46.5,48.49,43.51,171548,790924800.0,11.25,5.01,2.22,33.9
2016-12-05,45.2,42.71,45.96,42.01,105408,463545792.0,8.49,-8.15,-3.79,20.83
2016-12-06,42.8,43.25,44.27,42.1,59055,256621827.0,5.08,1.26,0.54,11.67
2016-12-07,42.96,42.22,42.99,41.0,71553,299466944.0,4.6,-2.38,-1.03,14.14
2016-12-08,41.63,41.99,43.33,41.63,57657,245001394.0,4.03,-0.54,-0.23,11.39
2016-12-09,41.5,40.36,41.5,40.1,62030,252608020.0,3.33,-3.88,-1.63,12.26
2016-12-12,39.9,36.38,40.29,36.33,63123,240106597.0,9.81,-9.86,-3.98,12.47
2016-12-13,35.81,36.8,37.58,34.58,48853,176603663.0,8.25,1.15,0.42,9.65
2016-12-14,36.4,35.65,36.82,35.46,35068,126782706.0,3.7,-3.13,-1.15,6.93
2016-12-15,35.58,36.33,36.54,35.18,31656,114533536.0,3.81,1.91,0.68,6.26
2016-12-16,36.21,37.77,38.43,36.1,44944,167102207.0,6.41,3.96,1.44,8.88
2016-12-19,37.54,36.74,37.54,36.68,30013,111318070.0,2.28,-2.73,-1.03,5.93
2016-12-20,36.4,36.84,37.48,36.4,24938,92105638.0,2.94,0.27,0.1,4.93
2016-12-21,37.0,36.96,37.3,36.5,26316,97035118.0,2.17,0.33,0.12,5.2
2016-12-22,36.92,36.22,36.92,36.13,24790,90202682.0,2.14,-2.0,-0.74,4.9
2016-12-23,36.0,34.46,36.39,34.36,37062,130323333.0,5.6,-4.86,-1.76,7.32
2016-12-26,34.31,34.36,34.58,32.0,29991,100569701.0,7.49,-0.29,-0.1,5.93
2016-12-27,34.12,34.23,34.88,33.91,18646,64179326.0,2.82,-0.38,-0.13,3.69
2016-12-28,34.1,33.31,34.35,33.28,20909,70552167.0,3.13,-2.69,-0.92,4.13
2016-12-29,33.12,32.89,33.57,32.73,18979,62973239.0,2.52,-1.26,-0.42,3.75
2016-12-30,32.65,33.09,33.3,32.65,16470,54423425.0,1.98,0.61,0.2,3.25
2017-01-03,33.4,33.44,33.55,32.91,27408,91176548.0,1.93,1.06,0.35,5.42
2017-01-04,33.31,33.64,33.68,33.01,25871,86260211.0,2.0,0.6,0.2,5.11
2017-01-05,33.5,33.36,33.93,33.33,22642,76009609.0,1.78,-0.83,-0.28,4.47
2017-01-06,33.11,31.79,33.35,31.77,33623,108921881.0,4.74,-4.71,-1.57,6.64
2017-01-09,31.3,30.91,31.46,30.71,27218,84504128.0,2.36,-2.77,-0.88,5.38
2017-01-10,31.14,30.93,31.69,30.92,22021,68918864.0,2.49,0.06,0.02,4.35
2017-01-11,30.92,29.53,31.08,29.51,30023,90514830.0,5.08,-4.53,-1.4,5.93
2017-01-12,29.55,29.45,29.99,29.12,25410,75097099.0,2.95,-0.27,-0.08,5.02
2017-01-13,29.46,28.7,29.93,28.61,27534,80810345.0,4.48,-2.55,-0.75,5.44
2017-01-16,28.18,26.27,28.18,25.86,37167,100562430.0,8.08,-8.47,-2.43,7.35
2017-01-17,26.21,27.18,28.0,25.31,51521,137910609.0,10.24,3.46,0.91,10.18
2017-01-18,26.85,26.24,26.99,26.1,26123,69349785.0,3.27,-3.46,-0.94,5.16
2017-01-19,26.19,26.56,27.14,25.4,38560,102144410.0,6.63,1.22,0.32,7.62
2017-01-20,26.3,29.22,29.22,26.11,83978,240627938.0,11.71,10.02,2.66,16.6
2017-01-23,29.56,29.56,30.3,28.91,88042,260333717.0,4.76,1.16,0.34,17.4
2017-01-24,29.25,29.14,29.3,28.5,41399,119695072.0,2.71,-1.42,-0.42,8.18
2017-01-25,29.0,30.51,32.0,28.81,67309,202174652.0,10.95,4.7,1.37,13.3
2017-01-26,30.2,29.74,30.45,29.7,40428,120907766.0,2.46,-2.52,-0.77,7.99
2017-02-03,29.68,29.1,29.68,28.99,23606,68930075.0,2.32,-2.15,-0.64,4.67
2017-02-06,29.35,30.19,30.31,29.01,40895,122394109.0,4.47,3.75,1.09,8.08
2017-02-07,30.19,30.93,31.2,29.69,61644,188533762.0,5.0,2.45,0.74,12.18
2017-02-08,30.6,30.93,31.17,30.2,37966,116459431.0,3.14,0.0,0.0,7.5
2017-02-09,30.66,30.76,31.55,30.66,39559,123334417.0,2.88,-0.55,-0.17,7.82
2017-02-10,30.82,29.79,31.11,29.73,35912,108718322.0,4.49,-3.15,-0.97,7.1
2017-02-13,29.52,30.23,30.48,29.5,23465,70648889.0,3.29,1.48,0.44,4.64
2017-02-14,30.0,30.19,30.23,29.9,19434,58406369.0,1.09,-0.13,-0.04,3.84
2017-02-15,30.01,30.35,30.9,30.01,43401,132770737.0,2.95,0.53,0.16,8.58
2017-02-16,30.18,30.01,30.18,29.55,24548,73272000.0,2.08,-1.12,-0.34,4.85
2017-02-17,30.11,29.62,30.4,29.55,23752,71037590.0,2.83,-1.3,-0.39,4.69
2017-02-20,29.55,29.89,30.02,29.45,18230,54241792.0,1.92,0.91,0.27,3.6
2017-02-21,29.89,30.91,30.96,29.76,40825,124306925.0,4.01,3.41,1.02,8.07
2017-02-22,30.93,30.52,30.95,30.27,29825,91128869.0,2.2,-1.26,-0.39,5.89
2017-02-23,30.3,31.11,31.18,30.3,42697,131542785.0,2.88,1.93,0.59,8.44
2017-02-24,30.89,31.41,31.8,30.76,55609,174243294.0,3.34,0.96,0.3,10.99
2017-02-27,31.57,30.55,31.58,30.51,32596,101164064.0,3.41,-2.74,-0.86,6.44
2017-02-28,30.58,30.5,30.75,30.02,26309,79816790.0,2.39,-0.16,-0.05,5.2
2017-03-01,30.46,30.52,30.74,30.25,22433,68346350.0,1.61,0.07,0.02,4.43
2017-03-02,30.5,30.17,30.5,30.0,22820,68976086.0,1.64,-1.15,-0.35,4.51
2017-03-03,30.18,29.92,30.2,29.7,19318,57739304.0,1.66,-0.83,-0.25,3.82
2017-03-06,29.9,32.91,32.91,29.8,96575,308261184.0,10.39,9.99,2.99,19.09
2017-03-07,33.38,33.72,34.54,33.0,157661,531939664.0,4.68,2.46,0.81,31.16
2017-03-08,33.6,34.47,34.52,33.02,92632,312375296.0,4.45,2.22,0.75,18.31
2017-03-09,34.26,35.52,36.36,33.48,129753,452063632.0,8.36,3.05,1.05,25.64
2017-03-10,35.0,35.74,36.28,34.72,111294,397347040.0,4.39,0.62,0.22,21.99
2017-03-13,35.8,38.28,38.99,35.42,133902,501304416.0,9.99,7.11,2.54,26.46
2017-03-14,38.4,36.99,38.58,36.7,106798,400355264.0,4.91,-3.37,-1.29,21.11
2017-03-15,36.83,35.92,36.88,35.88,74955,271428784.0,2.7,-2.89,-1.07,14.81
2017-03-16,36.04,36.51,36.78,35.81,72584,263550265.0,2.7,1.64,0.59,14.34
2017-03-17,36.08,35.8,37.24,35.68,74842,273431264.0,4.27,-1.94,-0.71,14.79
2017-03-20,35.2,34.89,35.3,34.1,56563,195908048.0,3.35,-2.54,-0.91,11.18
2017-03-21,35.13,36.96,37.23,34.4,85058,304465296.0,8.11,5.93,2.07,16.81
2017-03-22,36.56,37.49,38.15,36.2,93981,352110064.0,5.28,1.43,0.53,18.57
2017-03-23,37.17,36.63,37.45,34.68,60389,221301802.0,7.39,-2.29,-0.86,11.93
2017-03-24,36.49,36.29,36.8,35.52,41261,149566986.0,3.49,-0.93,-0.34,8.15
2017-03-27,36.23,35.34,36.23,35.22,31527,112349590.0,2.78,-2.62,-0.95,6.23
2017-03-28,35.35,35.66,35.87,35.0,29110,103282159.0,2.46,0.91,0.32,5.75
2017-03-29,35.86,35.13,36.72,35.01,55189,199788995.0,4.8,-1.49,-0.53,10.91
2017-03-30,33.5,31.62,33.51,31.62,63432,204427061.0,5.38,-9.99,-3.51,12.54
2017-03-31,30.5,30.3,31.58,30.09,35688,109801444.0,4.71,-4.17,-1.32,7.05
2017-04-05,30.11,30.9,31.45,30.11,22261,68788181.0,4.42,1.98,0.6,4.4
2017-04-06,30.91,30.9,31.4,30.64,22521,69946763.0,2.46,0.0,0.0,4.45
2017-04-07,30.8,30.17,30.9,30.05,25844,78613829.0,2.75,-2.36,-0.73,5.11
2017-04-10,30.15,28.19,30.4,27.67,40003,114729341.0,9.05,-6.56,-1.98,7.91
2017-04-11,28.12,29.05,29.27,27.71,30581,86901699.0,5.53,3.05,0.86,6.04
2017-04-12,28.94,27.99,28.98,27.9,20402,57929695.0,3.72,-3.65,-1.06,4.03
2017-04-13,28.49,28.2,28.5,28.01,12988,36738771.0,1.75,0.75,0.21,2.57
2017-04-14,28.31,28.23,28.53,28.02,12717,35952431.0,1.81,0.11,0.03,2.51
2017-04-17,28.04,26.33,28.04,26.25,27797,74105581.0,6.34,-6.73,-1.9,5.49
2017-04-18,26.33,25.7,26.79,25.44,22171,57943681.0,5.13,-2.39,-0.63,4.38
2017-04-19,25.86,26.34,26.48,25.36,22621,58639188.0,4.36,2.49,0.64,4.47
2017-04-20,26.35,26.2,26.6,25.61,16067,41966671.0,3.76,-0.53,-0.14,3.18
2017-04-21,26.09,25.69,26.43,25.67,12065,31342102.0,2.9,-1.95,-0.51,2.38
2017-04-24,25.61,24.51,25.69,24.48,16224,40261813.0,4.71,-4.59,-1.18,3.21
2017-04-25,24.92,24.4,25.18,24.28,14194,35105034.0,3.67,-0.45,-0.11,2.81
2017-04-26,24.4,24.77,25.13,24.38,17757,43922262.0,3.07,1.52,0.37,3.51
2017-04-27,24.41,25.52,25.59,24.31,24502,61542703.0,5.17,3.03,0.75,4.84
2017-04-28,25.46,25.8,26.29,25.25,19475,50515964.0,4.08,1.1,0.28,3.85
2017-05-02,25.8,25.79,26.28,25.6,12560,32599780.0,2.64,-0.04,-0.01,2.48
2017-05-03,26.16,26.24,26.28,25.66,13932,36220242.0,2.4,1.74,0.45,2.75
2017-05-04,26.24,26.19,26.48,25.81,19082,50011004.0,2.55,-0.19,-0.05,3.77
2017-05-05,26.25,25.71,26.39,25.66,14501,37865248.0,2.79,-1.83,-0.48,2.87
2017-05-08,25.38,24.35,25.38,24.3,15774,39191555.0,4.2,-5.29,-1.36,3.12
2017-05-09,24.38,24.65,24.74,23.82,17337,42143302.0,3.78,1.23,0.3,3.43
2017-05-10,24.7,23.92,25.03,23.9,15068,37033088.0,4.58,-2.96,-0.73,2.98
2017-05-11,23.8,24.29,24.35,22.68,20775,49077014.0,6.98,1.55,0.37,4.11
2017-05-12,24.28,24.05,24.36,23.72,12979,31176674.0,2.63,-0.99,-0.24,2.57
2017-05-15,24.07,23.77,24.35,23.74,9252,22162118.0,2.54,-1.16,-0.28,1.83
2017-05-16,23.94,24.48,24.5,23.45,15323,36725452.0,4.42,2.99,0.71,3.03
2017-05-17,24.49,24.65,24.89,24.32,16781,41283296.0,2.33,0.69,0.17,3.32
2017-05-18,24.4,27.12,27.12,24.3,33163,88342083.0,11.44,10.02,2.47,6.55
2017-05-19,27.8,28.79,29.75,27.21,103281,292245568.0,9.37,6.16,1.67,20.41
2017-05-22,28.94,26.63,28.94,26.5,62880,172772424.0,8.48,-7.5,-2.16,12.43
2017-05-23,26.47,23.97,26.97,23.97,49716,126723594.0,11.27,-9.99,-2.66,9.83
2017-05-24,23.0,23.84,24.19,22.7,40785,95440205.0,6.22,-0.54,-0.13,8.06
2017-05-25,23.92,23.66,24.08,22.82,32528,76467769.0,5.29,-0.76,-0.18,6.43
2017-05-26,23.85,24.14,24.5,23.61,33126,79656792.0,3.76,2.03,0.48,6.55
2017-05-31,24.99,23.56,25.22,23.39,31958,77961206.0,7.58,-2.4,-0.58,6.32
2017-06-01,23.73,21.93,23.8,21.81,29545,67660505.0,8.45,-6.92,-1.63,5.84
2017-06-02,21.67,22.5,22.66,21.52,21116,46824870.0,5.2,2.6,0.57,4.17
2017-06-05,22.69,22.77,23.3,22.56,16715,38272231.0,3.29,1.2,0.27,3.3
2017-06-06,22.61,23.06,23.1,22.52,12046,27476402.0,2.55,1.27,0.29,2.38
2017-06-07,23.1,23.84,23.94,22.86,23295,54947905.0,4.68,3.38,0.78,4.6
2017-06-08,23.67,24.49,25.69,23.17,34756,83899070.0,10.57,2.73,0.65,6.87
2017-06-09,24.15,23.91,24.27,23.71,20902,50038193.0,2.29,-2.37,-0.58,4.13
2017-06-12,23.69,22.71,23.69,22.6,21249,48896547.0,4.56,-5.02,-1.2,4.2
2017-06-13,22.55,23.16,23.5,22.55,16656,38548682.0,4.18,1.98,0.45,3.29
2017-06-14,23.17,23.31,23.39,22.85,14863,34493204.0,2.33,0.65,0.15,2.94
2017-06-15,23.2,24.0,24.19,23.2,28473,68275044.0,4.25,2.96,0.69,5.63
2017-06-16,24.12,23.77,24.45,23.61,17267,41248776.0,3.5,-0.96,-0.23,3.41
2017-06-19,23.6,24.1,24.13,23.53,11505,27467332.0,2.52,1.39,0.33,2.27
2017-06-20,24.45,24.13,24.57,23.72,21384,51590720.0,3.53,0.12,0.03,4.23
2017-06-21,24.23,24.2,24.76,23.82,24526,59669284.0,3.9,0.29,0.07,4.85
2017-06-22,24.02,23.18,24.14,23.15,19314,45798858.0,4.09,-4.21,-1.02,3.82
2017-06-23,23.11,23.08,23.36,22.6,14678,33722676.0,3.28,-0.43,-0.1,2.9
2017-06-26,23.1,23.49,23.57,23.01,11732,27344255.0,2.43,1.78,0.41,2.32
2017-06-27,23.5,23.69,24.16,23.38,17749,42209453.0,3.32,0.85,0.2,3.51
2017-06-28,23.7,22.98,23.8,22.9,14988,34641801.0,3.8,-3.0,-0.71,2.96
2017-06-29,22.99,23.0,23.24,22.97,7386,17045143.0,1.17,0.09,0.02,1.46
2017-06-30,22.82,23.14,23.3,22.82,8083,18678397.0,2.09,0.61,0.14,1.6
2017-07-03,23.17,23.28,23.39,23.12,7439,17294265.0,1.17,0.61,0.14,1.47
2017-07-04,23.45,23.16,23.45,23.08,7153,16600534.0,1.59,-0.52,-0.12,1.41
2017-07-05,23.15,23.6,23.65,23.07,15680,36752796.0,2.5,1.9,0.44,3.1
2017-07-06,23.66,23.65,23.73,23.21,14824,34894942.0,2.2,0.21,0.05,2.93
2017-07-07,23.55,24.02,24.15,23.55,21691,51889271.0,2.54,1.56,0.37,4.29
2017-07-10,23.87,23.17,23.87,23.08,19398,45426486.0,3.29,-3.54,-0.85,3.83
2017-07-11,22.88,22.95,23.28,22.88,10647,24555119.0,1.73,-0.95,-0.22,2.1
2017-07-12,22.77,23.03,23.12,22.48,11061,25245951.0,2.79,0.35,0.08,2.19
2017-07-13,23.01,22.9,23.24,22.8,7024,16119071.0,1.91,-0.56,-0.13,1.39
2017-07-14,22.91,22.7,22.98,22.63,6384,14542395.0,1.53,-0.87,-0.2,1.26
2017-07-17,22.64,20.43,22.64,20.43,23513,49421014.0,9.74,-10.0,-2.27,4.65
2017-07-18,19.7,20.18,20.46,19.49,17348,34732354.0,4.75,-1.22,-0.25,3.43
2017-07-19,20.3,20.38,20.55,20.08,12842,26150298.0,2.33,0.99,0.2,2.54
2017-07-20,20.29,20.25,20.75,20.14,11552,23657688.0,2.99,-0.64,-0.13,2.28
2017-07-21,20.25,20.32,20.81,20.17,10020,20536610.0,3.16,0.35,0.07,1.98
2017-07-24,20.35,20.67,20.7,20.0,12099,24639811.0,3.44,1.72,0.35,2.39
2017-07-25,20.47,21.05,21.15,20.35,14195,29412480.0,3.87,1.84,0.38,2.81
2017-07-26,21.0,20.82,21.0,20.56,9003,18677843.0,2.09,-1.09,-0.23,1.78
2017-07-27,20.44,21.08,21.27,20.44,13128,27630765.0,3.99,1.25,0.26,2.59
2017-07-28,21.06,20.96,21.18,20.92,10099,21224126.0,1.23,-0.57,-0.12,2.0
2017-07-31,20.96,20.98,21.18,20.8,7083,14847985.0,1.81,0.1,0.02,1.4
2017-08-01,20.83,21.65,21.99,20.83,23861,51084500.0,5.53,3.19,0.67,4.72
2017-08-02,21.5,21.17,21.5,21.05,16278,34617950.0,2.08,-2.22,-0.48,3.22
2017-08-03,21.07,21.21,21.65,21.07,13357,28547613.0,2.74,0.19,0.04,2.64
2017-08-04,21.02,21.17,21.49,20.71,11160,23377845.0,3.68,-0.19,-0.04,2.21
2017-08-07,21.17,21.32,21.48,21.03,7551,16096614.0,2.13,0.71,0.15,1.49
2017-08-08,21.33,21.37,21.48,21.1,8438,17959081.0,1.78,0.23,0.05,1.67
2017-08-09,21.3,21.4,21.5,21.23,6958,14861509.0,1.26,0.14,0.03,1.38
2017-08-10,21.41,22.05,22.77,21.38,34747,76257574.0,6.5,3.04,0.65,6.87
2017-08-11,21.79,22.2,22.58,21.34,29695,64940366.0,5.62,0.68,0.15,5.87
2017-08-14,22.0,23.24,23.5,22.0,40918,94211201.0,6.76,4.68,1.04,8.09
2017-08-15,23.49,22.87,23.5,22.8,18263,42020951.0,3.01,-1.59,-0.37,3.61
2017-08-16,22.8,22.87,23.08,22.6,14636,33489430.0,2.1,0.0,0.0,2.89
2017-08-17,22.78,22.96,22.99,22.38,14905,33887924.0,2.67,0.39,0.09,2.95
2017-08-18,22.65,22.33,22.93,22.3,10934,24672532.0,2.74,-2.74,-0.63,2.16
2017-08-21,22.4,22.55,22.79,22.12,7356,16552288.0,3.0,0.99,0.22,1.45
2017-08-22,22.55,22.53,22.77,22.32,7600,17121014.0,2.0,-0.09,-0.02,1.5
2017-08-23,22.6,22.5,22.6,22.12,7630,17068985.0,2.13,-0.13,-0.03,1.51
2017-08-24,22.4,22.38,22.59,22.28,7827,17511153.0,1.38,-0.53,-0.12,1.55
2017-08-25,22.35,22.52,22.67,22.28,10598,23885527.0,1.74,0.63,0.14,2.09
2017-08-28,22.72,22.69,23.17,22.47,15372,35030694.0,3.11,0.75,0.17,3.04
2017-08-29,22.69,22.95,23.16,22.6,18055,41425942.0,2.47,1.15,0.26,3.57
2017-08-30,23.0,22.44,23.0,22.41,16924,38161881.0,2.57,-2.22,-0.51,3.34
2017-08-31,22.27,22.75,22.96,22.27,13805,31219740.0,3.07,1.38,0.31,2.73
2017-09-01,22.65,23.15,23.26,22.65,23161,53228810.0,2.68,1.76,0.4,4.58
2017-09-04,23.08,23.13,23.3,22.89,12810,29578202.0,1.77,-0.09,-0.02,2.53
2017-09-05,23.1,23.19,23.34,22.9,13281,30705090.0,1.9,0.26,0.06,2.62
2017-09-06,23.25,23.07,23.26,22.98,11835,27344300.0,1.21,-0.52,-0.12,2.34
2017-09-07,23.09,23.64,23.85,22.86,27805,65217592.0,4.29,2.47,0.57,5.5
2017-09-08,23.64,23.88,23.9,23.44,18198,43067997.0,1.95,1.02,0.24,3.6
2017-09-11,23.91,24.45,24.68,23.89,20285,49296346.0,3.31,2.39,0.57,4.01
2017-09-12,24.44,23.92,24.56,23.84,18139,43587236.0,2.94,-2.17,-0.53,3.58
2017-09-13,23.8,24.21,24.29,23.51,13002,31122715.0,3.26,1.21,0.29,2.57
2017-09-14,24.01,24.22,24.6,24.01,16723,40660681.0,2.44,0.04,0.01,3.3
2017-09-15,24.21,26.15,26.6,24.11,57235,147646126.0,10.28,7.97,1.93,11.31
2017-09-18,26.03,26.24,26.3,25.7,36882,96129908.0,2.29,0.34,0.09,7.29
2017-09-19,26.24,25.78,26.48,25.72,16563,42977358.0,2.9,-1.75,-0.46,3.27
2017-09-20,25.7,26.11,26.4,25.13,29258,76038794.0,4.93,1.28,0.33,5.78
2017-09-21,26.1,25.95,26.2,25.45,18364,47403816.0,2.87,-0.61,-0.16,3.63
2017-09-22,25.67,25.65,26.15,25.4,9465,24260043.0,2.89,-1.16,-0.3,1.87
2017-09-25,25.62,24.9,25.62,24.55,11671,29306618.0,4.17,-2.92,-0.75,2.31
2017-09-26,24.76,25.32,25.5,24.71,9528,23892543.0,3.17,1.69,0.42,1.88
2017-09-27,25.4,25.72,25.86,25.07,8786,22296943.0,3.12,1.58,0.4,1.74
2017-09-28,25.51,26.04,26.08,25.27,12650,32560622.0,3.15,1.24,0.32,2.5
2017-09-29,26.3,26.0,26.5,25.81,14580,38134019.0,2.65,-0.15,-0.04,2.88
2017-10-09,26.1,25.95,26.5,25.52,11360,29475462.0,3.77,-0.19,-0.05,2.25
2017-10-10,26.0,25.77,26.16,25.55,7776,19983157.0,2.35,-0.69,-0.18,1.54
2017-10-11,26.0,26.49,26.5,25.56,18904,49283018.0,3.65,2.79,0.72,3.74
2017-10-12,26.49,26.88,27.15,26.2,26850,71778443.0,3.59,1.47,0.39,5.31
2017-10-13,26.9,26.76,27.15,26.37,13074,34900506.0,2.9,-0.45,-0.12,2.58
2017-10-16,27.15,26.76,27.15,26.21,13360,35607193.0,3.51,0.0,0.0,2.64
2017-10-17,26.89,26.81,26.95,26.26,9745,25953132.0,2.58,0.19,0.05,1.93
2017-10-18,26.5,24.67,26.5,24.5,22573,57570986.0,7.46,-7.98,-2.14,4.46
2017-10-19,24.85,25.22,25.6,23.4,18666,45135325.0,8.92,2.23,0.55,3.69
2017-10-20,24.74,25.14,25.33,24.5,7076,17648255.0,3.29,-0.32,-0.08,1.4
2017-10-23,25.1,24.99,25.29,24.7,8991,22417367.0,2.35,-0.6,-0.15,1.78
2017-10-24,24.76,24.7,25.12,24.59,4150,10278311.0,2.12,-1.16,-0.29,0.82
2017-10-25,24.98,24.23,24.98,24.2,11657,28588189.0,3.16,-1.9,-0.47,1.34
2017-10-26,24.0,23.56,24.0,23.0,21714,51134535.0,4.13,-2.77,-0.67,2.49
2017-10-27,23.65,23.54,23.98,23.5,9322,22066879.0,2.04,-0.08,-0.02,1.07
2017-10-30,23.39,24.02,24.05,22.61,14917,34763877.0,6.12,2.04,0.48,1.71
2017-10-31,24.0,24.15,24.28,23.6,11192,26803958.0,2.83,0.54,0.13,1.28
2017-11-01,24.1,24.34,24.7,24.02,13786,33604231.0,2.82,0.79,0.19,1.58
2017-11-02,24.55,24.49,25.0,24.16,14086,34566260.0,3.45,0.62,0.15,1.61
2017-11-03,24.38,24.18,24.49,23.8,8587,20702087.0,2.82,-1.27,-0.31,0.98
2017-11-06,24.4,23.93,24.45,23.6,4973,11879563.0,3.52,-1.03,-0.25,0.57
2017-11-07,24.2,23.53,24.3,23.42,13236,31287806.0,3.68,-1.67,-0.4,1.52
2017-11-08,23.55,23.28,23.75,23.26,17246,40523850.0,2.08,-1.06,-0.25,1.98
2017-11-09,23.5,23.55,23.62,23.18,6197,14537069.0,1.89,1.16,0.27,0.71
2017-11-10,23.55,23.57,23.71,23.44,11170,26350438.0,1.15,0.08,0.02,1.28
2017-11-13,23.6,24.13,24.36,23.6,14329,34447054.0,3.22,2.38,0.56,1.64
2017-11-14,24.13,23.95,24.5,23.9,16475,39776539.0,2.49,-0.75,-0.18,1.89
2017-11-15,23.86,23.94,24.35,23.7,5918,14209046.0,2.71,-0.04,-0.01,0.68
2017-11-16,23.95,23.72,24.24,23.7,5001,11925224.0,2.26,-0.92,-0.22,0.57
2017-11-17,23.7,22.47,23.9,22.38,9279,21319243.0,6.41,-5.27,-1.25,1.06
2017-11-20,22.31,22.45,22.8,21.6,9068,19971788.0,5.34,-0.09,-0.02,1.04
2017-11-21,21.5,22.99,23.06,21.5,6295,14303151.0,6.95,2.41,0.54,0.72
2017-11-22,23.21,22.95,23.36,22.71,5875,13596643.0,2.83,-0.17,-0.04,0.67
2017-11-23,23.15,22.26,23.15,22.2,4793,10834918.0,4.14,-3.01,-0.69,0.55
2017-11-24,22.28,22.49,22.87,22.13,3801,8587875.0,3.32,1.03,0.23,0.44
2017-11-27,22.56,22.91,23.22,22.35,4773,10970949.0,3.87,1.87,0.42,0.55
2017-11-28,22.91,23.17,23.35,22.85,2448,5661390.0,2.18,1.13,0.26,0.28
2017-11-29,22.91,22.99,23.35,22.9,2534,5835441.0,1.94,-0.78,-0.18,0.29
2017-11-30,23.04,23.06,23.31,22.78,3343,7702344.0,2.31,0.3,0.07,0.38
2017-12-01,23.16,23.85,23.86,22.67,14540,34017777.0,5.16,3.43,0.79,1.67
2017-12-04,23.85,23.28,23.98,23.0,6794,15927891.0,4.11,-2.39,-0.57,0.78
2017-12-05,23.05,22.22,23.27,22.2,6080,13715621.0,4.6,-4.55,-1.06,0.7
2017-12-06,22.0,22.71,22.99,22.0,4723,10578012.0,4.46,2.21,0.49,0.54
2017-12-07,22.71,22.79,22.86,22.41,3064,6939938.0,1.98,0.35,0.08,0.35
2017-12-08,22.5,22.84,22.99,22.5,1997,4558534.0,2.15,0.22,0.05,0.23
2017-12-11,22.84,22.65,22.9,22.61,3024,6875341.0,1.27,-0.83,-0.19,0.35
2017-12-12,22.66,23.02,23.32,22.45,16103,36642421.0,3.84,1.63,0.37,1.84
2017-12-13,22.95,22.72,22.95,22.4,5038,11377056.0,2.39,-1.3,-0.3,0.58
2017-12-14,22.9,22.75,22.92,22.38,2981,6733057.0,2.38,0.13,0.03,0.34
2017-12-15,22.48,22.71,22.77,22.38,3152,7117145.0,1.71,-0.18,-0.04,0.36
2017-12-18,22.71,22.64,22.71,22.26,3626,8148317.0,1.98,-0.31,-0.07,0.42
2017-12-19,22.65,22.61,22.66,22.39,2578,5806180.0,1.19,-0.13,-0.03,0.3
2017-12-20,22.55,22.56,22.66,22.25,2991,6713095.0,1.81,-0.22,-0.05,0.34
2017-12-21,22.65,22.59,22.66,22.35,2110,4746518.0,1.37,0.13,0.03,0.24
2017-12-22,22.55,22.28,22.62,22.25,1867,4191642.0,1.64,-1.37,-0.31,0.21
2017-12-25,22.22,22.96,22.98,21.48,13940,31268984.0,6.73,3.05,0.68,1.6
2017-12-26,22.5,22.44,22.84,22.0,18585,41560121.0,3.66,-2.26,-0.52,2.13
2017-12-27,22.44,21.99,22.44,21.78,8374,18485433.0,2.94,-2.01,-0.45,0.96
2017-12-28,21.98,21.73,22.28,21.6,3638,7981671.0,3.09,-1.18,-0.26,0.42
2017-12-29,21.75,22.08,22.17,21.73,3377,7424595.0,2.02,1.61,0.35,0.39
2018-01-02,21.92,22.03,22.14,21.92,9361,20621502.0,1.0,-0.23,-0.05,1.07
2018-01-03,22.09,21.98,22.1,21.8,5349,11733238.0,1.36,-0.23,-0.05,0.61
2018-01-04,21.82,21.83,22.05,21.8,3084,6748129.0,1.14,-0.68,-0.15,0.35
2018-01-05,21.98,21.77,21.98,21.73,2254,4912156.0,1.15,-0.27,-0.06,0.26
2018-01-08,21.86,21.91,22.0,21.64,4450,9726550.0,1.65,0.64,0.14,0.51
2018-01-09,21.92,21.78,22.15,21.76,3237,7130619.0,1.78,-0.59,-0.13,0.37
2018-01-10,21.81,21.68,22.14,21.45,5362,11602568.0,3.17,-0.46,-0.1,0.61
2018-01-11,21.6,21.56,21.64,21.31,3097,6661248.0,1.52,-0.55,-0.12,0.35
2018-01-12,21.68,21.59,21.68,21.48,2394,5158089.0,0.93,0.14,0.03,0.27
2018-01-15,21.78,22.04,22.35,21.65,16465,36500033.0,3.24,2.08,0.45,1.89
2018-05-02,19.85,19.84,21.0,19.84,25421,50578023.0,5.26,-9.98,-2.2,2.91
2018-05-03,19.84,20.08,20.26,17.9,40402,75390638.0,11.9,1.21,0.24,4.63
2018-05-04,19.1,19.92,19.99,19.0,31566,61898413.0,4.93,-0.8,-0.16,3.62
2018-05-07,19.8,19.91,20.18,19.69,9968,19789340.0,2.46,-0.05,-0.01,1.14
2018-05-08,20.0,19.9,20.0,19.66,14149,28036172.0,1.71,-0.05,-0.01,1.62
2018-05-09,19.31,19.98,20.2,19.31,16950,33837280.0,4.47,0.4,0.08,1.94
2018-05-10,19.98,19.86,20.0,19.8,7240,14382570.0,1.0,-0.6,-0.12,0.83
2018-05-11,19.91,19.93,20.09,19.8,6422,12768964.0,1.46,0.35,0.07,0.74
2018-05-14,20.0,19.84,20.08,19.7,6240,12401704.0,1.91,-0.45,-0.09,0.71
2018-05-15,19.89,19.84,19.98,19.5,7445,14718128.0,2.42,0.0,0.0,0.85
2018-05-16,19.85,19.78,19.92,19.61,5439,10757904.0,1.56,-0.3,-0.06,0.62
2018-05-17,19.85,19.79,19.86,19.65,4544,8961949.0,1.06,0.05,0.01,0.52
2018-05-18,19.81,19.8,19.88,19.65,4547,8979826.0,1.16,0.05,0.01,0.52
2018-05-21,19.82,19.83,19.94,19.7,3705,7344708.0,1.21,0.15,0.03,0.42
2018-05-22,19.8,19.71,19.85,19.62,3760,7415674.0,1.16,-0.61,-0.12,0.43
2018-05-23,19.75,19.78,19.8,19.65,3864,7632913.0,0.76,0.36,0.07,0.44
2018-05-24,19.8,19.84,19.85,19.68,4584,9053252.0,0.86,0.3,0.06,0.53
2018-05-25,19.81,19.74,19.81,19.6,3171,6238212.0,1.06,-0.5,-0.1,0.36
2018-05-28,19.74,19.72,19.77,19.5,4609,9049829.0,1.37,-0.1,-0.02,0.53
2018-05-29,19.74,19.66,19.77,19.51,3408,6679840.0,1.32,-0.3,-0.06,0.39
2018-05-30,19.5,19.54,19.65,18.62,7879,15142527.0,5.24,-0.61,-0.12,0.9
2018-05-31,19.53,19.53,19.58,19.3,3451,6729009.0,1.43,-0.05,-0.01,0.4
2018-06-01,19.6,19.53,19.6,19.41,2156,4209953.0,0.97,0.0,0.0,0.25
2018-06-04,19.45,19.53,19.68,19.35,2988,5831432.0,1.69,0.0,0.0,0.34
2018-06-05,19.53,19.43,19.55,19.23,13988,27218387.0,1.64,-0.51,-0.1,1.6
2018-06-06,19.41,19.29,19.42,19.28,3970,7670046.0,0.72,-0.72,-0.14,0.45
2018-06-07,19.3,19.2,19.38,19.15,2402,4621647.0,1.19,-0.47,-0.09,0.28
2018-06-08,14.87,14.55,14.97,14.3,2896,4230198.0,3.49,-24.22,-4.65,0.26
2018-06-11,14.53,14.0,14.53,13.3,4238,5925957.0,8.45,-3.78,-0.55,0.37
2018-06-12,13.7,13.66,13.99,13.61,3878,5323639.0,2.71,-2.43,-0.34,0.34
2018-06-13,13.8,13.59,13.8,13.35,5664,7645258.0,3.29,-0.51,-0.07,0.5
2018-06-14,13.59,13.15,13.59,13.13,4456,5924955.0,3.38,-3.24,-0.44,0.39
2018-06-15,13.15,13.39,13.5,11.84,26308,32994396.0,12.62,1.83,0.24,2.32
2018-06-19,12.94,12.05,12.94,12.05,15720,19588280.0,6.65,-10.01,-1.34,1.39
2018-06-20,10.85,10.85,10.85,10.85,18364,19924940.0,0.0,-9.96,-1.2,1.62
2018-06-21,9.77,10.22,10.57,9.77,160117,157081472.0,7.37,-5.81,-0.63,14.11
2018-06-22,9.77,9.88,10.17,9.29,57309,55752754.0,8.61,-3.33,-0.34,5.05
2018-06-25,9.9,9.5,10.0,9.48,22321,21700587.0,5.26,-3.85,-0.38,1.97
2018-06-26,9.5,9.76,9.8,9.37,16807,16248774.0,4.53,2.74,0.26,1.48
2018-06-27,9.78,9.78,9.96,9.5,16705,16223352.0,4.71,0.2,0.02,1.47
2018-06-28,9.66,9.75,9.8,9.58,18725,18237534.0,2.25,-0.31,-0.03,1.65
2018-06-29,9.75,9.85,9.94,9.67,25844,25354670.0,2.77,1.03,0.1,2.28
2018-07-02,9.9,10.03,10.25,9.82,24126,24228312.0,4.37,1.83,0.18,2.13
2018-07-03,9.78,10.07,10.17,9.78,16671,16702591.0,3.89,0.4,0.04,1.47
2018-07-04,10.02,9.94,10.1,9.88,18097,18029325.0,2.18,-1.29,-0.13,1.59
2018-07-05,9.96,9.83,9.96,9.59,14351,13979171.0,3.72,-1.11,-0.11,1.26
2018-07-06,9.84,9.73,9.84,9.4,12954,12503361.0,4.48,-1.02,-0.1,1.14
2018-07-09,9.71,9.78,9.82,9.67,9289,9071938.0,1.54,0.51,0.05,0.82
2018-07-10,9.79,9.79,9.84,9.68,8709,8510736.0,1.64,0.1,0.01,0.77
2018-07-11,10.77,10.77,10.77,10.65,96881,104336974.0,1.23,10.01,0.98,8.54
2018-07-12,10.99,11.85,11.85,10.77,135518,152247154.0,10.03,10.03,1.08,11.94
2018-07-13,12.36,12.22,13.0,11.8,160126,198174118.0,10.13,3.12,0.37,14.11
2018-07-16,11.51,11.25,11.86,11.0,96865,109600266.0,7.04,-7.94,-0.97,8.54
2018-07-17,11.0,11.17,11.25,10.82,55882,61728923.0,3.82,-0.71,-0.08,4.92
2018-07-18,11.03,10.84,11.1,10.82,45846,50210970.0,2.51,-2.95,-0.33,4.04
2018-07-19,10.79,10.57,10.94,10.43,40511,43109880.0,4.7,-2.49,-0.27,3.57
2018-07-20,10.52,10.67,10.8,10.52,32967,35101959.0,2.65,0.95,0.1,2.9
2018-07-23,10.65,10.52,10.67,10.36,39332,41140252.0,2.91,-1.41,-0.15,3.47
2018-07-24,10.49,10.72,10.76,10.39,45010,47797046.0,3.52,1.9,0.2,3.97
2018-07-25,10.75,10.67,10.9,10.59,40678,43622816.0,2.89,-0.47,-0.05,3.58
2018-07-26,10.63,10.84,10.94,10.39,58621,62714566.0,5.15,1.59,0.17,5.17
2018-07-27,10.78,10.41,10.78,10.33,35067,37129039.0,4.15,-3.97,-0.43,3.09
2018-07-30,10.34,9.9,10.34,9.85,38273,38460312.0,4.71,-4.9,-0.51,3.37
2018-07-31,9.93,10.06,10.14,9.92,16826,16854696.0,2.22,1.62,0.16,1.48
2018-08-01,10.09,9.9,10.17,9.84,21898,21870931.0,3.28,-1.59,-0.16,1.93
2018-08-02,9.99,9.57,9.99,9.32,27428,26139697.0,6.77,-3.33,-0.33,2.42
2018-08-03,9.56,9.58,9.63,9.37,15809,15029813.0,2.72,0.1,0.01,1.39
2018-08-06,9.45,9.52,9.62,9.37,14650,13874891.0,2.61,-0.63,-0.06,1.29
2018-08-07,9.46,9.77,9.79,9.42,14608,14043315.0,3.89,2.63,0.25,1.29
2018-08-08,9.7,9.54,9.84,9.51,14747,14281074.0,3.38,-2.35,-0.23,1.3
2018-08-09,9.49,9.66,9.74,9.43,17854,17265392.0,3.25,1.26,0.12,1.57
2018-08-10,9.65,9.76,9.76,9.64,14713,14274693.0,1.24,1.04,0.1,1.3
2018-08-13,9.59,9.82,9.85,9.48,12701,12289735.0,3.79,0.61,0.06,1.12
2018-08-14,9.88,9.76,9.88,9.72,11390,11150765.0,1.63,-0.61,-0.06,1.0
2018-08-15,9.76,9.54,9.76,9.53,12476,11988395.0,2.36,-2.25,-0.22,1.1
2018-08-16,9.45,9.36,9.45,9.21,14114,13208223.0,2.52,-1.89,-0.18,1.24
2018-08-17,9.42,9.15,9.49,9.15,11928,11146405.0,3.63,-2.24,-0.21,1.05
2018-08-20,9.14,9.16,9.25,9.0,10695,9746951.0,2.73,0.11,0.01,0.94
2018-08-21,9.16,9.24,9.25,9.11,8515,7834776.0,1.53,0.87,0.08,0.75
2018-08-22,9.21,9.15,9.28,9.1,7897,7246535.0,1.95,-0.97,-0.09,0.7
2018-08-23,9.15,9.25,9.28,9.11,6241,5750970.0,1.86,1.09,0.1,0.55
2018-08-24,9.25,9.27,9.32,9.17,8613,7970926.0,1.62,0.22,0.02,0.76
2018-08-27,9.3,9.49,9.54,9.24,12482,11734120.0,3.24,2.37,0.22,1.1
2018-08-28,9.49,9.38,9.55,9.34,12212,11533316.0,2.21,-1.16,-0.11,1.08
2018-08-29,9.44,9.31,9.44,9.27,7022,6559539.0,1.81,-0.75,-0.07,0.62
2018-08-30,9.16,9.19,9.33,9.16,8047,7422803.0,1.83,-1.29,-0.12,0.71
2018-08-31,9.15,9.02,9.2,9.02,7863,7128660.0,1.96,-1.85,-0.17,0.69
2018-09-03,9.03,8.86,9.09,8.7,11240,9976031.0,4.32,-1.77,-0.16,0.99
2018-09-04,8.95,9.04,9.15,8.9,9351,8426170.0,2.82,2.03,0.18,0.82
2018-09-05,9.1,9.29,9.36,9.02,20048,18524047.0,3.76,2.77,0.25,1.77
2018-09-13,9.5,10.22,10.22,9.32,109299,111228244.0,9.69,10.01,0.93,9.63
2018-09-14,10.27,11.24,11.24,10.23,113871,123475134.0,9.88,9.98,1.02,10.03
2018-09-17,11.25,10.74,11.5,10.34,147139,159803766.0,10.32,-4.45,-0.5,12.97
2018-09-18,10.74,10.4,10.75,10.01,137016,141714484.0,6.89,-3.17,-0.34,12.07
2018-09-19,10.2,10.78,11.35,10.1,167144,177284604.0,12.02,3.65,0.38,14.73
2018-09-20,10.51,10.32,10.68,10.28,108539,113534160.0,3.71,-4.27,-0.46,9.56
2018-09-21,10.14,11.35,11.35,10.12,172701,189286045.0,11.92,9.98,1.03,15.22
2018-09-25,11.95,11.41,12.48,11.37,256908,301835392.0,9.78,0.53,0.06,22.64
2018-09-26,11.1,11.24,11.57,11.03,142809,160011182.0,4.73,-1.49,-0.17,12.58
2018-09-27,11.04,10.68,11.15,10.67,108814,118449842.0,4.27,-4.98,-0.56,9.59
2018-09-28,10.8,10.77,10.83,10.43,73486,78340416.0,3.75,0.84,0.09,6.48
2018-10-08,10.43,10.52,10.67,10.31,43448,45696579.0,3.34,-2.32,-0.25,3.83
2018-10-09,10.58,10.56,10.62,10.38,37463,39327288.0,2.28,0.38,0.04,3.3
2018-10-10,10.67,10.64,10.68,10.36,46350,48896216.0,3.03,0.76,0.08,4.08
2018-10-11,10.13,9.58,10.17,9.58,54011,52742777.0,5.55,-9.96,-1.06,4.76
2018-10-12,9.0,8.69,9.01,8.62,84340,73795836.0,4.07,-9.29,-0.89,7.43
2018-10-15,8.68,8.44,8.85,8.41,39598,34167371.0,5.06,-2.88,-0.25,3.49
2018-10-16,8.45,8.23,8.57,8.09,37747,31483136.0,5.69,-2.49,-0.21,3.33
2018-10-17,8.35,8.01,8.43,7.72,52751,42191453.0,8.63,-2.67,-0.22,4.65
2018-10-18,8.01,7.39,8.01,7.38,46955,36162236.0,7.87,-7.74,-0.62,4.14
2018-10-19,7.18,7.64,7.72,7.11,44165,33226798.0,8.25,3.38,0.25,3.89
2018-10-22,7.88,8.31,8.34,7.8,65357,52800978.0,7.07,8.77,0.67,5.76
2018-10-23,8.28,7.99,8.37,7.93,50383,40877550.0,5.29,-3.85,-0.32,4.44
2018-10-24,8.02,8.06,8.25,8.02,25312,20553654.0,2.88,0.88,0.07,2.23
2018-10-25,7.87,8.11,8.21,7.64,34390,27387160.0,7.07,0.62,0.05,3.03
2018-10-26,8.16,8.14,8.28,8.07,31510,25761760.0,2.59,0.37,0.03,2.78
2018-10-29,8.26,8.22,8.33,8.06,35203,28894032.0,3.32,0.98,0.08,3.1
2018-10-30,8.22,8.41,8.43,8.01,43550,35911783.0,5.11,2.31,0.19,3.84
2018-10-31,8.43,8.32,8.48,8.24,37629,31394347.0,2.85,-1.07,-0.09,3.32
2018-11-01,8.32,8.21,8.48,8.21,38168,31761526.0,3.25,-1.32,-0.11,3.36
2018-11-02,8.31,8.42,8.46,8.26,47236,39615708.0,2.44,2.56,0.21,4.16
2018-11-05,8.65,8.52,8.69,8.36,41877,35581186.0,3.92,1.19,0.1,3.69
2018-11-06,8.47,8.44,8.5,8.22,29239,24462156.0,3.29,-0.94,-0.08,2.58
2018-11-07,8.45,8.35,8.57,8.31,30982,26166255.0,3.08,-1.07,-0.09,2.73
2018-11-08,8.39,8.37,8.51,8.31,22823,19210580.0,2.4,0.24,0.02,2.01
2018-11-09,8.25,8.25,8.45,8.23,20430,16957957.0,2.63,-1.43,-0.12,1.8
2018-11-12,8.22,8.61,8.65,8.22,37373,31769276.0,5.21,4.36,0.36,3.29
2018-11-13,8.6,8.72,8.8,8.48,42119,36495890.0,3.72,1.28,0.11,3.71
2018-11-14,8.73,8.81,9.04,8.67,56135,49744382.0,4.24,1.03,0.09,4.95
2018-11-15,8.79,9.04,9.07,8.76,35953,32141420.0,3.52,2.61,0.23,3.17
2018-11-16,9.09,8.92,9.18,8.85,50615,45431156.0,3.65,-1.33,-0.12,4.46
2018-11-19,8.9,8.96,9.06,8.87,35886,32141533.0,2.13,0.45,0.04,3.16
2018-11-20,8.92,8.6,9.07,8.58,41033,36355169.0,5.47,-4.02,-0.36,3.62
2018-11-21,8.46,8.98,9.0,8.46,41157,36118968.0,6.28,4.42,0.38,3.63
2018-11-22,8.99,8.82,9.05,8.78,33818,29984433.0,3.01,-1.78,-0.16,2.98
2018-11-23,8.88,8.2,8.9,8.2,39301,33297753.0,7.94,-7.03,-0.62,3.46
2018-11-26,8.18,8.23,8.32,8.17,20151,16621127.0,1.83,0.37,0.03,1.78
2018-11-27,8.36,8.24,8.36,8.16,15728,12979469.0,2.43,0.12,0.01,1.39
2018-11-28,8.24,8.4,8.46,8.07,24964,20620548.0,4.73,1.94,0.16,2.2
2018-11-29,8.42,8.16,8.5,8.1,22503,18725501.0,4.76,-2.86,-0.24,1.98
2018-11-30,8.25,8.44,8.69,8.1,48762,41079733.0,7.23,3.43,0.28,4.3
2018-12-03,8.65,8.72,8.84,8.5,64811,56181935.0,4.03,3.32,0.28,5.71
2018-12-04,8.74,8.8,8.8,8.58,41126,35733087.0,2.52,0.92,0.08,3.62
2018-12-05,8.5,8.62,8.79,8.46,26602,22898119.0,3.75,-2.05,-0.18,2.34
2018-12-06,8.6,8.53,8.65,8.44,23786,20341397.0,2.44,-1.04,-0.09,2.1
2018-12-07,8.53,8.41,8.6,8.38,18155,15340062.0,2.58,-1.41,-0.12,1.6
2018-12-10,8.27,8.37,8.44,8.18,18116,15051919.0,3.09,-0.48,-0.04,1.6
2018-12-11,8.39,8.36,8.45,8.31,13539,11324549.0,1.67,-0.12,-0.01,1.19
2018-12-12,8.35,8.44,8.5,8.35,15398,12949952.0,1.79,0.96,0.08,1.36
2018-12-13,8.4,8.6,8.77,8.31,37590,32353132.0,5.45,1.9,0.16,3.31
2018-12-14,8.53,8.28,8.66,8.27,24685,20849802.0,4.53,-3.72,-0.32,2.18
2018-12-17,8.22,8.34,8.36,8.2,14124,11719261.0,1.93,0.72,0.06,1.24
2018-12-18,8.26,8.62,8.74,8.2,42304,36108911.0,6.47,3.36,0.28,3.73
2018-12-19,8.54,8.38,8.61,8.35,23408,19747201.0,3.02,-2.78,-0.24,2.06
2018-12-20,8.25,8.39,8.59,8.24,19052,15959903.0,4.18,0.12,0.01,1.68
2018-12-21,8.41,8.3,8.46,8.19,16244,13476507.0,3.22,-1.07,-0.09,1.43
2018-12-24,8.23,8.29,8.33,8.21,16225,13440022.0,1.45,-0.12,-0.01,1.43
2018-12-25,8.21,8.21,8.35,7.96,29406,24007251.0,4.7,-0.97,-0.08,2.59
2018-12-26,8.21,8.19,8.34,8.13,17832,14693258.0,2.56,-0.24,-0.02,1.57
2018-12-27,8.26,8.17,8.3,7.95,18375,15024914.0,4.27,-0.24,-0.02,1.62
2018-12-28,8.17,7.95,8.24,7.88,24721,19927176.0,4.41,-2.69,-0.22,2.18
2019-01-02,7.98,7.91,8.1,7.91,12967,10349623.0,2.39,-0.5,-0.04,1.14
2019-01-03,7.91,7.97,8.08,7.9,14274,11422143.0,2.28,0.76,0.06,1.26
2019-01-04,7.86,8.11,8.17,7.81,12003,9659226.0,4.52,1.76,0.14,1.06
2019-01-07,8.13,8.27,8.35,8.12,17682,14580736.0,2.84,1.97,0.16,1.56
2019-01-08,8.3,8.34,8.43,8.23,18591,15476278.0,2.42,0.85,0.07,1.64
2019-01-09,8.33,8.27,8.53,8.27,20470,17217057.0,3.12,-0.84,-0.07,1.8
2019-01-10,8.24,8.37,8.45,8.24,15697,13092896.0,2.54,1.21,0.1,1.38
2019-01-11,8.33,8.4,8.45,8.33,12960,10878642.0,1.43,0.36,0.03,1.14
2019-01-14,8.5,8.66,8.8,8.4,37951,32813854.0,4.76,3.1,0.26,3.34
2019-01-15,8.67,8.6,8.67,8.42,20945,17897133.0,2.89,-0.69,-0.06,1.85
2019-01-16,8.6,8.37,8.6,8.33,34428,28899763.0,3.14,-2.67,-0.23,3.03
2019-01-17,8.38,8.25,8.4,8.2,16608,13815562.0,2.39,-1.43,-0.12,1.46
2019-01-18,8.23,8.31,8.32,8.21,15583,12887239.0,1.33,0.73,0.06,1.37
2019-01-21,8.35,8.3,8.36,8.24,11096,9220770.0,1.44,-0.12,-0.01,0.98
2019-01-22,8.33,8.46,8.49,8.22,23241,19443601.0,3.25,1.93,0.16,2.05
2019-01-23,8.39,8.29,8.39,8.24,17215,14296869.0,1.77,-2.01,-0.17,1.52
2019-01-24,8.27,8.35,8.37,8.23,14619,12160191.0,1.69,0.72,0.06,1.29
2019-01-25,8.35,8.21,8.37,8.17,12314,10207086.0,2.4,-1.68,-0.14,1.09
2019-01-28,8.31,8.25,8.41,8.19,15707,13041597.0,2.68,0.49,0.04,1.38
2019-01-29,8.29,8.16,8.31,7.43,25917,20769038.0,10.67,-1.09,-0.09,2.28
2019-01-30,8.13,8.13,8.24,8.0,16824,13646766.0,2.94,-0.37,-0.03,1.48
2019-01-31,8.13,7.94,8.19,7.68,21225,16914944.0,6.27,-2.34,-0.19,1.87
2019-02-01,7.94,8.13,8.22,7.94,12714,10323301.0,3.53,2.39,0.19,1.12
2019-02-11,8.07,8.28,8.29,8.07,8154,6724359.0,2.71,1.85,0.15,0.72
2019-02-12,8.28,8.39,8.47,8.28,14017,11739563.0,2.29,1.33,0.11,1.24
2019-02-13,8.4,8.48,8.54,8.35,23657,20045929.0,2.26,1.07,0.09,2.08
2019-02-14,8.43,8.51,8.55,8.43,15628,13284611.0,1.42,0.35,0.03,1.38
2019-02-15,8.57,8.48,8.57,8.45,11857,10077404.0,1.41,-0.35,-0.03,1.04
2019-02-18,8.48,8.69,8.7,8.48,21028,18156370.0,2.59,2.48,0.21,1.85
2019-02-19,8.71,8.59,8.75,8.52,23669,20439134.0,2.65,-1.15,-0.1,2.09
2019-02-20,8.63,9.29,9.44,8.5,84978,77260432.0,10.94,8.15,0.7,7.49
2019-02-21,9.15,9.07,9.22,9.02,56744,51661391.0,2.15,-2.37,-0.22,5.0
2019-02-22,9.1,9.11,9.12,8.91,32497,29315200.0,2.32,0.44,0.04,2.86
2019-02-25,9.27,9.4,9.5,9.07,60225,56115674.0,4.72,3.18,0.29,5.31
2019-02-26,9.36,9.39,9.72,9.32,54726,51909512.0,4.26,-0.11,-0.01,4.82
2019-02-27,9.29,9.3,9.49,9.26,34560,32304980.0,2.45,-0.96,-0.09,3.05
2019-02-28,9.28,9.34,9.43,9.28,27491,25652835.0,1.61,0.43,0.04,2.42
2019-03-01,9.36,9.3,9.42,9.16,29425,27194543.0,2.78,-0.43,-0.04,2.59
2019-03-04,9.38,9.37,9.52,9.3,44830,42192916.0,2.37,0.75,0.07,3.95
2019-03-05,9.36,9.58,9.59,9.35,36596,34693264.0,2.56,2.24,0.21,3.22
2019-03-06,9.63,10.03,10.1,9.58,70859,69992067.0,5.43,4.7,0.45,6.24
2019-03-07,10.01,10.08,10.17,9.82,56814,56777220.0,3.49,0.5,0.05,5.01
2019-03-08,9.9,9.46,9.94,9.27,49075,47540578.0,6.65,-6.15,-0.62,4.32
2019-03-11,9.48,9.81,9.81,9.48,28239,27333598.0,3.49,3.7,0.35,2.49
2019-03-12,9.88,10.0,10.21,9.82,51727,51883649.0,3.98,1.94,0.19,4.56
2019-03-13,10.0,9.89,10.1,9.81,33627,33487377.0,2.9,-1.1,-0.11,2.96
2019-03-14,9.87,10.4,10.8,9.45,68768,69027678.0,13.65,5.16,0.51,6.06
2019-03-15,10.37,10.9,10.9,10.11,95555,101186161.0,7.6,4.81,0.5,8.42
2019-03-18,10.8,10.74,11.35,10.64,87627,96031368.0,6.51,-1.47,-0.16,7.72
2019-03-19,10.8,10.3,10.8,10.3,54384,56939376.0,4.66,-4.1,-0.44,4.79
2019-03-20,10.26,10.19,10.29,9.96,54247,54662284.0,3.2,-1.07,-0.11,4.78
2019-03-21,10.18,10.12,10.23,10.06,35464,36046083.0,1.67,-0.69,-0.07,3.12
2019-03-22,10.12,10.18,10.19,9.96,31703,31993232.0,2.27,0.59,0.06,2.79
2019-03-25,10.01,10.05,10.15,9.91,24353,24480967.0,2.36,-1.28,-0.13,2.15
2019-03-26,10.09,9.75,10.15,9.75,29379,29277570.0,3.98,-2.99,-0.3,2.59
2019-03-27,9.75,9.58,9.81,9.51,29542,28477654.0,3.08,-1.74,-0.17,2.6
2019-03-28,9.56,9.5,9.8,9.5,19471,18734773.0,3.13,-0.84,-0.08,1.72
2019-03-29,9.5,9.69,9.7,9.31,21993,20975551.0,4.11,2.0,0.19,1.94
2019-04-01,9.7,10.11,10.12,9.69,33578,33389823.0,4.44,4.33,0.42,2.96
2019-04-02,10.16,10.05,10.22,10.02,30258,30573653.0,1.98,-0.59,-0.06,2.67
2019-04-03,10.13,10.18,10.18,10.03,29785,30151103.0,1.49,1.29,0.13,2.62
2019-04-04,10.19,10.22,10.25,10.09,33764,34338537.0,1.57,0.39,0.04,2.98
2019-04-08,10.25,10.06,10.34,9.9,35166,35621602.0,4.31,-1.57,-0.16,3.1
2019-04-09,10.09,10.12,10.15,9.98,21879,22047527.0,1.69,0.6,0.06,1.93
2019-04-10,10.15,10.25,10.28,9.99,31057,31579234.0,2.87,1.28,0.13,2.74
2019-04-11,10.25,10.04,10.29,9.95,37812,38222211.0,3.32,-2.05,-0.21,3.33
2019-04-12,10.06,9.77,10.06,9.72,28344,27909700.0,3.39,-2.69,-0.27,2.5
2019-04-15,9.83,9.72,10.0,9.72,23929,23701136.0,2.87,-0.51,-0.05,2.11
2019-04-16,9.69,9.87,9.88,9.5,25267,24496785.0,3.91,1.54,0.15,2.23
2019-04-17,9.9,10.16,10.21,9.81,42241,42515522.0,4.05,2.94,0.29,3.72
2019-04-18,10.2,10.08,10.22,10.01,25526,25771306.0,2.07,-0.79,-0.08,2.25
2019-04-19,10.09,10.11,10.13,9.91,23421,23489321.0,2.18,0.3,0.03,2.06
2019-04-22,10.12,9.91,10.19,9.89,24847,24949326.0,2.97,-1.98,-0.2,2.19
2019-04-23,9.89,9.68,9.99,9.59,20189,19762172.0,4.04,-2.32,-0.23,1.78
2019-04-24,9.65,9.83,9.93,9.62,17148,16721497.0,3.2,1.55,0.15,1.51
2019-04-25,9.97,9.29,10.02,9.25,33379,32243033.0,7.83,-5.49,-0.54,2.94
2019-04-26,9.26,9.38,9.49,9.14,22473,20998784.0,3.77,0.97,0.09,1.98
2019-04-29,9.25,8.87,9.48,8.81,25448,23028915.0,7.14,-5.44,-0.51,2.24
2019-04-30,8.96,9.0,9.1,8.88,12266,11042000.0,2.48,1.47,0.13,1.08
2019-05-06,8.99,8.23,8.99,8.2,23704,20140205.0,8.78,-8.56,-0.77,2.09
2019-05-07,8.25,8.48,8.59,8.25,14916,12515350.0,4.13,3.04,0.25,1.31
2019-05-08,8.27,8.72,9.33,8.26,26714,23602241.0,12.62,2.83,0.24,2.35
2019-05-09,8.65,8.61,8.95,8.55,17716,15455290.0,4.59,-1.26,-0.11,1.56
2019-05-10,8.59,8.82,8.84,8.3,17779,15522733.0,6.27,2.44,0.21,1.57
2019-05-13,8.75,8.85,8.88,8.68,11895,10486448.0,2.27,0.34,0.03,1.05
2019-05-14,8.7,8.73,8.85,8.62,12562,11011371.0,2.6,-1.36,-0.12,1.11
2019-05-15,8.81,8.86,8.95,8.76,12690,11260944.0,2.18,1.49,0.13,1.12
2019-05-16,8.88,9.1,9.12,8.86,15090,13630103.0,2.93,2.71,0.24,1.33
2019-05-17,9.1,8.75,9.1,8.72,19542,17373329.0,4.18,-3.85,-0.35,1.72
2019-05-20,8.75,8.51,8.75,8.32,11918,10147190.0,4.91,-2.74,-0.24,1.05
2019-05-21,8.58,8.73,8.75,8.45,10264,8906428.0,3.53,2.59,0.22,0.9
2019-05-22,8.74,8.58,8.78,8.52,9598,8284980.0,2.98,-1.72,-0.15,0.85
2019-05-23,8.59,8.4,8.62,8.34,13747,11594406.0,3.26,-2.1,-0.18,1.21
2019-05-24,8.42,8.43,8.49,8.32,8496,7132037.0,2.02,0.36,0.03,0.75
2019-05-27,7.59,8.57,8.6,7.59,19076,15669152.0,11.98,1.66,0.14,1.68
2019-05-28,8.45,8.7,8.98,8.37,25501,22206481.0,7.12,1.52,0.13,2.25
2019-05-29,8.61,8.6,8.74,8.56,14357,12397113.0,2.07,-1.15,-0.1,1.27
2019-05-30,8.6,8.49,8.67,8.41,12247,10403713.0,3.02,-1.28,-0.11,1.08
2019-05-31,8.55,8.69,8.92,8.46,13812,11984709.0,5.42,2.36,0.2,1.22
2019-06-03,8.59,8.47,8.74,8.43,14024,12014673.0,3.57,-2.53,-0.22,1.24
2019-06-04,8.58,8.29,8.58,8.13,13079,10854685.0,5.31,-2.13,-0.18,1.15
2019-06-05,8.35,8.18,8.41,8.18,8306,6890772.0,2.77,-1.33,-0.11,0.73
2019-06-06,8.36,8.21,8.46,8.1,12079,10017428.0,4.4,0.37,0.03,1.06
2019-06-10,8.19,8.2,8.3,8.11,9832,8062137.0,2.31,-0.12,-0.01,0.87
2019-06-11,8.2,8.45,8.5,8.15,14522,12124268.0,4.27,3.05,0.25,1.28
2019-06-12,8.49,8.37,8.5,8.35,9787,8233920.0,1.78,-0.95,-0.08,0.86
2019-06-13,8.42,8.42,8.47,8.32,12368,10390694.0,1.79,0.6,0.05,1.09
2019-06-14,8.55,8.49,8.6,8.43,17401,14791701.0,2.02,0.83,0.07,1.53
2019-06-17,8.48,8.31,8.48,8.25,13005,10837489.0,2.71,-2.12,-0.18,1.15
2019-06-18,8.36,8.32,8.37,8.21,6556,5417940.0,1.93,0.12,0.01,0.58
2019-06-19,8.43,8.4,8.48,8.34,12450,10475555.0,1.68,0.96,0.08,1.1
2019-06-20,8.26,8.3,8.35,8.15,15092,12479268.0,2.38,-1.19,-0.1,1.33
2019-06-21,8.37,8.49,8.52,8.32,19190,16222789.0,2.41,2.29,0.19,1.69
2019-06-24,8.54,8.54,8.57,8.48,12211,10401613.0,1.06,0.59,0.05,1.08
2019-06-25,8.54,8.53,8.56,8.35,12107,10236723.0,2.46,-0.12,-0.01,1.07
2019-06-26,8.53,8.75,9.14,8.41,44770,39248686.0,8.56,2.58,0.22,3.94
2019-06-27,8.65,8.57,8.73,8.53,23882,20594337.0,2.29,-2.06,-0.18,2.1
2019-06-28,8.55,8.35,8.6,8.3,18294,15359833.0,3.5,-2.57,-0.22,1.61
2019-07-01,8.5,8.54,8.56,8.4,15552,13228027.0,1.92,2.28,0.19,1.37
2019-07-02,8.57,8.53,8.6,8.48,11362,9697856.0,1.41,-0.12,-0.01,1.0
2019-07-03,8.53,8.47,8.56,8.42,11926,10082241.0,1.64,-0.7,-0.06,1.05
2019-07-04,8.46,8.44,8.52,8.43,9650,8172171.0,1.06,-0.35,-0.03,0.85
2019-07-05,8.47,8.59,8.65,8.45,17075,14640303.0,2.37,1.78,0.15,1.5
2019-07-08,8.58,8.36,8.58,8.25,13093,10989050.0,3.84,-2.68,-0.23,1.15
2019-07-09,8.32,8.4,8.45,8.28,8049,6733860.0,2.03,0.48,0.04,0.71
2019-07-10,8.42,8.31,8.42,8.28,7018,5849289.0,1.67,-1.07,-0.09,0.62
2019-07-11,8.32,8.27,8.38,8.2,6175,5132361.0,2.17,-0.48,-0.04,0.54
2019-07-12,8.35,8.3,8.36,8.22,4903,4057113.0,1.69,0.36,0.03,0.43
2019-07-15,8.3,8.34,8.37,8.18,6902,5731531.0,2.29,0.48,0.04,0.61
2019-07-16,8.31,8.32,8.42,8.28,5879,4900923.0,1.68,-0.24,-0.02,0.52
2019-07-17,8.25,8.32,8.36,8.25,4643,3865963.0,1.32,0.0,0.0,0.41
2019-07-18,8.28,8.15,8.31,8.13,7603,6232280.0,2.16,-2.04,-0.17,0.67
2019-07-19,8.15,8.15,8.27,8.13,5905,4837624.0,1.72,0.0,0.0,0.52
2019-07-22,8.08,8.01,8.21,7.94,8182,6568620.0,3.31,-1.72,-0.14,0.72
2019-07-23,8.05,8.11,8.14,7.98,6344,5114422.0,2.0,1.25,0.1,0.56
2019-07-24,8.17,8.22,8.25,8.11,7160,5875278.0,1.73,1.36,0.11,0.63
2019-07-25,8.22,8.31,8.34,8.16,8379,6925833.0,2.19,1.09,0.09,0.74
2019-07-26,8.31,8.29,8.31,8.21,3983,3295765.0,1.2,-0.24,-0.02,0.35
2019-07-29,8.22,8.36,8.38,8.22,7410,6182779.0,1.93,0.84,0.07,0.65
2019-07-30,8.4,8.44,8.56,8.37,15389,13050827.0,2.27,0.96,0.08,1.36
2019-07-31,8.43,8.48,8.55,8.39,10597,8985902.0,1.9,0.47,0.04,0.93
2019-08-01,8.47,8.55,8.63,8.42,14149,12035880.0,2.48,0.83,0.07,1.25
2019-08-02,8.44,8.29,8.44,7.72,14279,11806275.0,8.42,-3.04,-0.26,1.26
2019-08-05,8.28,8.1,8.45,8.06,12376,10220306.0,4.7,-2.29,-0.19,1.09
2019-08-06,8.05,7.97,8.08,7.73,13593,10761228.0,4.32,-1.6,-0.13,1.2
2019-08-07,7.99,7.88,8.05,7.84,9445,7493209.0,2.63,-1.13,-0.09,0.83
2019-08-08,7.98,7.84,7.98,7.78,8114,6368760.0,2.54,-0.51,-0.04,0.71
2019-08-09,7.8,7.63,7.88,7.6,14666,11287585.0,3.57,-2.68,-0.21,1.29
2019-08-12,7.59,7.72,7.73,7.56,7406,5677953.0,2.23,1.18,0.09,0.65
2019-08-13,7.66,7.61,7.71,7.56,6429,4891318.0,1.94,-1.42,-0.11,0.57
2019-08-14,7.69,7.66,7.78,7.64,7202,5552311.0,1.84,0.66,0.05,0.63
2019-08-15,7.59,7.64,7.66,7.41,4614,3493614.0,3.26,-0.26,-0.02,0.41
2019-08-16,7.67,7.75,7.81,7.63,8019,6211787.0,2.36,1.44,0.11,0.71
2019-08-19,7.77,7.95,7.97,7.72,8928,7038324.0,3.23,2.58,0.2,0.79
2019-08-20,7.95,7.92,8.01,7.91,7781,6194252.0,1.26,-0.38,-0.03,0.69
2019-08-21,7.92,7.99,8.0,7.86,6353,5057543.0,1.77,0.88,0.07,0.56
2019-08-22,7.98,8.02,8.05,7.92,7104,5661742.0,1.63,0.38,0.03,0.63
2019-08-23,7.99,7.9,8.02,7.89,7239,5748221.0,1.62,-1.5,-0.12,0.64
2019-08-26,7.8,7.9,8.01,7.77,8033,6356797.0,3.04,0.0,0.0,0.71
2019-08-27,8.0,8.09,8.09,7.9,11124,8938181.0,2.41,2.41,0.19,0.98
2019-08-28,8.12,8.01,8.13,8.0,11141,8982789.0,1.61,-0.99,-0.08,0.98
2019-08-29,8.07,7.94,8.14,7.9,13205,10565269.0,3.0,-0.87,-0.07,1.16
2019-08-30,7.99,7.75,8.05,7.7,20385,16000401.0,4.41,-2.39,-0.19,1.8
2019-09-02,7.74,7.93,7.94,7.74,18624,14651857.0,2.58,2.32,0.18,1.64
2019-09-03,7.96,7.94,7.98,7.87,12392,9802571.0,1.39,0.13,0.01,1.09
2019-09-04,7.93,7.99,8.02,7.87,14795,11743696.0,1.89,0.63,0.05,1.3
2019-09-05,8.02,8.06,8.13,8.02,19507,15765026.0,1.38,0.88,0.07,1.72
2019-09-06,8.09,8.1,8.13,8.03,11272,9101220.0,1.24,0.5,0.04,0.99
2019-09-09,8.16,8.22,8.34,8.12,23584,19357106.0,2.72,1.48,0.12,2.08
2019-09-10,8.24,8.25,8.33,8.17,14649,12068925.0,1.95,0.36,0.03,1.29
2019-09-11,8.27,8.29,8.34,8.2,14238,11758128.0,1.7,0.48,0.04,1.25
2019-09-12,8.29,8.22,8.33,8.14,16767,13771043.0,2.29,-0.84,-0.07,1.48
2019-09-16,8.26,8.34,8.37,8.23,17879,14861577.0,1.7,1.46,0.12,1.58
2019-09-17,8.34,8.11,8.39,8.08,19158,15736861.0,3.72,-2.76,-0.23,1.69
2019-09-18,8.15,8.12,8.2,8.11,10149,8279455.0,1.11,0.12,0.01,0.89
2019-09-19,8.21,8.22,8.45,8.09,41607,34371305.0,4.43,1.23,0.1,3.67
2019-09-20,8.19,8.11,8.27,8.09,23393,19142026.0,2.19,-1.34,-0.11,2.06
2019-09-23,8.11,8.0,8.12,7.95,16443,13173314.0,2.1,-1.36,-0.11,1.45
2019-09-24,8.03,8.16,8.21,8.03,20032,16277950.0,2.25,2.0,0.16,1.77
2019-09-25,8.11,8.0,8.21,7.97,15866,12793415.0,2.94,-1.96,-0.16,1.4
2019-09-26,7.96,7.71,8.08,7.7,15984,12520012.0,4.75,-3.63,-0.29,1.41
2019-09-27,7.76,7.87,7.98,7.7,13606,10713005.0,3.63,2.08,0.16,1.2
2019-09-30,7.85,7.98,8.09,7.83,14919,11957605.0,3.3,1.4,0.11,1.31
2019-10-08,8.05,7.74,8.05,7.68,19278,15064035.0,4.64,-3.01,-0.24,1.7
2019-10-09,7.73,7.77,7.8,7.59,11027,8500934.0,2.71,0.39,0.03,0.97
2019-10-10,8.11,7.94,8.13,7.83,16622,13164540.0,3.86,2.19,0.17,1.46
2019-10-11,7.95,7.99,8.03,7.89,12501,9956663.0,1.76,0.63,0.05,1.1
2019-10-14,8.02,8.16,8.2,7.97,22769,18518392.0,2.88,2.13,0.17,2.01
2019-10-15,8.15,8.17,8.24,8.07,13506,11008337.0,2.08,0.12,0.01,1.19
2019-10-16,8.18,8.1,8.19,8.07,11530,9370381.0,1.47,-0.86,-0.07,1.02
2019-10-17,8.17,8.03,8.17,7.95,8833,7097649.0,2.72,-0.86,-0.07,0.78
2019-10-18,8.03,7.86,8.1,7.84,11580,9193857.0,3.24,-2.12,-0.17,1.02
2019-10-21,7.8,8.0,8.04,7.61,13454,10551236.0,5.47,1.78,0.14,1.19
2019-10-22,7.96,7.95,8.04,7.9,9772,7789540.0,1.75,-0.63,-0.05,0.86
2019-10-23,8.0,7.88,8.04,7.8,11221,8926759.0,3.02,-0.88,-0.07,0.99
2019-10-24,7.92,7.9,8.35,7.83,38358,30976257.0,6.6,0.25,0.02,3.38
2019-10-25,7.83,7.92,7.94,7.7,20693,16169219.0,3.04,0.25,0.02,0.79
2019-10-28,7.87,7.99,8.02,7.83,17354,13809915.0,2.4,0.88,0.07,0.66
2019-10-29,7.94,7.92,8.07,7.92,14896,11920387.0,1.88,-0.88,-0.07,0.57
2019-10-30,7.92,7.78,7.93,7.75,13564,10619002.0,2.27,-1.77,-0.14,0.52
2019-10-31,7.78,7.68,7.82,7.64,11809,9116631.0,2.31,-1.29,-0.1,0.45
2019-11-01,7.61,7.76,7.76,7.61,11386,8764426.0,1.95,1.04,0.08,0.43
2019-11-04,7.73,7.71,7.79,7.65,10982,8486403.0,1.8,-0.64,-0.05,0.42
2019-11-05,7.74,7.72,7.75,7.65,7632,5874633.0,1.3,0.13,0.01,0.29
2019-11-06,7.75,7.68,7.91,7.67,15332,11937095.0,3.11,-0.52,-0.04,0.58
2019-11-07,7.66,7.92,7.94,7.66,20123,15784455.0,3.65,3.13,0.24,0.76
2019-11-08,8.0,7.86,8.07,7.85,20817,16543395.0,2.78,-0.76,-0.06,0.79
2019-11-11,7.81,7.99,8.25,7.79,40490,32662715.0,5.85,1.65,0.13,1.54
2019-11-12,7.95,8.19,8.23,7.92,32438,26212004.0,3.88,2.5,0.2,1.23
2019-11-13,7.4,8.16,8.23,7.4,43192,34077575.0,10.13,-0.37,-0.03,1.64
2019-11-14,8.12,7.94,8.13,7.9,23465,18719648.0,2.82,-2.7,-0.22,0.89
2019-11-15,7.99,7.77,7.99,7.75,18448,14457671.0,3.02,-2.14,-0.17,0.7
2019-11-18,7.71,7.81,7.83,7.71,8100,6290801.0,1.54,0.51,0.04,0.31
2019-11-19,7.81,7.86,7.87,7.74,8072,6318518.0,1.66,0.64,0.05,0.31
2019-11-20,7.87,7.87,7.92,7.77,9136,7163792.0,1.91,0.13,0.01,0.35
2019-11-21,7.87,8.11,8.19,7.8,21626,17412676.0,4.96,3.05,0.24,0.82
2019-11-22,8.15,8.05,8.21,8.0,13952,11263949.0,2.59,-0.74,-0.06,0.53
2019-11-25,8.1,8.19,8.19,8.0,13925,11272870.0,2.36,1.74,0.14,0.53
2019-11-26,8.13,8.09,8.28,8.08,12627,10302623.0,2.44,-1.22,-0.1,0.48
2019-11-27,8.18,8.08,8.18,8.04,10041,8148208.0,1.73,-0.12,-0.01,0.38
2019-11-28,8.04,7.98,8.14,7.93,12516,10017708.0,2.6,-1.24,-0.1,0.48
2019-11-29,7.98,7.93,8.04,7.9,10984,8744971.0,1.75,-0.63,-0.05,0.42
2019-12-02,7.92,7.85,7.93,7.73,20935,16361263.0,2.52,-1.01,-0.08,0.8
2019-12-03,7.75,7.88,7.89,7.74,8202,6418961.0,1.91,0.38,0.03,0.31
2019-12-04,7.86,7.94,7.94,7.82,7900,6239142.0,1.52,0.76,0.06,0.3
2019-12-05,7.94,7.98,7.99,7.9,8921,7095599.0,1.13,0.5,0.04,0.34
2019-12-06,7.98,8.0,8.0,7.91,8692,6920810.0,1.13,0.25,0.02,0.33
2019-12-09,8.03,7.94,8.03,7.92,8801,7018615.0,1.38,-0.75,-0.06,0.33
2019-12-10,7.94,7.93,7.94,7.88,7432,5879188.0,0.76,-0.13,-0.01,0.28
2019-12-11,7.9,8.09,8.13,7.9,16855,13531362.0,2.9,2.02,0.16,0.64
2019-12-12,8.1,8.09,8.25,8.03,28760,23457938.0,2.72,0.0,0.0,1.09
2019-12-13,8.1,8.15,8.17,8.05,18187,14744373.0,1.48,0.74,0.06,0.69
2019-12-16,8.19,8.23,8.23,8.1,20138,16474250.0,1.6,0.98,0.08,0.77
2019-12-17,8.25,8.29,8.33,8.17,31704,26119263.0,1.94,0.73,0.06,1.2
2019-12-18,8.23,8.23,8.4,8.18,33093,27337564.0,2.65,-0.72,-0.06,1.26
2019-12-19,8.21,8.24,8.26,8.15,16453,13482845.0,1.34,0.12,0.01,0.63
2019-12-20,8.21,8.23,8.34,8.2,19065,15757451.0,1.7,-0.12,-0.01,0.72
2019-12-23,8.31,8.09,8.31,8.08,13913,11367851.0,2.79,-1.7,-0.14,0.53
2019-12-24,8.1,8.22,8.24,8.1,14838,12134080.0,1.73,1.61,0.13,0.56
2019-12-25,8.19,8.22,8.27,8.15,12237,10046764.0,1.46,0.0,0.0,0.47
2019-12-26,8.24,9.04,9.04,8.2,132522,117110000.0,10.22,9.98,0.82,5.04
2019-12-27,9.43,9.94,9.94,9.33,184316,180040806.0,6.75,9.96,0.9,7.01
2019-12-30,10.0,9.6,10.62,9.38,249950,247991900.0,12.47,-3.42,-0.34,9.5
2019-12-31,9.34,9.55,9.82,9.25,180598,172379296.0,5.94,-0.52,-0.05,6.86
2020-01-02,9.55,9.86,10.1,9.32,176091,171859903.0,8.17,3.25,0.31,6.69
2020-01-03,9.71,9.82,9.89,9.55,121189,117644433.0,3.45,-0.41,-0.04,4.61
2020-01-06,9.8,10.01,10.5,9.77,178601,180043914.0,7.43,1.93,0.19,6.79
2020-01-07,10.14,10.08,10.49,9.8,133168,133180948.0,6.89,0.7,0.07,5.06
2020-01-08,10.0,10.24,10.59,9.75,175495,179322816.0,8.33,1.59,0.16,6.67
2020-01-09,10.35,10.05,10.49,9.95,131494,133671727.0,5.27,-1.86,-0.19,5.0
2020-01-10,10.0,9.6,10.05,9.5,109364,106105768.0,5.47,-4.48,-0.45,4.16
2020-01-13,9.6,9.7,9.77,9.55,58813,56837290.0,2.29,1.04,0.1,2.24
2020-01-14,9.72,9.62,9.76,9.56,54320,52393064.0,2.06,-0.82,-0.08,2.06
2020-01-15,9.66,9.53,9.67,9.36,53433,50692719.0,3.22,-0.94,-0.09,2.03
2020-01-16,9.51,9.6,9.81,9.47,69023,66751531.0,3.57,0.73,0.07,2.62
2020-01-17,9.5,9.46,9.7,9.45,43780,41842590.0,2.6,-1.46,-0.14,1.66
2020-01-20,9.51,9.7,9.72,9.45,50068,48096221.0,2.85,2.54,0.24,1.9
2020-01-21,9.7,9.18,9.75,9.14,59723,55874198.0,6.29,-5.36,-0.52,2.27
2020-01-22,9.04,9.25,9.34,9.04,33795,31165805.0,3.27,0.76,0.07,1.28
2020-01-23,9.24,8.77,9.38,8.62,54220,48447549.0,8.22,-5.19,-0.48,2.06
2020-02-03,7.89,7.89,7.89,7.89,10323,8144847.0,0.0,-10.03,-0.88,0.39
2020-02-04,7.38,7.92,8.14,7.38,57889,45712236.0,9.63,0.38,0.03,2.2
2020-02-05,8.05,8.14,8.33,7.95,59052,48260842.0,4.8,2.78,0.22,2.24
2020-02-06,8.02,8.13,8.23,7.95,51625,41846042.0,3.44,-0.12,-0.01,1.96
2020-02-07,8.02,8.15,8.16,8.01,39785,32179207.0,1.85,0.25,0.02,1.51
2020-02-10,8.07,8.4,8.44,8.07,50039,41562852.0,4.54,3.07,0.25,1.9
2020-02-11,8.36,8.33,8.52,8.29,49335,41352478.0,2.74,-0.83,-0.07,1.87
2020-02-12,8.3,8.45,8.46,8.26,39567,33227868.0,2.4,1.44,0.12,1.5
2020-02-13,8.4,8.3,8.54,8.28,44276,37160682.0,3.08,-1.78,-0.15,1.68
2020-02-14,8.31,8.34,8.48,8.25,34738,29011814.0,2.77,0.48,0.04,1.32
2020-02-17,8.36,9.17,9.17,8.36,93301,82301577.0,9.71,9.95,0.83,3.55
2020-02-18,9.2,9.34,9.61,9.11,148166,138546573.0,5.45,1.85,0.17,5.63
2020-02-19,9.31,9.24,9.59,9.08,94119,87886007.0,5.46,-1.07,-0.1,3.58
2020-02-20,9.3,9.56,9.84,9.28,114534,109363735.0,6.06,3.46,0.32,4.35
2020-02-21,9.45,9.54,9.65,9.4,93385,88444404.0,2.62,-0.21,-0.02,3.55
2020-02-24,9.46,9.5,9.6,9.21,91992,86361941.0,4.09,-0.42,-0.04,3.5
2020-02-25,9.21,9.41,9.41,8.84,77287,71150993.0,6.0,-0.95,-0.09,2.94
2020-02-26,9.23,9.2,9.47,9.17,62015,57800683.0,3.19,-2.23,-0.21,2.36
2020-02-27,9.28,9.36,9.56,9.19,77489,72728214.0,4.02,1.74,0.16,2.94
2020-02-28,9.03,8.56,9.06,8.5,78664,69228878.0,5.98,-8.55,-0.8,2.99
2020-03-02,8.58,8.94,8.96,8.54,50480,44561507.0,4.91,4.44,0.38,1.92
2020-03-03,9.06,9.0,9.25,8.83,54103,49109809.0,4.7,0.67,0.06,2.06
2020-03-04,9.26,9.56,9.64,9.25,116246,109385775.0,4.33,6.22,0.56,4.42
2020-03-05,9.58,9.82,9.91,9.33,147291,142671518.0,6.07,2.72,0.26,5.6
2020-03-06,9.42,9.36,9.54,9.35,98959,93349759.0,1.93,-4.68,-0.46,3.76
2020-03-09,9.15,8.82,9.17,8.78,74453,66868890.0,4.17,-5.77,-0.54,2.83
2020-03-10,8.71,9.05,9.05,8.51,48291,42488926.0,6.12,2.61,0.23,1.84
2020-03-11,9.0,8.87,9.11,8.81,48290,43370652.0,3.31,-1.99,-0.18,1.84
2020-03-12,8.72,8.72,8.87,8.6,30882,26936498.0,3.04,-1.69,-0.15,1.17
2020-03-13,8.3,8.52,8.62,8.18,39195,32956720.0,5.05,-2.29,-0.2,1.49
2020-03-16,8.65,8.16,8.68,8.09,33771,28362352.0,6.92,-4.23,-0.36,1.28
2020-03-17,8.18,8.09,8.28,7.6,29454,23593227.0,8.33,-0.86,-0.07,1.12
2020-03-18,8.16,7.86,8.24,7.86,25447,20589388.0,4.7,-2.84,-0.23,0.97
2020-03-19,7.95,8.05,8.09,7.86,26270,20944568.0,2.93,2.42,0.19,1.0
2020-03-20,8.15,8.17,8.22,8.03,19647,15989940.0,2.36,1.49,0.12,0.75
2020-03-23,7.92,7.91,8.11,7.9,18310,14627615.0,2.57,-3.18,-0.26,0.7
2020-03-24,8.09,8.17,8.19,7.98,19160,15478546.0,2.65,3.29,0.26,0.73
2020-03-25,8.27,8.28,8.36,8.25,25445,21102740.0,1.35,1.35,0.11,0.97
2020-03-26,8.24,8.18,8.28,8.09,19197,15748745.0,2.29,-1.21,-0.1,0.73
2020-03-27,8.31,8.13,8.31,8.1,12277,10088662.0,2.57,-0.61,-0.05,0.47
2020-03-30,8.1,7.97,8.1,7.89,16678,13270200.0,2.58,-1.97,-0.16,0.63
2020-03-31,8.14,7.99,8.14,7.97,12617,10119462.0,2.13,0.25,0.02,0.48
2020-04-01,7.95,8.28,8.34,7.92,32872,27047520.0,5.26,3.63,0.29,1.25
2020-04-02,8.26,8.28,8.28,8.09,31322,25580174.0,2.29,0.0,0.0,1.19
2020-04-03,8.2,8.06,8.25,8.05,24542,20035719.0,2.42,-2.66,-0.22,0.93
2020-04-07,8.2,8.25,8.26,8.13,28884,23729877.0,1.61,2.36,0.19,1.1
2020-04-08,8.25,8.31,8.4,8.19,24035,19987430.0,2.55,0.73,0.06,0.91
2020-04-09,8.31,8.31,8.39,8.28,20188,16800823.0,1.32,0.0,0.0,0.77
2020-04-10,8.3,8.1,8.31,8.08,17878,14604085.0,2.77,-2.53,-0.21,0.68
2020-04-13,8.11,8.01,8.11,7.91,14269,11415153.0,2.47,-1.11,-0.09,0.54
2020-04-14,8.02,8.18,8.18,8.02,16012,13015170.0,2.0,2.12,0.17,0.61
2020-04-15,8.18,8.06,8.18,8.03,18500,14992868.0,1.83,-1.47,-0.12,0.7
2020-04-16,8.03,8.07,8.07,7.97,13447,10781710.0,1.24,0.12,0.01,0.51
2020-04-17,8.12,8.02,8.14,8.0,15416,12445371.0,1.73,-0.62,-0.05,0.59
2020-04-20,8.03,8.04,8.05,7.97,11424,9151784.0,1.0,0.25,0.02,0.43
2020-04-21,8.0,7.95,8.0,7.88,15859,12565755.0,1.49,-1.12,-0.09,0.6
2020-04-22,7.9,8.01,8.02,7.86,14680,11667763.0,2.01,0.75,0.06,0.56
2020-04-23,8.02,7.94,8.02,7.92,11264,8982013.0,1.25,-0.87,-0.07,0.43
2020-04-24,7.9,7.86,8.01,7.82,16439,12990317.0,2.39,-1.01,-0.08,0.62
2020-04-27,7.86,7.68,7.88,7.67,18670,14520764.0,2.67,-2.29,-0.18,0.71
2020-04-28,7.69,7.48,7.71,7.27,19707,14711390.0,5.73,-2.6,-0.2,0.75
2020-04-29,7.48,7.5,7.62,7.43,13863,10441408.0,2.54,0.27,0.02,0.53
2020-04-30,7.58,7.67,7.69,7.53,14839,11319408.0,2.13,2.27,0.17,0.56
2020-05-06,7.6,7.76,7.77,7.56,14000,10760269.0,2.74,1.17,0.09,0.53
2020-05-07,7.71,7.68,7.78,7.68,10349,7986950.0,1.29,-1.03,-0.08,0.39
2020-05-08,7.7,7.78,7.79,7.7,10513,8158229.0,1.17,1.3,0.1,0.4
2020-05-11,7.78,7.77,7.84,7.74,9749,7596474.0,1.29,-0.13,-0.01,0.37
2020-05-12,7.77,7.69,7.81,7.61,10522,8096492.0,2.57,-1.03,-0.08,0.4
2020-05-13,7.69,7.74,7.74,7.6,9591,7360714.0,1.82,0.65,0.05,0.36
2020-05-14,7.67,7.65,7.72,7.62,11284,8654782.0,1.29,-1.16,-0.09,0.43
2020-05-15,7.65,7.64,7.73,7.61,9063,6931687.0,1.57,-0.13,-0.01,0.34
2020-05-18,7.69,7.59,7.69,7.57,9388,7136806.0,1.57,-0.65,-0.05,0.36
2020-05-19,7.64,7.74,7.74,7.6,13434,10327733.0,1.84,1.98,0.15,0.51
2020-05-20,7.72,7.74,7.84,7.67,16064,12463126.0,2.2,0.0,0.0,0.61
2020-05-21,7.74,7.71,7.8,7.69,11388,8825215.0,1.42,-0.39,-0.03,0.43
2020-05-22,7.71,7.54,7.73,7.46,15588,11813282.0,3.5,-2.2,-0.17,0.59
2020-05-25,7.51,7.94,8.05,7.4,52130,40853893.0,8.62,5.31,0.4,1.98
2020-05-26,7.9,7.89,7.91,7.78,33085,25981968.0,1.64,-0.63,-0.05,1.26
2020-05-27,7.86,7.75,7.86,7.71,19491,15150976.0,1.9,-1.77,-0.14,0.74
2020-05-28,7.75,7.86,7.88,7.72,17640,13788515.0,2.06,1.42,0.11,0.67
2020-05-29,7.86,8.19,8.33,7.76,65875,53498874.0,7.25,4.2,0.33,2.5
2020-06-01,8.18,8.58,8.59,8.16,95576,79999210.0,5.25,4.76,0.39,3.63
2020-06-02,8.61,8.46,8.88,8.32,85166,73081310.0,6.53,-1.4,-0.12,3.24
2020-06-03,8.46,8.35,8.52,8.33,40680,34222936.0,2.25,-1.3,-0.11,1.55
2020-06-04,8.36,8.27,8.44,8.17,44556,36841631.0,3.23,-0.96,-0.08,1.69
2020-06-05,8.3,8.24,8.33,8.15,28594,23552506.0,2.18,-0.36,-0.03,1.09
2020-06-08,8.23,8.18,8.34,8.16,25239,20810430.0,2.18,-0.73,-0.06,0.96
2020-06-09,8.2,8.28,8.48,8.05,47315,39056033.0,5.26,1.22,0.1,1.8
2020-06-10,8.29,8.38,8.47,8.14,42632,35490916.0,3.99,1.21,0.1,1.62
2020-06-11,8.34,8.14,8.55,8.13,44136,36613567.0,5.01,-2.86,-0.24,1.68
2020-06-12,7.99,8.31,8.38,7.93,36883,30132741.0,5.53,2.09,0.17,1.4
2020-06-15,8.31,8.23,8.39,8.19,36933,30624872.0,2.41,-0.96,-0.08,1.4
2020-06-16,8.1,8.04,8.14,7.99,35245,28318987.0,1.82,-2.31,-0.19,1.34
2020-06-17,8.06,8.07,8.1,8.01,20319,16363565.0,1.12,0.37,0.03,0.77
2020-06-18,8.08,8.34,8.35,8.0,48902,40248845.0,4.34,3.35,0.27,1.86
2020-06-19,8.3,8.51,8.61,8.25,88962,75512617.0,4.32,2.04,0.17,3.38
2020-06-22,8.51,8.53,8.61,8.43,55155,46987952.0,2.12,0.24,0.02,2.1
2020-06-23,8.46,8.28,8.51,8.27,28514,23814169.0,2.81,-2.93,-0.25,1.08
2020-06-24,8.25,8.14,8.34,8.12,29058,23814873.0,2.66,-1.69,-0.14,1.1
2020-06-29,8.08,7.88,8.08,7.77,49110,38734644.0,3.81,-3.19,-0.26,1.87
2020-06-30,7.91,7.86,7.94,7.83,35041,27620597.0,1.4,-0.25,-0.02,1.33
2020-07-01,7.88,7.83,8.25,7.76,60356,47535728.0,6.23,-0.38,-0.03,2.29
2020-07-02,7.81,7.9,7.9,7.77,31716,24850694.0,1.66,0.89,0.07,1.21
2020-07-03,7.92,8.01,8.01,7.89,30560,24310963.0,1.52,1.39,0.11,1.16
2020-07-06,8.02,8.33,8.35,8.01,58187,47801998.0,4.24,4.0,0.32,2.21
2020-07-07,8.43,8.4,8.56,8.27,72738,61182263.0,3.48,0.84,0.07,2.76
2020-07-08,8.4,8.55,8.55,8.35,55179,46723016.0,2.38,1.79,0.15,2.1
2020-07-09,8.56,8.66,8.72,8.5,63946,55155867.0,2.57,1.29,0.11,2.43
2020-07-10,8.68,8.48,8.71,8.45,49425,42487772.0,3.0,-2.08,-0.18,1.88
2020-07-13,8.5,8.78,8.82,8.5,53256,46350804.0,3.77,3.54,0.3,2.02
2020-07-14,8.78,8.71,8.88,8.53,55042,47874385.0,3.99,-0.8,-0.07,2.09
2020-07-15,8.71,8.51,8.78,8.46,46911,40243692.0,3.67,-2.3,-0.2,1.78
2020-07-16,8.51,8.27,8.61,8.26,45569,38584725.0,4.11,-2.82,-0.24,1.73
2020-07-17,8.39,8.33,8.42,8.22,29354,24375083.0,2.42,0.73,0.06,1.12
2020-07-20,8.33,8.56,8.58,8.33,33673,28547683.0,3.0,2.76,0.23,1.28
2020-07-21,8.6,8.55,8.64,8.43,21907,18628621.0,2.45,-0.12,-0.01,0.83
2020-07-22,8.5,8.52,8.61,8.48,27434,23469566.0,1.52,-0.35,-0.03,1.04
2020-07-23,8.4,8.36,8.49,8.16,38106,31702149.0,3.87,-1.88,-0.16,1.45
2020-07-24,8.28,8.19,8.55,8.18,36546,30483026.0,4.43,-2.03,-0.17,1.39
2020-07-27,8.19,8.2,8.25,8.04,22672,18466638.0,2.56,0.12,0.01,0.86
2020-07-28,8.25,8.38,8.38,8.2,22563,18743138.0,2.2,2.2,0.18,0.86
2020-07-29,8.38,8.5,8.51,8.32,22076,18619752.0,2.27,1.43,0.12,0.84
2020-07-30,8.5,8.57,8.66,8.45,38912,33281074.0,2.47,0.82,0.07,1.48
2020-07-31,8.54,8.61,8.63,8.44,30866,26381913.0,2.22,0.47,0.04,1.17
2020-08-03,8.64,8.71,8.74,8.61,42568,36950928.0,1.51,1.16,0.1,1.62
2020-08-04,8.7,8.63,8.71,8.57,32276,27919940.0,1.61,-0.92,-0.08,1.23
2020-08-05,8.67,8.72,8.78,8.6,33655,29296492.0,2.09,1.04,0.09,1.28
2020-08-06,8.73,8.63,8.75,8.51,30389,26196068.0,2.75,-1.03,-0.09,1.15
2020-08-07,8.58,8.56,8.63,8.44,31469,26856681.0,2.2,-0.81,-0.07,1.2
2020-08-10,8.55,8.71,8.84,8.52,35734,31144599.0,3.74,1.75,0.15,1.36
2020-08-11,8.71,8.65,8.98,8.63,57965,50948435.0,4.02,-0.69,-0.06,2.2
2020-08-12,8.62,8.61,8.63,8.36,40497,34357874.0,3.12,-0.46,-0.04,1.54
2020-08-13,8.6,8.82,8.88,8.59,45757,40157976.0,3.37,2.44,0.21,1.74
2020-08-14,8.81,8.83,8.9,8.7,37182,32725854.0,2.27,0.11,0.01,1.41
2020-08-17,8.9,8.91,8.97,8.82,46298,41155615.0,1.7,0.91,0.08,1.76
2020-08-18,8.95,9.11,9.42,8.92,86343,79233655.0,5.61,2.24,0.2,3.28
2020-08-19,9.06,8.95,9.2,8.93,57458,52045327.0,2.96,-1.76,-0.16,2.18
2020-08-20,8.98,8.83,8.98,8.81,32093,28567936.0,1.9,-1.34,-0.12,1.22
2020-08-21,8.94,8.81,9.03,8.76,23102,20528810.0,3.06,-0.23,-0.02,0.88
2020-08-24,8.91,8.86,8.95,8.77,18502,16392737.0,2.04,0.57,0.05,0.7
2020-08-25,8.88,8.87,9.11,8.84,29313,26250195.0,3.05,0.11,0.01,1.11
2020-08-26,8.89,8.76,8.93,8.64,28323,24917943.0,3.27,-1.24,-0.11,1.08
2020-08-27,8.77,9.08,9.11,8.69,47163,42243607.0,4.79,3.65,0.32,1.79
2020-08-28,8.98,8.97,9.05,8.82,29954,26684695.0,2.53,-1.21,-0.11,1.14
2020-08-31,8.94,8.86,9.03,8.85,20264,18140329.0,2.01,-1.23,-0.11,0.77
2020-09-01,8.87,9.02,9.05,8.83,25720,23033627.0,2.48,1.81,0.16,0.98
2020-09-02,9.02,8.98,9.15,8.9,33509,30227781.0,2.77,-0.44,-0.04,1.27
2020-09-03,8.95,8.66,8.96,8.62,43590,38296655.0,3.79,-3.56,-0.32,1.66
2020-09-04,8.55,8.78,8.82,8.49,31184,26966955.0,3.81,1.39,0.12,1.19
2020-09-07,8.78,8.87,9.05,8.74,47671,42598080.0,3.53,1.03,0.09,1.81
2020-09-08,8.99,9.03,9.07,8.82,30778,27628418.0,2.82,1.8,0.16,1.17
2020-09-09,8.98,8.88,9.12,8.88,44101,39752811.0,2.66,-1.66,-0.15,1.68
2020-09-10,9.03,8.51,9.05,8.51,38771,33779166.0,6.08,-4.17,-0.37,1.47
2020-09-11,8.51,8.63,8.66,8.43,17552,14987662.0,2.7,1.41,0.12,0.67
2020-09-14,8.62,8.68,8.7,8.57,23132,20006198.0,1.51,0.58,0.05,0.88
2020-09-15,8.65,8.54,8.71,8.46,18450,15807743.0,2.88,-1.61,-0.14,0.7
2020-09-16,8.56,8.42,8.57,8.38,21514,18178302.0,2.22,-1.41,-0.12,0.82
2020-09-17,8.52,8.44,8.53,8.42,9286,7862784.0,1.31,0.24,0.02,0.35
2020-09-18,8.43,8.57,8.58,8.42,13853,11783343.0,1.9,1.54,0.13,0.53
2020-09-21,8.56,8.44,8.56,8.43,15164,12862683.0,1.52,-1.52,-0.13,0.58
2020-09-22,8.35,8.28,8.42,8.27,20262,16850179.0,1.78,-1.9,-0.16,0.77
2020-09-23,8.28,8.37,8.45,8.26,17608,14707467.0,2.29,1.09,0.09,0.67
2020-09-24,8.32,8.22,8.33,8.22,12330,10193085.0,1.31,-1.79,-0.15,0.47
2020-09-25,8.26,8.11,8.26,8.1,10808,8829634.0,1.95,-1.34,-0.11,0.41
2020-09-28,8.12,7.95,8.15,7.93,15736,12607244.0,2.71,-1.97,-0.16,0.6
2020-09-29,7.95,7.99,8.07,7.95,7061,5660921.0,1.51,0.5,0.04,0.27
2020-09-30,8.05,8.0,8.07,7.97,6417,5146074.0,1.25,0.13,0.01,0.24
2020-10-09,8.09,8.22,8.24,8.07,9158,7489641.0,2.13,2.75,0.22,0.35
2020-10-12,8.21,8.38,8.41,8.21,16083,13396164.0,2.43,1.95,0.16,0.61
2020-10-13,8.34,8.36,8.39,8.3,10259,8565035.0,1.07,-0.24,-0.02,0.39
2020-10-14,8.38,8.51,8.56,8.32,19474,16426872.0,2.87,1.79,0.15,0.74
2020-10-15,8.53,8.87,9.17,8.52,94733,84026899.0,7.64,4.23,0.36,3.6
2020-10-16,8.91,9.25,9.36,8.88,105791,96354505.0,5.41,4.28,0.38,4.02
2020-10-19,9.15,8.97,9.16,8.95,54309,49015070.0,2.27,-3.03,-0.28,2.06
2020-10-20,9.02,9.24,9.38,8.9,73521,67521462.0,5.35,3.01,0.27,2.79
2020-10-21,9.24,9.25,9.4,9.16,71667,66638586.0,2.6,0.11,0.01,2.72
2020-10-22,9.25,9.31,9.39,9.13,56187,52141243.0,2.81,0.65,0.06,2.14
2020-10-23,9.25,9.65,9.74,9.25,89479,85640021.0,5.26,3.65,0.34,3.4
2020-10-26,9.63,9.85,9.85,9.48,77259,74629380.0,3.83,2.07,0.2,2.94
2020-10-27,9.67,9.5,9.74,9.22,89952,84508425.0,5.28,-3.55,-0.35,3.42
2020-10-28,9.36,9.16,9.42,9.03,88239,81203408.0,4.11,-3.58,-0.34,3.35
2020-10-29,9.1,8.98,9.12,8.9,57332,51475731.0,2.4,-1.97,-0.18,2.18
2020-10-30,9.03,8.46,9.04,8.45,79438,69337197.0,6.57,-5.79,-0.52,3.02
2020-11-02,8.43,8.74,8.86,8.42,43352,37493224.0,5.2,3.31,0.28,1.65
2020-11-03,8.84,8.73,8.85,8.67,37707,32970597.0,2.06,-0.11,-0.01,1.43
2020-11-04,8.71,8.77,8.82,8.65,22414,19628265.0,1.95,0.46,0.04,0.85
2020-11-05,8.85,8.82,8.93,8.72,28504,25137521.0,2.39,0.57,0.05,1.08
2020-11-06,8.8,8.66,8.85,8.56,33946,29420723.0,3.29,-1.81,-0.16,1.29
2020-11-09,8.7,8.67,8.77,8.61,38137,33144414.0,1.85,0.12,0.01,1.45
2020-11-10,8.7,8.46,8.72,8.37,45740,38982803.0,4.04,-2.42,-0.21,1.74
2020-11-11,8.47,8.48,8.5,8.38,24835,20968758.0,1.42,0.24,0.02,0.94
2020-11-12,8.45,8.38,8.49,8.37,21690,18256612.0,1.42,-1.18,-0.1,0.82
2020-11-13,8.38,8.39,8.44,8.29,22210,18565839.0,1.79,0.12,0.01,0.84
2020-11-16,8.35,8.48,8.48,8.35,21393,18017817.0,1.55,1.07,0.09,0.81
2020-11-17,8.48,8.67,8.7,8.46,40873,35146002.0,2.83,2.24,0.19,1.55
2020-11-18,8.67,8.65,8.75,8.55,26334,22767065.0,2.31,-0.23,-0.02,1.0
2020-11-19,8.66,8.72,8.72,8.6,17944,15536853.0,1.39,0.81,0.07,0.68
2020-11-20,8.7,8.8,8.85,8.63,28989,25395665.0,2.52,0.92,0.08,1.1
2020-11-23,8.8,8.75,8.94,8.74,33871,29870391.0,2.27,-0.57,-0.05,1.29
2020-11-24,8.79,8.77,8.87,8.68,30692,26885462.0,2.17,0.23,0.02,1.17
2020-11-25,8.77,8.75,8.98,8.73,52669,46747057.0,2.85,-0.23,-0.02,2.0
2020-11-26,8.7,8.88,8.98,8.66,49665,43941693.0,3.66,1.49,0.13,1.89
2020-11-27,8.85,8.87,9.06,8.81,42117,37538913.0,2.82,-0.11,-0.01,1.6
2020-11-30,8.85,8.78,8.98,8.71,32294,28566294.0,3.04,-1.01,-0.09,1.23
2020-12-01,8.74,8.85,8.89,8.7,33860,29761031.0,2.16,0.8,0.07,1.29
2020-12-02,8.92,8.75,8.92,8.71,22458,19708865.0,2.37,-1.13,-0.1,0.85
2020-12-03,8.77,8.5,8.77,8.49,39968,34267967.0,3.2,-2.86,-0.25,1.52
2020-12-04,8.54,8.47,8.54,8.43,20669,17521105.0,1.29,-0.35,-0.03,0.79
2020-12-07,8.48,8.44,8.55,8.43,22316,18938871.0,1.42,-0.35,-0.03,0.85
2020-12-08,8.41,8.32,8.48,8.29,28839,24211115.0,2.25,-1.42,-0.12,1.1
2020-12-09,8.4,8.15,8.4,8.1,31645,26102467.0,3.61,-2.04,-0.17,1.2
2020-12-10,8.14,8.14,8.21,8.12,18014,14698537.0,1.1,-0.12,-0.01,0.68
2020-12-11,8.17,8.05,8.2,7.97,27383,22103758.0,2.83,-1.11,-0.09,1.04
2020-12-14,8.08,8.17,8.2,8.05,16358,13292348.0,1.86,1.49,0.12,0.62
2020-12-15,8.17,8.16,8.18,8.05,11514,9342597.0,1.59,-0.12,-0.01,0.44
2020-12-16,8.14,8.04,8.2,8.03,13528,10916927.0,2.08,-1.47,-0.12,0.51
2020-12-17,8.01,8.07,8.16,7.79,31460,24969480.0,4.6,0.37,0.03,1.2
2020-12-18,8.07,8.08,8.12,8.03,8899,7185371.0,1.12,0.12,0.01,0.34
2020-12-21,8.09,8.15,8.15,8.01,17756,14381112.0,1.73,0.87,0.07,0.67
2020-12-22,8.15,8.0,8.18,7.97,14333,11563223.0,2.58,-1.84,-0.15,0.54
2020-12-23,7.96,7.97,8.05,7.88,13914,11085743.0,2.13,-0.38,-0.03,0.53
2020-12-24,8.0,7.65,8.0,7.62,24902,19345151.0,4.77,-4.02,-0.32,0.95
2020-12-25,7.71,7.67,7.75,7.5,17377,13291504.0,3.27,0.26,0.02,0.66
2020-12-28,7.65,7.37,7.66,7.3,25759,19165845.0,4.69,-3.91,-0.3,0.98
2020-12-29,7.37,7.41,7.5,7.32,18198,13496512.0,2.44,0.54,0.04,0.69
2020-12-30,7.41,7.44,7.47,7.34,15578,11551758.0,1.75,0.4,0.03,0.59
2020-12-31,7.45,7.58,7.65,7.42,17629,13354583.0,3.09,1.88,0.14,0.67
2021-01-04,7.65,7.65,7.67,7.55,12943,9863371.0,1.58,0.92,0.07,0.49
2021-01-05,7.68,7.62,7.74,7.57,15492,11843978.0,2.22,-0.39,-0.03,0.59
2021-01-06,7.59,7.41,7.61,7.39,19382,14481209.0,2.89,-2.76,-0.21,0.74
2021-01-07,7.41,7.11,7.41,7.07,23748,17102562.0,4.59,-4.05,-0.3,0.9
2021-01-08,7.11,7.14,7.24,6.91,13402,9545286.0,4.64,0.42,0.03,0.51
2021-01-11,7.13,6.93,7.13,6.87,16129,11282704.0,3.64,-2.94,-0.21,0.61
2021-01-12,6.96,6.91,7.09,6.87,14435,10036736.0,3.17,-0.29,-0.02,0.55
2021-01-13,6.94,6.67,6.94,6.65,21903,14782318.0,4.2,-3.47,-0.24,0.83
2021-01-14,6.66,6.85,6.91,6.63,19328,13071934.0,4.2,2.7,0.18,0.73
2021-01-15,6.81,7.07,7.16,6.81,22054,15604216.0,5.11,3.21,0.22,0.84
2021-01-18,7.07,7.05,7.17,7.01,12037,8523647.0,2.26,-0.28,-0.02,0.46
2021-01-19,7.0,7.17,7.2,7.0,15043,10744605.0,2.84,1.7,0.12,0.57
2021-01-20,7.13,7.15,7.19,7.08,8177,5826713.0,1.53,-0.28,-0.02,0.31
2021-01-21,7.21,7.14,7.23,7.13,9650,6926649.0,1.4,-0.14,-0.01,0.37
2021-01-22,7.1,7.05,7.17,6.97,9902,6964722.0,2.8,-1.26,-0.09,0.38
2021-01-25,6.93,6.93,7.04,6.92,7484,5202963.0,1.7,-1.7,-0.12,0.28
2021-01-26,6.92,6.89,6.99,6.84,7231,4997187.0,2.16,-0.58,-0.04,0.27
2021-01-27,6.89,6.92,6.96,6.82,7507,5181186.0,2.03,0.44,0.03,0.29
2021-01-28,6.94,6.99,7.18,6.83,10862,7612971.0,5.06,1.01,0.07,0.41
2021-01-29,6.96,6.79,7.08,6.74,11577,7917502.0,4.86,-2.86,-0.2,0.44
2021-02-01,6.83,6.79,6.83,6.73,7667,5195405.0,1.47,0.0,0.0,0.29
2021-02-02,6.75,6.79,6.8,6.66,10000,6730838.0,2.06,0.0,0.0,0.38
2021-02-03,6.8,6.7,6.8,6.67,6971,4690564.0,1.91,-1.33,-0.09,0.26
2021-02-04,6.71,6.56,6.71,6.46,12365,8113912.0,3.73,-2.09,-0.14,0.47
2021-02-05,6.6,6.68,7.0,6.6,26115,17724380.0,6.1,1.83,0.12,0.99
2021-02-08,6.62,6.68,6.81,6.58,10672,7156844.0,3.44,0.0,0.0,0.41
2021-02-09,6.66,6.79,6.81,6.65,6316,4253149.0,2.4,1.65,0.11,0.24
2021-02-10,6.8,6.93,6.93,6.75,16003,10925239.0,2.65,2.06,0.14,0.61
2021-02-18,6.95,7.04,7.07,6.94,14518,10186935.0,1.88,1.59,0.11,0.55
2021-02-19,7.07,7.16,7.17,7.0,14035,9962550.0,2.41,1.7,0.12,0.53
2021-02-22,7.11,7.11,7.26,7.1,26311,18921211.0,2.23,-0.7,-0.05,1.0
2021-02-23,7.1,7.1,7.11,7.02,13032,9206516.0,1.27,-0.14,-0.01,0.5
2021-02-24,7.1,7.19,7.23,7.03,13760,9865533.0,2.82,1.27,0.09,0.52
2021-02-25,7.21,7.01,7.21,7.01,13172,9325369.0,2.78,-2.5,-0.18,0.5
2021-02-26,6.96,7.13,7.15,6.96,9924,7017906.0,2.71,1.71,0.12,0.38
2021-03-01,7.13,7.16,7.19,7.11,11203,8005227.0,1.12,0.42,0.03,0.43
2021-03-02,7.17,7.05,7.19,7.0,12780,9061804.0,2.65,-1.54,-0.11,0.49
2021-03-03,7.07,7.15,7.16,7.03,8264,5875094.0,1.84,1.42,0.1,0.31
2021-03-04,7.12,7.17,7.25,7.1,14537,10433760.0,2.1,0.28,0.02,0.55
2021-03-05,7.14,7.25,7.34,7.14,14144,10270574.0,2.79,1.12,0.08,0.54
2021-03-08,7.3,7.29,7.43,7.25,17361,12765291.0,2.48,0.55,0.04,0.66
2021-03-09,7.25,7.16,7.3,7.05,14945,10775004.0,3.43,-1.78,-0.13,0.57
2021-03-10,7.21,7.08,7.22,7.08,10109,7208727.0,1.96,-1.12,-0.08,0.38
2021-03-11,7.1,7.26,7.32,7.07,10499,7575918.0,3.53,2.54,0.18,0.4
2021-03-12,7.27,7.32,7.39,7.26,12304,9030276.0,1.79,0.83,0.06,0.47
2021-03-15,7.31,7.3,7.38,7.22,10500,7651503.0,2.19,-0.27,-0.02,0.4
2021-03-16,7.32,7.47,7.5,7.3,15067,11197372.0,2.74,2.33,0.17,0.57
2021-03-17,7.48,7.6,7.66,7.36,18588,14038495.0,4.02,1.74,0.13,0.71
2021-03-18,7.55,7.66,7.83,7.53,25414,19480542.0,3.95,0.79,0.06,0.97
2021-03-19,7.58,7.68,7.77,7.55,15633,12006895.0,2.87,0.26,0.02,0.59
2021-03-22,7.77,7.72,7.81,7.65,19526,15120826.0,2.08,0.52,0.04,0.74
2021-03-23,7.69,7.64,7.76,7.57,15829,12082945.0,2.46,-1.04,-0.08,0.6
2021-03-24,7.57,7.77,7.83,7.55,15138,11697015.0,3.66,1.7,0.13,0.58
2021-03-25,7.82,7.54,7.82,7.49,15794,11989497.0,4.25,-2.96,-0.23,0.6
2021-03-26,7.59,7.64,7.73,7.5,17057,13020636.0,3.05,1.33,0.1,0.65
2021-03-29,7.66,7.69,7.83,7.61,27869,21539575.0,2.88,0.65,0.05,1.06
2021-03-30,7.64,7.5,7.67,7.45,20472,15411051.0,2.86,-2.47,-0.19,0.78
2021-03-31,7.47,7.76,7.79,7.46,23106,17639907.0,4.4,3.47,0.26,0.88
2021-04-01,7.74,7.73,7.79,7.68,10701,8273164.0,1.42,-0.39,-0.03,0.41
2021-04-02,7.72,7.59,7.72,7.58,9288,7083802.0,1.81,-1.81,-0.14,0.35
2021-04-06,7.57,7.63,7.72,7.56,7696,5865522.0,2.11,0.53,0.04,0.29
2021-04-07,7.63,7.68,7.72,7.61,5910,4531527.0,1.44,0.66,0.05,0.22
2021-04-08,7.65,7.75,7.87,7.65,15441,12033982.0,2.86,0.91,0.07,0.59
2021-04-09,7.86,8.14,8.24,7.68,54568,44140564.0,7.23,5.03,0.39,2.07
2021-04-12,8.15,8.15,8.54,8.1,57772,48323600.0,5.41,0.12,0.01,2.2
2021-04-13,8.15,8.08,8.25,8.01,20808,16896526.0,2.94,-0.86,-0.07,0.79
2021-04-14,8.01,8.21,8.46,7.91,25811,20976793.0,6.81,1.61,0.13,0.98
2021-04-15,8.19,8.22,8.3,8.05,13118,10727892.0,3.05,0.12,0.01,0.5
2021-04-16,8.2,8.27,8.31,8.18,9937,8210976.0,1.58,0.61,0.05,0.38
2021-04-19,8.27,8.55,8.75,8.27,53860,46114489.0,5.8,3.39,0.28,2.05
2021-04-20,8.55,8.48,8.73,8.46,23776,20415494.0,3.16,-0.82,-0.07,0.9
2021-04-21,8.46,8.4,8.55,8.35,16304,13741544.0,2.36,-0.94,-0.08,0.62
2021-04-22,8.4,8.4,8.5,8.35,10980,9237782.0,1.79,0.0,0.0,0.42
2021-04-23,8.4,8.19,8.4,8.17,26569,21904671.0,2.74,-2.5,-0.21,1.01
2021-04-26,8.16,8.17,8.29,8.04,17068,13977760.0,3.05,-0.24,-0.02,0.65
2021-04-27,8.12,8.14,8.22,8.07,7371,5987065.0,1.84,-0.37,-0.03,0.28
2021-04-28,8.1,8.27,8.32,7.98,18297,14879322.0,4.18,1.6,0.13,0.7
2021-04-29,8.22,8.3,8.35,8.18,7051,5830664.0,2.06,0.36,0.03,0.27
2021-04-30,8.35,8.12,8.56,8.1,23375,19380325.0,5.54,-2.17,-0.18,0.89
2021-05-06,8.1,8.62,8.75,7.98,43278,36421917.0,9.48,6.16,0.5,1.64
2021-05-07,8.57,8.43,8.61,8.38,20508,17390602.0,2.67,-2.2,-0.19,0.78
2021-05-10,8.5,8.29,8.5,8.2,23253,19325581.0,3.56,-1.66,-0.14,0.88
2021-05-11,8.3,8.46,8.49,8.28,10931,9192110.0,2.53,2.05,0.17,0.42
2021-05-12,8.44,8.54,8.65,8.27,18443,15674582.0,4.49,0.95,0.08,0.7
2021-05-13,8.48,8.38,8.55,8.33,14406,12164658.0,2.58,-1.87,-0.16,0.55
2021-05-14,8.44,8.87,8.96,8.38,52918,46376542.0,6.92,5.85,0.49,2.01
2021-05-17,8.95,8.91,9.22,8.76,49192,44183367.0,5.19,0.45,0.04,1.87
2021-05-18,8.78,9.07,9.18,8.6,45130,40773827.0,6.51,1.8,0.16,1.72
2021-05-19,9.01,8.97,9.14,8.91,20972,18869096.0,2.54,-1.1,-0.1,0.8
2021-05-20,8.91,8.83,9.06,8.82,18509,16501709.0,2.68,-1.56,-0.14,0.7
2021-05-21,8.82,9.02,9.13,8.72,27600,24816593.0,4.64,2.15,0.19,1.05
2021-05-24,9.0,9.03,9.15,8.9,15582,14055389.0,2.77,0.11,0.01,0.59
2021-05-25,9.02,8.89,9.03,8.86,13447,11981727.0,1.88,-1.55,-0.14,0.51
2021-05-26,8.94,8.72,8.94,8.72,18030,15833919.0,2.47,-1.91,-0.17,0.69
2021-05-27,8.73,8.8,8.87,8.66,18756,16447257.0,2.41,0.92,0.08,0.71
2021-05-28,8.77,8.67,8.82,8.65,11109,9689795.0,1.93,-1.48,-0.13,0.42
2021-05-31,8.67,9.0,9.06,8.62,19449,17248734.0,5.07,3.81,0.33,0.74
2021-06-01,9.01,8.85,9.01,8.83,13834,12272808.0,2.0,-1.67,-0.15,0.53
2021-06-02,8.93,8.78,8.93,8.73,9011,7911125.0,2.26,-0.79,-0.07,0.34
2021-06-03,8.78,8.88,8.99,8.73,13556,12074160.0,2.96,1.14,0.1,0.52
2021-06-04,8.89,8.78,8.89,8.74,10183,8935490.0,1.69,-1.13,-0.1,0.39
2021-06-07,8.74,8.76,8.84,8.7,6916,6056327.0,1.59,-0.23,-0.02,0.26
2021-06-08,8.77,8.9,8.94,8.77,11558,10236050.0,1.94,1.6,0.14,0.44
2021-06-09,8.84,8.8,8.88,8.77,7310,6443776.0,1.24,-1.12,-0.1,0.28
2021-06-10,8.8,9.68,9.68,8.8,116716,110127682.0,10.0,10.0,0.88,4.44
2021-06-11,9.68,9.84,10.15,9.57,103039,101784974.0,5.99,1.65,0.16,3.92
2021-06-15,9.67,9.3,9.73,8.71,59748,55375981.0,10.37,-5.49,-0.54,2.27
2021-06-16,9.41,9.0,9.42,8.93,29588,26830179.0,5.27,-3.23,-0.3,1.12
2021-06-17,8.94,8.89,9.17,8.87,23515,21114651.0,3.33,-1.22,-0.11,0.89
2021-06-18,8.88,9.04,9.09,8.76,19155,17211468.0,3.71,1.69,0.15,0.73
2021-06-21,9.05,9.17,9.28,9.01,28254,25952828.0,2.99,1.44,0.13,1.07
2021-06-22,9.17,9.3,9.38,9.1,28746,26469137.0,3.05,1.42,0.13,1.09
2021-06-23,9.19,9.18,9.51,9.14,33419,30974031.0,3.98,-1.29,-0.12,1.27
2021-06-24,9.16,9.05,9.16,8.98,25446,23047491.0,1.96,-1.42,-0.13,0.97
2021-06-25,9.0,9.16,9.26,8.9,22537,20434724.0,3.98,1.22,0.11,0.86
2021-06-28,9.11,9.13,9.25,9.07,17488,16006101.0,1.97,-0.33,-0.03,0.66
2021-06-29,9.2,9.18,9.36,9.06,21950,20220988.0,3.29,0.55,0.05,0.83
2021-06-30,9.2,9.52,9.59,9.15,47291,44646231.0,4.79,3.7,0.34,1.8
2021-07-01,9.58,9.31,9.6,9.31,23006,21711880.0,3.05,-2.21,-0.21,0.87
2021-07-02,9.35,9.28,9.43,9.24,11949,11123070.0,2.04,-0.32,-0.03,0.45
2021-07-05,9.27,9.5,9.55,9.24,20063,18969656.0,3.34,2.37,0.22,0.76
2021-07-06,9.49,9.47,9.64,9.4,22359,21283432.0,2.53,-0.32,-0.03,0.85
2021-07-07,9.42,9.94,9.98,9.4,62956,61826899.0,6.12,4.96,0.47,2.39
2021-07-08,10.18,10.87,10.88,10.16,137507,145674253.0,7.24,9.36,0.93,5.23
2021-07-09,10.36,11.11,11.4,10.35,143639,157617236.0,9.66,2.21,0.24,5.46
2021-07-12,11.12,11.9,12.08,11.12,115798,135702892.0,8.64,7.11,0.79,4.4
2021-07-13,11.67,11.86,12.04,11.4,101931,119198273.0,5.38,-0.34,-0.04,3.87
2021-07-14,11.67,11.49,12.19,11.4,78834,92858676.0,6.66,-3.12,-0.37,3.0
2021-07-15,11.52,11.06,11.69,10.44,127270,140075380.0,10.88,-3.74,-0.43,4.84
2021-07-16,11.13,11.06,11.27,10.81,60725,67472458.0,4.16,0.0,0.0,2.31
2021-07-19,11.08,11.0,11.3,10.8,45148,49641956.0,4.52,-0.54,-0.06,1.72
2021-07-20,10.87,10.89,10.99,10.66,38656,41723731.0,3.0,-1.0,-0.11,1.47
2021-07-21,10.89,11.67,11.85,10.72,87678,100377552.0,10.38,7.16,0.78,3.33
2021-07-22,11.62,12.84,12.84,11.6,66988,83675829.0,10.63,10.03,1.17,2.55
2021-07-23,13.17,13.29,13.47,12.35,188753,244458074.0,8.72,3.5,0.45,7.17
2021-07-26,13.24,12.62,13.24,12.18,153933,194571631.0,7.98,-5.04,-0.67,5.85
2021-07-27,12.54,12.24,12.8,12.04,94423,117723158.0,6.02,-3.01,-0.38,3.59
2021-07-28,11.88,11.75,12.18,11.08,68391,79396323.0,8.99,-4.0,-0.49,2.6
2021-07-29,11.87,12.0,12.0,11.2,105600,123406456.0,6.81,2.13,0.25,4.01
2021-07-30,12.08,11.7,12.47,11.7,77252,93288467.0,6.42,-2.5,-0.3,2.94
2021-08-02,11.65,12.51,12.69,11.5,117211,144616272.0,10.17,6.92,0.81,4.45
2021-08-03,12.44,11.75,12.51,11.7,77796,93354903.0,6.47,-6.08,-0.76,2.96
2021-08-04,11.64,11.89,11.96,11.58,61442,72660366.0,3.23,1.19,0.14,2.34
2021-08-05,11.85,11.19,11.85,10.84,125649,140722048.0,8.49,-5.89,-0.7,4.78
2021-08-06,11.18,11.27,11.39,10.92,69053,77190609.0,4.2,0.71,0.08,2.62
2021-08-09,11.18,11.15,11.33,11.06,46258,51635108.0,2.4,-1.06,-0.12,1.76
2021-08-10,11.1,11.65,11.68,11.01,71165,81754493.0,6.01,4.48,0.5,2.7
2021-08-11,11.73,12.82,12.82,11.73,115247,144321338.0,9.36,10.04,1.17,4.28
2021-08-12,13.52,12.92,13.52,12.39,165103,212269386.0,8.81,0.78,0.1,6.13
2021-08-13,13.22,12.82,13.35,12.6,76749,98561226.0,5.8,-0.77,-0.1,2.85
2021-08-16,12.85,13.0,13.47,12.8,100123,131877477.0,5.23,1.4,0.18,3.72
2021-08-17,12.94,12.86,13.5,12.67,84674,111400003.0,6.38,-1.08,-0.14,3.14
2021-08-18,12.82,13.15,13.48,12.82,74655,98981323.0,5.13,2.26,0.29,2.77
2021-08-19,13.19,12.89,13.24,12.58,57622,74111827.0,5.02,-1.98,-0.26,2.14
2021-08-20,12.86,12.93,13.15,12.48,48311,62041015.0,5.2,0.31,0.04,1.79
2021-08-23,13.25,14.17,14.18,13.03,127510,177244491.0,8.89,9.59,1.24,4.73
2021-08-24,14.25,13.88,14.3,13.72,90773,126734061.0,4.09,-2.05,-0.29,3.37
2021-08-25,13.98,14.05,14.26,13.64,71768,100570087.0,4.47,1.22,0.17,2.66
2021-08-26,14.06,13.96,14.44,13.81,68421,95864865.0,4.48,-0.64,-0.09,2.54
2021-08-27,13.95,14.0,14.14,13.75,58834,82259803.0,2.79,0.29,0.04,2.18
2021-08-30,14.3,14.81,14.84,14.03,121221,175572998.0,5.79,5.79,0.81,4.5
2021-08-31,14.8,13.33,14.8,13.33,159728,218235270.0,9.93,-9.99,-1.48,5.93
2021-09-01,13.0,12.33,13.24,12.28,144414,182916299.0,7.2,-7.5,-1.0,5.36
2021-09-02,12.34,13.22,13.33,12.33,106148,137441711.0,8.11,7.22,0.89,3.94
2021-09-03,13.28,14.54,14.54,13.28,135613,195151434.0,9.53,9.98,1.32,5.03
2021-09-06,15.62,15.99,15.99,15.11,204538,320836176.0,6.05,9.97,1.45,7.59
2021-09-07,16.5,15.7,16.88,15.21,256587,410367168.0,10.44,-1.81,-0.29,9.53
2021-09-08,16.25,15.93,16.37,15.55,139358,222285346.0,5.22,1.46,0.23,5.17
2021-09-09,15.88,16.22,17.28,15.79,151546,251021036.0,9.35,1.82,0.29,5.63
2021-09-10,16.65,15.8,16.87,15.5,117431,187949643.0,8.45,-2.59,-0.42,4.36
2021-09-13,16.21,17.38,17.38,16.21,102500,175087826.0,7.41,10.0,1.58,3.8
2021-09-14,17.9,17.17,18.56,17.0,226368,403986592.0,8.98,-1.21,-0.21,8.65
2021-09-15,17.69,18.89,18.89,16.85,138152,249492155.0,11.88,10.02,1.72,5.28
2021-09-16,19.68,20.78,20.78,19.28,175246,358997168.0,7.94,10.01,1.89,6.7
2021-09-17,20.39,20.54,21.84,19.22,306386,634506592.0,12.61,-1.15,-0.24,11.71
2021-09-22,20.85,21.52,21.66,19.82,138991,289333824.0,8.96,4.77,0.98,5.31
2021-09-23,21.01,19.37,21.34,19.37,91937,182989844.0,9.15,-9.99,-2.15,3.51
2021-09-24,19.25,18.54,19.36,17.74,153923,288013728.0,8.36,-4.28,-0.83,5.88
2021-09-27,18.54,18.34,19.15,17.6,125076,230234474.0,8.36,-1.08,-0.2,4.78
2021-09-28,18.04,18.07,18.58,17.55,78655,141493895.0,5.62,-1.47,-0.27,3.01
2021-09-29,17.69,17.05,18.4,17.05,80783,141583127.0,7.47,-5.64,-1.02,3.09
2021-09-30,17.3,18.1,18.3,17.22,73476,131166222.0,6.33,6.16,1.05,2.78
2021-10-08,18.02,16.29,18.02,16.29,79167,133160144.0,9.56,-10.0,-1.81,3.0
2021-10-11,15.99,15.7,17.28,15.59,128506,207457499.0,10.37,-3.62,-0.59,4.87
2021-10-12,15.7,15.42,16.48,15.16,99653,156616729.0,8.41,-1.78,-0.28,3.78
2021-10-13,15.52,15.85,16.24,14.94,92618,145131398.0,8.43,2.79,0.43,3.51
2021-10-14,16.36,17.44,17.44,15.4,101109,168028975.0,12.87,10.03,1.59,3.83
2021-10-15,17.0,16.91,17.8,16.25,114779,193823441.0,8.89,-3.04,-0.53,4.35
2021-10-18,16.75,17.45,17.86,16.65,117469,204022784.0,7.16,3.19,0.54,4.45
2021-10-19,17.3,17.68,17.86,16.86,69537,120921222.0,5.73,1.32,0.23,2.64
2021-10-20,17.54,17.83,18.5,17.48,65241,117704577.0,5.77,0.85,0.15,2.47
2021-10-21,17.92,16.96,18.1,16.89,85779,148286571.0,6.79,-4.88,-0.87,3.25
2021-10-22,17.3,15.8,17.3,15.6,98648,159425415.0,10.02,-6.84,-1.16,3.74
2021-10-25,15.8,16.31,16.51,15.69,92018,148419979.0,5.19,3.23,0.51,3.49
2021-10-26,16.09,15.97,16.9,15.72,74060,118904950.0,7.23,-2.08,-0.34,2.81
2021-10-27,15.88,16.45,16.75,15.36,124629,197672496.0,8.7,3.01,0.48,4.72
2021-10-28,16.01,15.45,16.3,15.06,114948,179107236.0,7.54,-6.08,-1.0,4.36
2021-10-29,15.53,14.51,15.78,14.1,188255,275254720.0,10.87,-6.08,-0.94,7.14
2021-11-01,14.42,15.96,15.96,14.36,78707,121052377.0,11.03,9.99,1.45,2.98
2021-11-02,16.05,15.44,17.05,14.96,199144,317796432.0,13.1,-3.26,-0.52,7.55
2021-11-03,15.67,15.84,16.33,15.55,130069,205939072.0,5.05,2.59,0.4,4.93
2021-11-04,16.97,17.42,17.42,16.39,58090,100110901.0,6.5,9.97,1.58,2.2
2021-11-05,19.16,18.09,19.16,17.68,391000,727331680.0,8.5,3.85,0.67,14.82
2021-11-08,17.1,16.34,17.36,16.28,327565,541465616.0,5.97,-9.67,-1.75,12.42
2021-11-09,16.32,16.44,17.28,16.31,178148,297272704.0,5.94,0.61,0.1,6.75
2021-11-10,16.36,16.52,16.76,15.77,163517,265291236.0,6.02,0.49,0.08,6.2
2021-11-11,16.0,15.43,16.19,15.19,185400,290081312.0,6.05,-6.6,-1.09,7.03
2021-11-12,15.4,15.63,15.75,15.27,90332,140553218.0,3.11,1.3,0.2,3.41
2021-11-15,15.59,15.0,16.0,14.93,112372,170633818.0,6.85,-4.03,-0.63,4.24
2021-11-16,14.67,14.5,14.98,14.4,108103,158007443.0,3.87,-3.33,-0.5,4.08
2021-11-17,14.51,15.47,15.6,14.51,112201,169996955.0,7.52,6.69,0.97,4.23
2021-11-18,15.42,16.25,16.47,15.33,155386,247686104.0,7.37,5.04,0.78,5.86
2021-11-19,16.01,17.88,17.88,15.98,203534,348678720.0,11.69,10.03,1.63,7.68
2021-11-22,18.85,19.67,19.67,18.69,295075,569435392.0,5.48,10.01,1.79,11.13
2021-11-23,19.59,18.56,19.67,18.49,228583,431243264.0,6.0,-5.64,-1.11,8.62
2021-11-24,19.01,18.77,19.1,18.4,174798,328576960.0,3.77,1.13,0.21,6.59
2021-11-25,18.84,18.2,19.18,18.17,138696,256769573.0,5.38,-3.04,-0.57,5.23
2021-11-26,18.41,18.07,18.46,17.67,111360,199663907.0,4.34,-0.71,-0.13,4.2
2021-11-29,17.75,18.99,19.25,17.58,183129,339050624.0,9.24,5.09,0.92,6.91
2021-11-30,18.86,19.19,19.25,18.55,149819,284275088.0,3.69,1.05,0.2,5.65
2021-12-01,18.94,18.69,19.88,18.6,130607,248516437.0,6.67,-2.61,-0.5,4.93
2021-12-02,18.69,18.01,18.81,17.99,108711,199523483.0,4.39,-3.64,-0.68,4.1
2021-12-03,18.3,18.22,18.58,17.91,72204,131963579.0,3.72,1.17,0.21,2.72
2021-12-06,18.25,17.31,18.4,17.26,87869,155725334.0,6.26,-4.99,-0.91,3.32
2021-12-07,17.48,16.68,17.64,16.56,87885,147935559.0,6.24,-3.64,-0.63,3.32
2021-12-08,16.87,16.8,17.13,16.5,67923,113769059.0,3.78,0.72,0.12,2.56
2021-12-09,16.66,16.57,16.85,16.33,57951,95650512.0,3.1,-1.37,-0.23,2.19
2021-12-10,16.44,17.58,17.96,16.41,106251,184063050.0,9.35,6.1,1.01,4.01
2021-12-13,17.4,17.28,17.84,16.72,90392,156101135.0,6.37,-1.71,-0.3,3.41
2021-12-14,17.28,17.15,17.48,16.87,53343,91342121.0,3.53,-0.75,-0.13,2.01
2021-12-15,17.2,17.11,17.88,17.1,75063,130606334.0,4.55,-0.23,-0.04,2.83
2021-12-16,17.0,17.28,17.74,16.97,62579,108512410.0,4.5,0.99,0.17,2.36
2021-12-17,17.34,16.85,17.4,16.84,65763,112839573.0,3.24,-2.49,-0.43,2.48
2021-12-20,16.7,16.44,17.0,16.34,52216,86473649.0,3.92,-2.43,-0.41,1.97
2021-12-21,16.44,16.58,16.67,16.33,25024,41333740.0,2.07,0.85,0.14,0.94
2021-12-22,16.7,16.7,16.9,16.42,33321,55424413.0,2.9,0.72,0.12,1.26
2021-12-23,16.82,17.86,18.08,16.49,92573,161516680.0,9.52,6.95,1.16,3.49
2021-12-24,17.86,16.76,18.34,16.64,113913,197342549.0,9.52,-6.16,-1.1,4.3
2021-12-27,16.5,16.95,17.36,16.02,68528,115149300.0,8.0,1.13,0.19,2.59
2021-12-28,16.95,17.19,17.28,16.61,49346,83724310.0,3.95,1.42,0.24,1.86
2021-12-29,17.09,17.75,18.74,17.09,126049,226078430.0,9.6,3.26,0.56,4.76
2021-12-30,18.19,17.88,18.88,17.83,160987,295578992.0,5.92,0.73,0.13,6.07
2021-12-31,18.3,17.41,18.33,17.31,84879,149479711.0,5.7,-2.63,-0.47,3.2
2022-01-04,17.41,16.71,17.47,16.34,97796,162166378.0,6.49,-4.02,-0.7,3.69
2022-01-05,16.67,16.6,17.27,16.33,58331,96763707.0,5.63,-0.66,-0.11,2.2
2022-01-06,16.48,16.4,16.73,16.21,66888,110061922.0,3.13,-1.2,-0.2,2.52
2022-01-07,16.58,15.6,16.58,15.6,90666,143571092.0,5.98,-4.88,-0.8,3.42
2022-01-10,15.61,15.9,15.96,15.3,39746,62782310.0,4.23,1.92,0.3,1.5
2022-01-11,15.81,15.83,16.08,15.75,21532,34189622.0,2.08,-0.44,-0.07,0.81
2022-01-12,15.74,15.85,16.01,15.65,28214,44623012.0,2.27,0.13,0.02,1.06
2022-01-13,15.9,14.86,15.95,14.86,87261,131915055.0,6.88,-6.25,-0.99,3.29
2022-01-14,14.82,15.25,15.39,14.8,45002,68566070.0,3.97,2.62,0.39,1.7
2022-01-17,15.13,15.19,15.43,15.13,32721,49984292.0,1.97,-0.39,-0.06,1.23
2022-01-18,15.24,15.06,15.43,14.86,48735,73746380.0,3.75,-0.86,-0.13,1.84
2022-01-19,15.19,15.09,15.34,14.8,30947,46706448.0,3.59,0.2,0.03,1.17
2022-01-20,15.09,14.51,15.1,14.32,58060,84856782.0,5.17,-3.84,-0.58,2.19
2022-01-21,14.49,14.36,14.49,14.0,36534,51793832.0,3.38,-1.03,-0.15,1.38
2022-01-24,14.36,14.3,14.5,14.07,35032,49955522.0,2.99,-0.42,-0.06,1.32
2022-01-25,14.13,13.72,14.41,13.66,43127,60117119.0,5.24,-4.06,-0.58,1.63
2022-01-26,13.77,13.84,14.2,13.53,45643,63097588.0,4.88,0.87,0.12,1.72
2022-01-27,13.69,13.35,13.85,13.19,49867,66853373.0,4.77,-3.54,-0.49,1.88
2022-01-28,13.38,13.7,14.13,13.16,40322,55037761.0,7.27,2.62,0.35,1.52
2022-02-07,13.97,14.64,14.8,13.77,56447,81614449.0,7.52,6.86,0.94,2.13
2022-02-08,14.66,14.72,14.8,14.05,41416,60015780.0,5.12,0.55,0.08,1.56
2022-02-09,14.58,14.49,14.79,14.34,33048,48060416.0,3.06,-1.56,-0.23,1.25
2022-02-10,14.46,14.25,14.71,14.05,33981,48415986.0,4.55,-1.66,-0.24,1.28
2022-02-11,14.12,13.6,14.12,13.56,29005,40026982.0,3.93,-4.56,-0.65,1.09
2022-02-14,13.62,13.42,13.71,13.31,28881,38894063.0,2.94,-1.32,-0.18,1.09
2022-02-15,13.46,13.87,14.06,13.31,42376,57905191.0,5.59,3.35,0.45,1.6
2022-02-16,14.01,14.19,14.39,13.67,43086,61045696.0,5.19,2.31,0.32,1.63
2022-02-17,14.19,14.33,14.54,14.11,33727,48436180.0,3.03,0.99,0.14,1.27
2022-02-18,14.16,14.23,14.35,14.07,17238,24480396.0,1.95,-0.7,-0.1,0.65
2022-02-21,14.22,14.4,14.45,14.01,19560,27909686.0,3.09,1.19,0.17,0.74
2022-02-22,14.42,14.25,14.65,14.06,26478,37852192.0,4.1,-1.04,-0.15,1.0
2022-02-23,14.4,14.57,14.58,14.22,24704,35711364.0,2.53,2.25,0.32,0.93
2022-02-24,14.61,14.29,14.96,14.08,40388,58516237.0,6.04,-1.92,-0.28,1.52
2022-02-25,14.29,14.5,14.75,14.29,31233,45445864.0,3.22,1.47,0.21,1.18
2022-02-28,14.4,14.05,14.59,13.98,59823,84489927.0,4.21,-3.1,-0.45,2.26
2022-03-01,14.05,14.52,14.8,14.05,72547,105627621.0,5.34,3.35,0.47,2.74
2022-03-02,14.49,14.32,14.62,14.23,32338,46388511.0,2.69,-1.38,-0.2,1.22
2022-03-03,14.35,14.12,14.44,14.01,34488,48699475.0,3.0,-1.4,-0.2,1.3
2022-03-04,14.04,14.06,14.2,14.0,28455,40085709.0,1.42,-0.42,-0.06,1.07
2022-03-07,14.05,13.6,14.05,13.5,29775,40705369.0,3.91,-3.27,-0.46,1.12
2022-03-08,13.5,13.08,13.67,12.93,25947,34346209.0,5.44,-3.82,-0.52,0.98
2022-03-09,13.16,12.93,13.2,12.13,29955,38136315.0,8.18,-1.15,-0.15,1.13
2022-03-10,13.24,13.21,13.31,13.01,16343,21536988.0,2.32,2.17,0.28,0.62
2022-03-11,13.03,13.14,13.25,12.64,24121,31002410.0,4.62,-0.53,-0.07,0.91
2022-03-14,13.14,12.35,13.15,12.18,54668,67886605.0,7.38,-6.01,-0.79,2.06
2022-03-15,12.19,11.6,12.29,11.6,43493,51745404.0,5.59,-6.07,-0.75,1.64
2022-03-16,11.71,11.94,11.98,11.3,34290,40130902.0,5.86,2.93,0.34,1.24
2022-03-17,12.05,11.95,12.48,11.92,30454,36876087.0,4.69,0.08,0.01,1.1
2022-03-18,11.88,12.31,12.35,11.88,29365,35646997.0,3.93,3.01,0.36,1.06
2022-03-21,12.47,13.54,13.54,12.47,18797,25002999.0,8.69,9.99,1.23,0.68
2022-03-22,14.25,13.35,14.25,13.2,94622,127651995.0,7.75,-1.4,-0.19,3.42
2022-03-23,13.44,13.34,13.82,13.25,46621,62986095.0,4.27,-0.07,-0.01,1.69
2022-03-24,13.34,13.03,13.41,13.0,31077,40889880.0,3.07,-2.32,-0.31,1.12
2022-03-25,13.03,12.88,13.16,12.82,22024,28503956.0,2.61,-1.15,-0.15,0.8
2022-03-28,12.76,12.63,12.87,12.49,25931,32779705.0,2.95,-1.94,-0.25,0.94
2022-03-29,12.77,12.39,12.79,12.28,19011,23649903.0,4.04,-1.9,-0.24,0.69
2022-03-30,12.44,12.44,12.55,12.27,16391,20360423.0,2.26,0.4,0.05,0.59
2022-03-31,12.44,12.22,12.54,12.17,16101,19858261.0,2.97,-1.77,-0.22,0.58
2022-04-01,12.19,12.13,12.24,12.03,13757,16682926.0,1.72,-0.74,-0.09,0.5
2022-04-06,12.13,12.2,12.24,11.96,19219,23262589.0,2.31,0.58,0.07,0.69
2022-04-07,12.16,11.7,12.18,11.68,19187,22729443.0,4.1,-4.1,-0.5,0.69
2022-04-08,11.7,11.46,11.84,11.38,26077,30029925.0,3.93,-2.05,-0.24,0.94
2022-04-11,11.6,11.17,11.6,11.08,26018,29153950.0,4.54,-2.53,-0.29,0.94
2022-04-12,11.09,11.5,11.56,10.96,24866,28094524.0,5.37,2.95,0.33,0.9
2022-04-13,11.33,11.3,11.55,11.23,14613,16619680.0,2.78,-1.74,-0.2,0.53
2022-04-14,11.5,11.28,11.5,11.2,14421,16280134.0,2.65,-0.18,-0.02,0.52
2022-04-15,11.29,10.77,11.3,10.75,22495,24495482.0,4.88,-4.52,-0.51,0.81
2022-04-18,10.76,11.25,11.44,10.51,32936,36629294.0,8.64,4.46,0.48,1.19
2022-04-19,11.2,11.48,11.59,11.15,19284,22014493.0,3.91,2.04,0.23,0.7
2022-04-20,11.43,11.22,11.58,11.11,13536,15304488.0,4.09,-2.26,-0.26,0.49
2022-04-21,11.17,10.68,11.25,10.66,16270,17770674.0,5.26,-4.81,-0.54,0.59
2022-04-22,10.65,10.72,10.83,10.46,12964,13766104.0,3.46,0.37,0.04,0.47
2022-04-25,10.58,9.73,10.58,9.66,22353,22579417.0,8.58,-9.24,-0.99,0.81
2022-04-26,9.69,9.08,9.73,8.97,30854,28729783.0,7.81,-6.68,-0.65,1.12
2022-04-27,9.0,9.71,9.74,8.82,27646,25614730.0,10.13,6.94,0.63,1.0
2022-04-28,9.65,9.28,9.68,9.17,27189,25597039.0,5.25,-4.43,-0.43,0.98
2022-04-29,9.29,9.55,9.6,9.2,29052,27351797.0,4.31,2.91,0.27,1.05
2022-05-05,9.77,10.51,10.51,9.68,13627,13863480.0,8.69,10.05,0.96,0.49
2022-05-06,10.7,11.02,11.49,10.2,97830,106569377.0,12.27,4.85,0.51,3.54
2022-05-09,10.68,10.92,11.12,10.42,56650,61219732.0,6.35,-0.91,-0.1,2.05
2022-05-10,10.63,11.35,11.4,10.58,54526,61269137.0,7.51,3.94,0.43,1.97
2022-05-11,11.49,11.55,12.23,11.22,58266,68765064.0,8.9,1.76,0.2,2.11
2022-05-12,11.65,11.68,11.73,11.41,32699,37913274.0,2.77,1.13,0.13,1.18
2022-05-13,11.89,11.78,12.0,11.66,21045,24859202.0,2.91,0.86,0.1,0.76
2022-05-16,12.01,11.66,12.02,11.54,25308,29546438.0,4.07,-1.02,-0.12,0.92
2022-05-17,11.79,11.94,11.95,11.51,24236,28588982.0,3.77,2.4,0.28,0.88
2022-05-18,11.75,12.08,12.24,11.75,26490,32077073.0,4.1,1.17,0.14,0.96
2022-05-19,11.81,13.29,13.29,11.8,94997,121901662.0,12.33,10.02,1.21,3.43
2022-05-20,13.02,13.54,13.82,13.02,71915,97058994.0,6.02,1.88,0.25,2.6
2022-05-23,13.35,13.75,13.88,13.04,63249,85054635.0,6.2,1.55,0.21,2.29
2022-05-24,13.59,13.08,13.86,13.0,40956,55066127.0,6.25,-4.87,-0.67,1.48
2022-05-25,13.18,12.96,13.4,12.78,39197,50645827.0,4.74,-0.92,-0.12,1.42
2022-05-26,12.71,13.03,13.21,12.71,23995,31241960.0,3.86,0.54,0.07,0.87
2022-05-27,13.03,13.05,13.38,12.97,24899,32728553.0,3.15,0.15,0.02,0.9
2022-05-30,13.05,13.15,13.45,12.96,21284,28022705.0,3.75,0.77,0.1,0.77
2022-05-31,13.0,13.91,14.47,13.0,69449,96470736.0,11.18,5.78,0.76,2.51
2022-06-01,13.84,13.76,14.1,13.61,50613,69914213.0,3.52,-1.08,-0.15,1.81
2022-06-02,14.42,14.66,15.06,13.83,145128,210743191.0,8.94,6.54,0.9,5.03
2022-06-06,14.5,14.81,15.21,14.21,137057,201487208.0,6.82,1.02,0.15,4.75
2022-06-07,14.64,14.01,14.71,13.8,107002,152266562.0,6.14,-5.4,-0.8,3.61
2022-06-08,13.96,13.71,14.19,13.4,60406,83079509.0,5.64,-2.14,-0.3,2.04
2022-06-09,13.69,13.17,14.1,13.03,95551,128414506.0,7.8,-3.94,-0.54,3.22
2022-06-10,13.01,13.8,13.9,12.92,82150,112101005.0,7.44,4.78,0.63,2.77
2022-06-13,13.67,13.69,13.8,13.42,81372,111020710.0,2.75,-0.8,-0.11,2.68
2022-06-14,13.52,14.01,14.11,13.12,74088,101199297.0,7.23,2.34,0.32,2.44
2022-06-15,14.01,13.73,14.3,13.61,64943,90110507.0,4.93,-2.0,-0.28,2.14
2022-06-16,13.74,14.54,14.55,13.62,112720,160512861.0,6.77,5.9,0.81,3.71
2022-06-17,14.36,15.8,15.99,14.1,229446,351166336.0,13.0,8.67,1.26,7.55
2022-06-20,16.16,16.85,17.35,16.16,211446,352507168.0,7.53,6.65,1.05,6.95
2022-06-21,16.9,16.78,17.28,16.43,98071,165298195.0,5.04,-0.42,-0.07,3.23
2022-06-22,16.69,16.58,17.05,16.43,73153,122667501.0,3.69,-1.19,-0.2,2.41
2022-06-23,16.48,16.96,17.1,16.36,79578,133655226.0,4.46,2.29,0.38,2.62
2022-06-24,16.7,17.32,18.02,16.56,124028,216600500.0,8.61,2.12,0.36,4.08
2022-06-27,17.17,17.35,17.62,16.71,104584,178837513.0,5.25,0.17,0.03,3.44
2022-06-28,17.29,16.83,17.35,16.78,54913,93366488.0,3.29,-3.0,-0.52,1.81
2022-06-29,17.0,16.03,17.48,15.84,142828,236150304.0,9.74,-4.75,-0.8,4.7
2022-06-30,16.26,15.87,16.69,15.3,100122,160937151.0,8.67,-1.0,-0.16,3.29
2022-07-01,16.13,15.93,16.29,15.4,53950,86458366.0,5.61,0.38,0.06,1.77
2022-07-04,15.93,16.07,16.3,15.36,92466,145867110.0,5.9,0.88,0.14,3.04
2022-07-05,16.05,15.4,16.3,15.2,65203,101863542.0,6.85,-4.17,-0.67,2.14
2022-07-06,15.43,15.57,16.47,15.33,69244,109282849.0,7.4,1.1,0.17,2.28
2022-07-07,15.51,15.71,15.94,14.83,62309,97080363.0,7.13,0.9,0.14,2.05
2022-07-08,15.96,15.15,15.99,15.06,57158,88309722.0,5.92,-3.56,-0.56,1.88
2022-07-11,15.26,15.46,15.61,15.07,74504,114164917.0,3.56,2.05,0.31,2.45
2022-07-12,15.2,15.93,16.38,15.2,108351,173159073.0,7.63,3.04,0.47,3.56
2022-07-13,16.14,16.5,17.13,16.03,124912,207083883.0,6.91,3.58,0.57,4.11
2022-07-14,16.52,17.3,17.88,16.2,137114,236170471.0,10.18,4.85,0.8,4.51
2022-07-15,17.2,17.25,17.55,16.76,91235,156801420.0,4.57,-0.29,-0.05,3.0
2022-07-18,17.39,16.98,17.39,16.56,103824,175503739.0,4.81,-1.57,-0.27,3.41
2022-07-19,16.88,16.05,16.9,15.88,109048,177812951.0,6.01,-5.48,-0.93,3.59
2022-07-20,16.05,17.32,17.66,15.91,187994,321351288.0,10.9,7.91,1.27,6.18
2022-07-21,17.32,17.23,18.19,17.09,163521,288651671.0,6.35,-0.52,-0.09,5.38
2022-07-22,17.46,18.23,18.5,17.29,184887,333025608.0,7.02,5.8,1.0,6.08
2022-07-25,18.2,17.4,18.5,16.95,99500,174690105.0,8.5,-4.55,-0.83,3.27
2022-07-26,17.4,17.09,17.47,16.81,68535,117604206.0,3.79,-1.78,-0.31,2.25
2022-07-27,17.11,18.23,18.28,16.78,99652,177211678.0,8.78,6.67,1.14,3.28
2022-07-28,18.4,18.93,19.25,17.83,153656,287775882.0,7.79,3.84,0.7,5.05
2022-07-29,18.83,19.16,19.73,18.24,127558,244275835.0,7.87,1.22,0.23,4.2
2022-08-01,19.27,19.47,20.13,18.57,150857,292791427.0,8.14,1.62,0.31,4.96
2022-08-02,19.48,19.12,19.98,18.3,94116,179735561.0,8.63,-1.8,-0.35,3.1
2022-08-03,19.1,18.63,19.6,18.58,89190,169713055.0,5.33,-2.56,-0.49,2.93
2022-08-04,18.63,18.38,19.0,17.75,90305,164903361.0,6.71,-1.34,-0.25,2.97
2022-08-05,18.52,17.68,18.8,17.45,83288,148534687.0,7.34,-3.81,-0.7,2.74
2022-08-08,17.7,18.52,18.74,17.12,76798,139209688.0,9.16,4.75,0.84,2.53
2022-08-09,18.22,19.32,19.55,18.15,91770,176078898.0,7.56,4.32,0.8,3.02
2022-08-10,19.23,19.4,19.5,18.79,44360,85303958.0,3.67,0.41,0.08,1.46
2022-08-11,19.57,19.2,20.1,18.86,74669,144693770.0,6.39,-1.03,-0.2,2.46
2022-08-12,20.0,18.98,20.0,18.77,53625,102916792.0,6.41,-1.15,-0.22,1.76
2022-08-15,18.69,19.21,19.48,18.61,30847,59192269.0,4.58,1.21,0.23,1.01
2022-08-16,19.32,21.13,21.13,19.24,102666,215381586.0,9.84,9.99,1.92,3.38
2022-08-17,21.87,20.99,21.87,20.2,164094,342287408.0,7.9,-0.66,-0.14,5.4
2022-08-18,21.1,21.39,21.47,20.71,90438,191027999.0,3.62,1.91,0.4,2.97
2022-08-19,21.28,19.25,21.28,19.25,125600,249027323.0,9.49,-10.0,-2.14,4.13
2022-08-22,18.26,18.6,19.1,17.8,103859,191736606.0,6.75,-3.38,-0.65,3.42
2022-08-23,18.48,19.25,20.25,18.39,109935,212649514.0,10.0,3.49,0.65,3.62
2022-08-24,19.27,17.33,19.4,17.33,108365,193685128.0,10.75,-9.97,-1.92,3.56
2022-08-25,16.97,16.51,17.58,16.09,183834,303326463.0,8.6,-4.73,-0.82,6.05
2022-08-26,16.66,16.64,17.2,16.4,86265,145295420.0,4.85,0.79,0.13,2.84
2022-08-29,16.32,17.25,17.66,16.18,108912,187965312.0,8.89,3.67,0.61,3.58
2022-08-30,17.33,17.08,17.6,16.8,68545,117841838.0,4.64,-0.99,-0.17,2.25
2022-08-31,17.05,15.91,17.23,15.74,111816,180615490.0,8.72,-6.85,-1.17,3.68
2022-09-01,16.19,16.23,16.6,15.91,61027,99372920.0,4.34,2.01,0.32,2.01
2022-09-02,16.29,15.75,16.47,15.6,98174,156818431.0,5.36,-2.96,-0.48,3.23
2022-09-05,15.91,16.09,16.68,15.67,71638,116526424.0,6.41,2.16,0.34,2.36
2022-09-06,16.4,16.52,16.7,15.6,101942,165274191.0,6.84,2.67,0.43,3.35
2022-09-07,16.55,17.37,18.0,16.42,119691,208368079.0,9.56,5.15,0.85,3.94
2022-09-08,17.39,17.29,17.77,16.96,74322,128301162.0,4.66,-0.46,-0.08,2.44
2022-09-09,17.27,17.0,17.39,16.18,91496,152950216.0,7.0,-1.68,-0.29,3.01
2022-09-13,16.9,16.76,17.14,16.32,54624,91050302.0,4.82,-1.41,-0.24,1.8
2022-09-14,16.35,16.76,17.09,16.35,54071,90401445.0,4.42,0.0,0.0,1.78
2022-09-15,16.67,15.56,16.94,15.26,110877,174422537.0,10.02,-7.16,-1.2,3.65
2022-09-16,15.7,15.64,15.91,15.31,67858,106307871.0,3.86,0.51,0.08,2.12
2022-09-19,15.46,14.98,15.68,14.9,54271,82186733.0,4.99,-4.22,-0.66,1.69
2022-09-20,15.14,15.37,15.84,15.14,49664,76923198.0,4.67,2.6,0.39,1.55
2022-09-21,15.62,15.14,15.62,15.0,32638,49607335.0,4.03,-1.5,-0.23,1.02
2022-09-22,15.0,15.19,15.59,14.84,37601,57464485.0,4.95,0.33,0.05,1.17
2022-09-23,15.12,14.32,15.28,13.91,123889,178127195.0,9.02,-5.73,-0.87,3.86
2022-09-26,14.2,14.41,14.78,13.98,64012,92397546.0,5.59,0.63,0.09,2.0
2022-09-27,14.45,14.64,15.08,14.31,79531,116088615.0,5.34,1.6,0.23,2.46
2022-09-28,14.63,14.14,15.26,14.01,81551,117571174.0,8.54,-3.42,-0.5,2.52
2022-09-29,14.16,14.2,14.47,13.85,47561,67445992.0,4.38,0.42,0.06,1.47
2022-09-30,14.14,13.55,14.14,13.47,52886,72333938.0,4.72,-4.58,-0.65,1.63
2022-10-10,13.58,13.18,13.59,13.02,41636,55072768.0,4.21,-2.73,-0.37,1.29
2022-10-11,13.18,13.49,13.65,12.91,44019,59073260.0,5.61,2.35,0.31,1.36
2022-10-12,13.6,14.84,14.84,13.21,69626,97028803.0,12.08,10.01,1.35,2.15
2022-10-13,15.1,15.16,15.75,14.57,118397,181371600.0,7.95,2.16,0.32,3.66
2022-10-14,15.3,15.45,15.61,14.93,87956,134394901.0,4.49,1.91,0.29,2.72
2022-10-17,15.42,15.84,16.18,15.36,73659,116141215.0,5.31,2.52,0.39,2.28
2022-10-18,15.89,16.26,16.56,15.51,97593,156809602.0,6.63,2.65,0.42,3.02
2022-10-19,16.19,15.89,16.35,15.83,67804,108892539.0,3.2,-2.28,-0.37,2.09
2022-10-20,15.8,15.39,15.85,15.3,65736,102032624.0,3.46,-3.15,-0.5,2.03
2022-10-21,15.45,16.14,16.35,15.45,87096,139420495.0,5.85,4.87,0.75,2.69
2022-10-24,16.3,16.43,16.8,16.11,86795,142469903.0,4.28,1.8,0.29,2.68
2022-10-25,16.37,17.03,17.58,16.08,109488,184181159.0,9.13,3.65,0.6,3.38
2022-10-26,16.8,16.92,17.15,16.36,86782,145801235.0,4.64,-0.65,-0.11,2.68
2022-10-27,16.8,16.02,17.08,15.96,82535,135120312.0,6.62,-5.32,-0.9,2.55
2022-10-28,16.12,15.84,16.64,15.71,88516,143314630.0,5.81,-1.12,-0.18,2.73
2022-10-31,15.46,15.79,16.11,15.38,56104,88385052.0,4.61,-0.32,-0.05,1.73
2022-11-01,15.85,16.18,16.3,15.46,59506,95024897.0,5.32,2.47,0.39,1.84
2022-11-02,16.06,16.02,16.17,15.51,62722,99765053.0,4.08,-0.99,-0.16,1.94
2022-11-03,15.99,16.25,16.55,15.8,60955,98730782.0,4.68,1.44,0.23,1.88
2022-11-04,16.26,17.1,17.33,16.02,173572,292166991.0,8.06,5.23,0.85,5.36
2022-11-07,17.19,16.45,17.35,16.32,132076,220150018.0,6.02,-3.8,-0.65,4.08
2022-11-08,16.43,16.7,17.05,16.15,75660,125463413.0,5.47,1.52,0.25,2.34
2022-11-09,16.5,16.03,16.54,16.03,66155,107325191.0,3.05,-4.01,-0.67,2.04
2022-11-10,16.05,15.39,16.1,15.32,64343,100555572.0,4.87,-3.99,-0.64,1.99
2022-11-11,15.8,15.65,16.04,15.39,60209,94305836.0,4.22,1.69,0.26,1.86
2022-11-14,15.45,14.58,15.74,14.39,108392,161201728.0,8.63,-6.84,-1.07,3.35
2022-11-15,14.53,15.24,15.34,14.42,70608,106237460.0,6.31,4.53,0.66,2.18
2022-11-16,15.24,15.1,15.54,15.0,49157,75101140.0,3.54,-0.92,-0.14,1.52
2022-11-17,14.86,14.79,15.08,14.46,52385,76768491.0,4.11,-2.05,-0.31,1.62
2022-11-18,14.79,14.95,15.21,14.56,43659,65541275.0,4.39,1.08,0.16,1.35
2022-11-21,14.96,16.03,16.12,14.62,109332,170359820.0,10.03,7.22,1.08,3.38
2022-11-22,15.97,15.29,16.03,15.21,61672,96056911.0,5.12,-4.62,-0.74,1.91
2022-11-23,15.27,15.35,15.55,14.8,45485,68896331.0,4.91,0.39,0.06,1.41
2022-11-24,15.34,15.28,15.5,15.06,38315,58701065.0,2.87,-0.46,-0.07,1.18
2022-11-25,15.16,14.8,15.2,14.77,37987,56586939.0,2.81,-3.14,-0.48,1.17
2022-11-28,14.52,14.77,14.86,14.41,32015,46809879.0,3.04,-0.2,-0.03,0.99
2022-11-29,14.68,14.85,15.03,14.66,28648,42510175.0,2.51,0.54,0.08,0.89
2022-11-30,14.77,14.62,14.9,14.53,35573,52173886.0,2.49,-1.55,-0.23,1.1
2022-12-01,14.62,14.92,15.18,14.62,44631,66625915.0,3.83,2.05,0.3,1.38
2022-12-02,14.8,15.11,15.35,14.78,43050,65102467.0,3.82,1.27,0.19,1.33
2022-12-05,15.28,14.81,15.28,14.68,45782,67972098.0,3.97,-1.99,-0.3,1.41
2022-12-06,14.76,14.67,14.9,14.63,30990,45592472.0,1.82,-0.95,-0.14,0.96
2022-12-07,14.7,14.68,14.92,14.51,31345,46232381.0,2.79,0.07,0.01,0.97
2022-12-08,14.62,14.62,14.84,14.56,18399,26973067.0,1.91,-0.41,-0.06,0.57
2022-12-09,14.65,14.07,14.65,14.01,51764,73749301.0,4.38,-3.76,-0.55,1.6
2022-12-12,14.07,14.16,14.26,13.86,25689,36239857.0,2.84,0.64,0.09,0.79
2022-12-13,14.27,14.05,14.29,13.96,18799,26474836.0,2.33,-0.78,-0.11,0.58
2022-12-14,14.1,13.82,14.16,13.75,27129,37823866.0,2.92,-1.64,-0.23,0.84
2022-12-15,13.98,14.0,14.08,13.65,41468,57480245.0,3.11,1.3,0.18,1.28
2022-12-16,13.9,13.63,13.93,13.5,28339,38726933.0,3.07,-2.64,-0.37,0.88
2022-12-19,13.69,13.51,13.88,13.43,21775,29596288.0,3.3,-0.88,-0.12,0.67
2022-12-20,13.48,13.92,13.92,13.39,42094,57911588.0,3.92,3.03,0.41,1.3
2022-12-21,13.9,13.42,13.94,13.37,28155,38304416.0,4.09,-3.59,-0.5,0.87
2022-12-22,13.4,13.09,13.6,13.0,42392,56074321.0,4.47,-2.46,-0.33,1.31
2022-12-23,12.99,13.14,13.26,12.97,28542,37280255.0,2.22,0.38,0.05,0.88
2022-12-26,13.03,13.76,13.8,13.03,37627,51283993.0,5.86,4.72,0.62,1.16
2022-12-27,13.78,13.93,14.03,13.64,28018,38797410.0,2.83,1.24,0.17,0.87
2022-12-28,13.91,13.53,13.91,13.46,27763,37730886.0,3.23,-2.87,-0.4,0.86
2022-12-29,13.61,13.44,13.7,13.34,40409,54551116.0,2.66,-0.67,-0.09,1.25
2022-12-30,13.49,13.31,13.75,13.25,36870,49531720.0,3.72,-0.97,-0.13,1.14
2023-01-03,13.32,14.02,14.15,13.27,63380,87426091.0,6.61,5.33,0.71,1.96
2023-01-04,14.0,13.67,14.08,13.5,51573,71041447.0,4.14,-2.5,-0.35,1.59
2023-01-05,13.62,13.97,14.05,13.62,45412,63242574.0,3.15,2.19,0.3,1.4
2023-01-06,13.97,14.14,14.4,13.94,54659,77478372.0,3.29,1.22,0.17,1.69
2023-01-09,14.19,14.27,14.59,14.14,62819,90127862.0,3.18,0.92,0.13,1.94
2023-01-10,14.36,14.2,14.39,14.08,28236,40036688.0,2.17,-0.49,-0.07,0.87
2023-01-11,14.2,13.97,14.33,13.92,40335,56803489.0,2.89,-1.62,-0.23,1.25
2023-01-12,13.96,14.1,14.38,13.91,51263,72778820.0,3.36,0.93,0.13,1.58
2023-01-13,14.04,14.02,14.38,13.91,34063,47766356.0,3.33,-0.57,-0.08,1.05
2023-01-16,13.92,14.15,14.24,13.92,37156,52506489.0,2.28,0.93,0.13,1.15
2023-01-17,14.26,14.2,14.55,14.01,43776,62388559.0,3.82,0.35,0.05,1.35
2023-01-18,14.25,14.34,14.43,14.1,35642,50912086.0,2.32,0.99,0.14,1.1
2023-01-19,14.24,14.27,14.38,14.15,31375,44613728.0,1.6,-0.49,-0.07,0.97
2023-01-20,14.24,14.44,14.57,14.24,39328,56703661.0,2.31,1.19,0.17,1.22
2023-01-30,14.65,14.88,15.18,14.64,63821,94983551.0,3.74,3.05,0.44,1.97
2023-01-31,14.81,15.46,15.6,14.8,114517,176231108.0,5.38,3.9,0.58,3.54
2023-02-01,15.46,15.67,15.8,15.28,85344,133227707.0,3.36,1.36,0.21,2.64
2023-02-02,15.76,15.44,15.8,15.35,53829,83547059.0,2.87,-1.47,-0.23,1.66
2023-02-03,15.43,15.19,15.43,14.94,45114,68372132.0,3.17,-1.62,-0.25,1.39
2023-02-06,15.08,15.1,15.21,14.95,36022,54250882.0,1.71,-0.59,-0.09,1.11
2023-02-07,15.03,15.46,15.79,15.03,68240,105310617.0,5.03,2.38,0.36,2.11
2023-02-08,15.37,15.42,15.55,15.28,35288,54341869.0,1.75,-0.26,-0.04,1.09
2023-02-09,15.31,15.59,15.7,15.18,50180,78095829.0,3.37,1.1,0.17,1.55
2023-02-10,15.59,15.34,15.59,15.23,39775,61203998.0,2.31,-1.6,-0.25,1.23
2023-02-13,15.41,15.36,15.64,15.25,44496,68447424.0,2.54,0.13,0.02,1.37
2023-02-14,15.35,15.2,15.38,15.01,65087,98684811.0,2.41,-1.04,-0.16,2.01
2023-02-15,15.29,15.08,15.35,15.0,43044,65048445.0,2.3,-0.79,-0.12,1.33
2023-02-16,15.06,14.4,15.17,14.24,93298,137142901.0,6.17,-4.51,-0.68,2.88
2023-02-17,14.44,14.49,14.68,14.35,51937,75434270.0,2.29,0.63,0.09,1.6
2023-02-20,14.6,14.79,14.88,14.31,42013,61513610.0,3.93,2.07,0.3,1.3
2023-02-21,14.69,14.87,14.96,14.61,33263,49257574.0,2.37,0.54,0.08,1.03
2023-02-22,14.83,14.93,15.15,14.69,38355,57548667.0,3.09,0.4,0.06,1.19
2023-02-23,14.96,14.91,15.03,14.79,23552,35062779.0,1.61,-0.13,-0.02,0.73
2023-02-24,14.93,14.87,14.98,14.73,25299,37569238.0,1.68,-0.27,-0.04,0.78
2023-02-27,14.77,14.7,15.02,14.64,29327,43411641.0,2.56,-1.14,-0.17,0.91
2023-02-28,14.75,14.67,14.79,14.48,29179,42608120.0,2.11,-0.2,-0.03,0.9
2023-03-01,14.68,14.55,14.68,14.44,36364,52811110.0,1.64,-0.82,-0.12,1.12
2023-03-02,14.59,14.18,14.6,14.11,64875,92537118.0,3.37,-2.54,-0.37,2.0
2023-03-03,14.13,14.12,14.33,14.06,28761,40677178.0,1.9,-0.42,-0.06,0.89
2023-03-06,14.1,13.95,14.18,13.78,84050,116997954.0,2.83,-1.2,-0.17,2.6
2023-03-07,13.93,13.5,13.95,13.5,56467,77471015.0,3.23,-3.23,-0.45,1.74
2023-03-08,13.5,13.75,13.75,13.5,34013,46551661.0,1.85,1.85,0.25,1.05
2023-03-09,13.74,13.65,13.89,13.59,31733,43521457.0,2.18,-0.73,-0.1,0.98
2023-03-10,13.59,13.41,13.64,13.2,54631,73160196.0,3.22,-1.76,-0.24,1.69
2023-03-13,13.37,13.28,13.52,13.21,29388,39139599.0,2.31,-0.97,-0.13,0.91
2023-03-14,13.3,13.03,13.35,12.87,39562,51454276.0,3.61,-1.88,-0.25,1.22
2023-03-15,13.1,13.29,13.41,13.07,32771,43566440.0,2.61,2.0,0.26,1.01
2023-03-16,13.29,13.0,13.29,12.93,41034,53683624.0,2.71,-2.18,-0.29,1.27
2023-03-17,13.03,12.79,13.2,12.65,47671,61365907.0,4.23,-1.62,-0.21,1.47
2023-03-20,12.84,12.67,12.84,12.53,53461,67521233.0,2.42,-0.94,-0.12,1.65
2023-03-21,12.74,12.94,12.95,12.62,35293,45209109.0,2.6,2.13,0.27,1.09
2023-03-22,13.0,12.91,13.19,12.83,44525,57930466.0,2.78,-0.23,-0.03,1.38
2023-03-23,12.9,12.73,12.92,12.64,46413,59068074.0,2.17,-1.39,-0.18,1.43
2023-03-24,12.83,12.66,12.85,12.64,37816,48012735.0,1.65,-0.55,-0.07,1.17
2023-03-27,12.66,12.71,12.79,12.6,37998,48297520.0,1.5,0.39,0.05,1.17
2023-03-28,12.79,12.51,12.82,12.46,43139,54358829.0,2.83,-1.57,-0.2,1.33
2023-03-29,12.51,12.39,12.62,12.37,35267,43930920.0,2.0,-0.96,-0.12,1.09
2023-03-30,12.39,12.57,12.73,12.35,40265,50596173.0,3.07,1.45,0.18,1.24
2023-03-31,12.51,12.68,12.72,12.48,28278,35737250.0,1.91,0.88,0.11,0.87
2023-04-03,12.77,12.61,12.77,12.5,36244,45599046.0,2.13,-0.55,-0.07,1.12
2023-04-04,12.63,12.32,12.63,12.18,52336,64609514.0,3.57,-2.3,-0.29,1.62
2023-04-06,12.37,12.44,12.45,12.17,29790,36700348.0,2.27,0.97,0.12,0.92
2023-04-07,12.43,12.31,12.51,12.27,27812,34462775.0,1.93,-1.05,-0.13,0.86
2023-04-10,12.33,12.35,12.4,12.25,24950,30788417.0,1.22,0.32,0.04,0.77
2023-04-11,12.31,12.21,12.35,12.08,30063,36644304.0,2.19,-1.13,-0.14,0.93
2023-04-12,12.22,12.25,12.27,12.07,30717,37374048.0,1.64,0.33,0.04,0.95
2023-04-13,12.28,12.1,12.29,12.1,22318,27075418.0,1.55,-1.22,-0.15,0.69
2023-04-14,12.16,12.2,12.25,12.03,25503,31035545.0,1.82,0.83,0.1,0.79
2023-04-17,12.14,12.62,12.74,12.06,62483,78634847.0,5.57,3.44,0.42,1.93
2023-04-18,12.59,12.61,12.73,12.53,26654,33645335.0,1.58,-0.08,-0.01,0.82
2023-04-19,12.65,12.57,12.65,12.45,24662,30890346.0,1.59,-0.32,-0.04,0.76
2023-04-20,12.56,12.4,12.56,12.23,26723,33021375.0,2.63,-1.35,-0.17,0.83
2023-04-21,12.39,11.91,12.52,11.91,31690,38499824.0,4.92,-3.95,-0.49,0.98
2023-04-24,11.92,11.67,12.03,11.5,37448,43757397.0,4.45,-2.02,-0.24,1.16
2023-04-25,11.73,11.44,11.77,11.18,42470,48383421.0,5.06,-1.97,-0.23,1.31
2023-04-26,11.44,11.67,11.87,11.42,54013,63235113.0,3.93,2.01,0.23,1.67
2023-04-27,11.6,11.69,11.82,11.52,37724,44013299.0,2.57,0.17,0.02,1.17
2023-04-28,11.5,11.39,11.73,11.23,59036,66907530.0,4.28,-2.57,-0.3,1.82
2023-05-04,11.39,11.57,11.92,11.26,59832,69804429.0,5.79,1.58,0.18,1.85
2023-05-05,11.5,11.18,11.61,11.1,55320,62037523.0,4.41,-3.37,-0.39,1.71
2023-05-08,11.23,11.38,11.54,11.23,43609,49647345.0,2.77,1.79,0.2,1.35
2023-05-09,11.42,10.98,11.42,10.96,47291,52569400.0,4.04,-3.51,-0.4,1.46
2023-05-10,11.09,11.3,11.44,10.95,46423,52086624.0,4.46,2.91,0.32,1.43
2023-05-11,11.39,11.43,11.65,11.16,49866,56997154.0,4.34,1.15,0.13,1.54
2023-05-12,11.38,11.12,11.47,11.02,39635,44293168.0,3.94,-2.71,-0.31,1.22
2023-05-15,11.06,11.34,11.43,11.06,37826,42715307.0,3.33,1.98,0.22,1.17
2023-05-16,11.35,11.63,11.79,11.27,72281,83798562.0,4.59,2.56,0.29,2.23
2023-05-17,11.6,11.7,11.77,11.51,34439,40153008.0,2.24,0.6,0.07,1.06
2023-05-18,11.77,11.75,11.89,11.6,33312,39119590.0,2.48,0.43,0.05,1.03
2023-05-19,11.8,11.77,11.87,11.66,24785,29173419.0,1.79,0.17,0.02,0.77
2023-05-22,11.7,12.14,12.24,11.67,45093,54374512.0,4.84,3.14,0.37,1.39
2023-05-23,12.14,11.99,12.26,11.97,33117,40023480.0,2.39,-1.24,-0.15,1.02
2023-05-24,11.99,12.01,12.15,11.88,22823,27455676.0,2.25,0.17,0.02,0.71
2023-05-25,12.12,12.17,12.27,11.94,37660,45621631.0,2.75,1.33,0.16,1.16
2023-05-26,12.2,12.14,12.24,11.85,34504,41552411.0,3.2,-0.25,-0.03,1.07
2023-05-29,12.15,11.9,12.15,11.88,28584,34232779.0,2.22,-1.98,-0.24,0.88
2023-05-30,12.19,12.29,12.87,12.02,159460,197521437.0,7.14,3.28,0.39,4.93
2023-05-31,12.44,11.99,12.46,11.97,89518,108436814.0,3.99,-2.44,-0.3,2.77
2023-06-01,12.05,11.94,12.07,11.72,58881,70315103.0,2.92,-0.42,-0.05,1.82
2023-06-02,11.94,12.02,12.24,11.92,35558,42850136.0,2.68,0.67,0.08,1.1
2023-06-05,11.98,11.91,12.13,11.84,31593,37686886.0,2.41,-0.92,-0.11,0.98
2023-06-06,11.9,11.6,11.96,11.57,35610,41718279.0,3.27,-2.6,-0.31,1.1
2023-06-07,11.59,11.53,11.66,11.47,25817,29863859.0,1.64,-0.6,-0.07,0.8
2023-06-08,11.53,11.45,11.75,11.42,26172,30181795.0,2.86,-0.69,-0.08,0.81
2023-06-09,11.45,11.7,11.8,11.4,29537,34297812.0,3.49,2.18,0.25,0.91
2023-06-12,11.69,11.98,12.05,11.55,42267,50098955.0,4.27,2.39,0.28,1.31
2023-06-13,11.91,12.18,12.25,11.91,37774,45804766.0,2.84,1.67,0.2,1.17
2023-06-14,12.21,11.98,12.23,11.87,31139,37260658.0,2.96,-1.64,-0.2,0.96
2023-06-15,11.98,12.94,12.96,11.84,142131,178382915.0,9.35,8.01,0.96,4.39
2023-06-16,12.95,13.65,13.77,12.82,215766,290852231.0,7.34,5.49,0.71,6.67
2023-06-19,13.8,14.92,14.99,13.66,264433,381345182.0,9.74,9.3,1.27,8.17
2023-06-20,15.19,15.94,16.28,14.79,395538,616124356.0,9.99,6.84,1.02,12.22
2023-06-21,15.38,14.95,15.87,14.8,220060,337170599.0,6.71,-6.21,-0.99,6.8
2023-06-26,14.95,14.45,15.24,14.35,185596,274733034.0,5.95,-3.34,-0.5,5.73
2023-06-27,14.44,13.84,14.69,13.47,302508,419491426.0,8.44,-4.22,-0.61,9.35
2023-06-28,13.83,14.08,14.35,13.31,230137,318650004.0,7.51,1.73,0.24,7.11
2023-06-29,13.94,14.76,15.3,13.94,252639,372878417.0,9.66,4.83,0.68,7.81
2023-06-30,14.73,14.88,15.13,14.35,170663,252281433.0,5.28,0.81,0.12,5.27
2023-07-03,15.04,14.94,15.5,14.81,225344,341427378.0,4.64,0.4,0.06,6.96
2023-07-04,14.81,15.13,15.3,14.66,155328,234224178.0,4.28,1.27,0.19,4.8
2023-07-05,15.13,15.04,15.45,14.8,125291,190073412.0,4.3,-0.59,-0.09,3.87
2023-07-06,15.04,16.54,16.54,14.82,260997,414405023.0,11.44,9.97,1.5,8.06
2023-07-07,16.9,16.83,17.98,15.74,503683,848006269.0,13.54,1.75,0.29,15.56
2023-07-10,16.58,15.58,17.1,15.15,369522,587588228.0,11.59,-7.43,-1.25,11.42
2023-07-11,15.6,15.87,16.35,15.5,276981,440116973.0,5.46,1.86,0.29,8.56
2023-07-12,16.05,15.68,16.85,15.59,246440,398670323.0,7.94,-1.2,-0.19,7.61
2023-07-13,15.56,15.77,16.05,15.36,181920,285563388.0,4.4,0.57,0.09,5.62
2023-07-14,15.57,15.77,16.32,15.5,150913,241317023.0,5.2,0.0,0.0,4.66
2023-07-17,15.67,15.37,15.96,15.17,123936,191437784.0,5.01,-2.54,-0.4,3.83
2023-07-18,15.39,15.63,15.96,15.3,120876,189659155.0,4.29,1.69,0.26,3.73
2023-07-19,15.6,15.04,15.62,14.93,122979,186055389.0,4.41,-3.77,-0.59,3.8
2023-07-20,15.05,14.98,15.43,14.9,91559,138778219.0,3.52,-0.4,-0.06,2.83
2023-07-21,14.92,14.49,14.94,14.46,85499,125037756.0,3.2,-3.27,-0.49,2.64
2023-07-24,14.45,14.26,14.7,14.2,92576,133134463.0,3.45,-1.59,-0.23,2.86
2023-07-25,14.47,14.66,14.88,14.32,70181,102795288.0,3.93,2.81,0.4,2.17
2023-07-26,14.73,14.04,14.73,13.93,77108,108871311.0,5.46,-4.23,-0.62,2.38
2023-07-27,14.17,14.39,14.7,14.09,76656,110720424.0,4.34,2.49,0.35,2.37
2023-07-28,14.3,14.75,14.85,13.91,102266,148328045.0,6.53,2.5,0.36,3.16
2023-07-31,14.75,14.56,14.86,14.44,77266,112798168.0,2.85,-1.29,-0.19,2.39
2023-08-01,14.5,14.16,14.63,14.05,75267,106880002.0,3.98,-2.75,-0.4,2.33
2023-08-02,14.1,14.6,14.76,14.01,104806,151790071.0,5.3,3.11,0.44,3.24
2023-08-03,14.49,14.22,14.84,14.14,79637,114400279.0,4.79,-2.6,-0.38,2.46
2023-08-04,14.32,14.32,14.71,13.95,125560,179662889.0,5.34,0.7,0.1,3.88
2023-08-07,14.23,13.97,14.42,13.83,88353,123917223.0,4.12,-2.44,-0.35,2.73
2023-08-08,13.85,13.78,14.29,13.7,84844,118330795.0,4.22,-1.36,-0.19,2.62
2023-08-09,13.69,13.45,13.98,13.4,56971,77400328.0,4.21,-2.39,-0.33,1.76
2023-08-10,13.45,13.36,13.73,13.3,44743,60291591.0,3.2,-0.67,-0.09,1.38
2023-08-11,13.37,13.08,13.37,13.08,46503,61379651.0,2.17,-2.1,-0.28,1.44
2023-08-14,13.0,13.61,13.66,12.94,69472,92638163.0,5.5,4.05,0.53,2.15
2023-08-15,13.58,14.29,14.9,13.54,198633,287008781.0,9.99,5.0,0.68,6.14
2023-08-16,14.34,13.85,14.85,13.8,134101,193014085.0,7.35,-3.08,-0.44,4.14
2023-08-17,13.9,15.24,15.24,13.64,204651,299351596.0,11.55,10.04,1.39,6.32
2023-08-18,15.49,14.97,15.51,14.9,203781,308987560.0,4.0,-1.77,-0.27,6.3
2023-08-21,14.76,14.57,15.0,14.51,132724,195169968.0,3.27,-2.67,-0.4,4.07
2023-08-22,14.57,14.55,14.78,14.17,134018,193648582.0,4.19,-0.14,-0.02,4.11
2023-08-23,14.44,14.69,15.28,13.94,219626,323801605.0,9.21,0.96,0.14,6.74
2023-08-24,14.61,14.51,15.0,14.29,142055,206907135.0,4.83,-1.23,-0.18,4.36
2023-08-25,14.4,13.72,14.46,13.66,144716,201183396.0,5.51,-5.44,-0.79,4.44
2023-08-28,14.64,13.77,14.66,13.72,116351,163863301.0,6.85,0.36,0.05,3.57
2023-08-29,13.61,15.15,15.15,13.48,138856,205561673.0,12.13,10.02,1.38,4.26
2023-08-30,16.07,16.18,16.67,15.89,553770,903335542.0,5.15,6.8,1.03,16.99
2023-08-31,16.0,16.28,16.64,15.67,330589,534535337.0,6.0,0.62,0.1,10.14
2023-09-01,16.06,17.33,17.9,16.04,457271,777029717.0,11.43,6.45,1.05,14.03
2023-09-04,17.26,17.21,17.35,16.88,276704,473790241.0,2.71,-0.69,-0.12,8.49
2023-09-05,17.24,17.41,18.67,17.15,319419,574143530.0,8.83,1.16,0.2,9.8
2023-09-06,17.13,16.91,17.44,16.72,267206,454703885.0,4.14,-2.87,-0.5,8.2
2023-09-07,16.92,16.75,17.1,16.28,179608,298981261.0,4.85,-0.95,-0.16,5.51
2023-09-08,16.48,18.07,18.43,16.27,400764,717211178.0,12.9,7.88,1.32,12.3
2023-09-11,17.98,17.99,18.49,17.6,267974,482471208.0,4.93,-0.44,-0.08,8.22
2023-09-12,18.12,18.29,19.01,17.81,291741,537998601.0,6.67,1.67,0.3,8.95
2023-09-13,18.2,17.81,18.28,17.35,181495,320855276.0,5.08,-2.62,-0.48,5.57
2023-09-14,17.57,17.74,18.35,17.49,130513,233289555.0,4.83,-0.39,-0.07,4.0
2023-09-15,17.85,17.85,17.94,17.08,135083,236939608.0,4.85,0.62,0.11,4.14
2023-09-18,18.0,19.05,19.64,17.98,371197,705276193.0,9.3,6.72,1.2,11.39
2023-09-19,19.04,19.12,19.3,18.2,236435,443293628.0,5.77,0.37,0.07,7.25
2023-09-20,18.84,18.88,20.06,18.77,211853,409839626.0,6.75,-1.26,-0.24,6.5
2023-09-21,19.01,18.1,19.15,17.94,182533,335866013.0,6.41,-4.13,-0.78,5.6
2023-09-22,18.1,19.6,19.91,17.89,350507,667589157.0,11.16,8.29,1.5,10.75
2023-09-25,20.42,20.3,20.95,19.78,345928,701439052.0,5.97,3.57,0.7,10.61
2023-09-26,20.45,19.89,20.5,19.69,166147,332763031.0,3.99,-2.02,-0.41,5.1
2023-09-27,19.87,19.94,20.39,19.5,165962,331321401.0,4.47,0.25,0.05,5.09
2023-09-28,19.8,19.3,19.97,18.89,198967,385922684.0,5.42,-3.21,-0.64,6.11
2023-10-09,19.1,19.8,20.15,18.33,185208,358449642.0,9.43,2.59,0.5,5.68
2023-10-10,19.55,19.13,19.59,18.86,129705,248702022.0,3.69,-3.38,-0.67,3.98
2023-10-11,19.16,18.64,20.15,18.39,181470,346583770.0,9.2,-2.56,-0.49,5.57
2023-10-12,18.41,18.3,18.67,17.88,147354,269288027.0,4.24,-1.82,-0.34,4.52
2023-10-13,18.1,17.77,19.07,17.56,198810,359689003.0,8.25,-2.9,-0.53,6.1
2023-10-16,17.74,18.23,18.63,17.45,172008,309506564.0,6.64,2.59,0.46,5.28
2023-10-17,18.0,17.82,18.2,17.56,112308,200087798.0,3.51,-2.25,-0.41,3.45
2023-10-18,17.58,17.35,17.75,17.28,104250,182111745.0,2.64,-2.64,-0.47,3.2
2023-10-19,17.2,17.29,17.73,17.13,91408,159130092.0,3.46,-0.35,-0.06,2.8
2023-10-20,17.12,16.9,17.58,16.82,75782,129421873.0,4.4,-2.26,-0.39,2.33
2023-10-23,16.67,16.63,16.9,16.2,112932,185917641.0,4.14,-1.6,-0.27,3.47
2023-10-24,16.64,16.89,17.0,16.45,76031,127642664.0,3.31,1.56,0.26,2.33
2023-10-25,17.06,17.32,17.9,17.06,127872,223421718.0,4.97,2.55,0.43,3.92
2023-10-26,17.32,17.15,17.38,16.56,79141,134207798.0,4.73,-0.98,-0.17,2.43
2023-10-27,17.18,17.17,17.37,16.67,72889,124433848.0,4.08,0.12,0.02,2.24
2023-10-30,16.9,17.62,17.77,16.37,128225,219740999.0,8.15,2.62,0.45,3.93
2023-10-31,17.43,16.53,17.48,16.28,128686,214951607.0,6.81,-6.19,-1.09,3.95
2023-11-01,16.55,16.42,16.65,16.31,56310,92833902.0,2.06,-0.67,-0.11,1.73
2023-11-02,16.39,16.05,16.77,16.03,76846,125610763.0,4.51,-2.25,-0.37,2.36
2023-11-03,16.49,16.99,17.36,16.37,160809,271658013.0,6.17,5.86,0.94,4.93
2023-11-06,17.09,17.14,17.39,16.35,188936,321548980.0,6.12,0.88,0.15,5.8
2023-11-07,17.86,18.85,18.85,17.73,91358,169382802.0,6.53,9.98,1.71,2.8
2023-11-08,18.62,19.43,20.0,18.5,300270,575898478.0,7.96,3.08,0.58,9.21
2023-11-09,19.43,19.54,20.6,19.15,213244,420136676.0,7.46,0.57,0.11,6.54
2023-11-10,19.33,20.09,20.55,19.05,176339,350795565.0,7.68,2.81,0.55,5.41
2023-11-13,19.92,20.86,22.1,19.9,306884,652602086.0,10.95,3.83,0.77,9.42
2023-11-14,20.98,21.84,22.6,20.92,298857,647718912.0,8.05,4.7,0.98,9.17
2023-11-15,21.45,22.19,22.45,20.9,291201,627543866.0,7.1,1.6,0.35,8.94
2023-11-16,21.5,21.29,21.9,21.0,215938,460975530.0,4.06,-4.06,-0.9,6.63
2023-11-17,21.39,22.19,22.77,21.2,241817,532571004.0,7.37,4.23,0.9,7.42
2023-11-20,22.0,24.41,24.41,21.96,368557,872422531.0,11.04,10.0,2.22,11.31
2023-11-21,24.25,22.72,24.85,22.52,417870,988860144.0,9.55,-6.92,-1.69,12.82
2023-11-22,22.27,21.7,22.69,21.68,275355,607914186.0,4.45,-4.49,-1.02,8.45
2023-11-23,21.83,21.21,22.5,21.09,283059,615567688.0,6.5,-2.26,-0.49,8.69
2023-11-24,21.52,21.42,22.03,20.8,252639,544380779.0,5.8,0.99,0.21,7.75
2023-11-27,20.8,21.08,21.29,20.45,206041,430146652.0,3.92,-1.59,-0.34,6.32
2023-11-28,20.82,21.2,21.5,20.51,158964,336141944.0,4.7,0.57,0.12,4.88
2023-11-29,21.21,21.28,21.9,21.03,169918,366159150.0,4.1,0.38,0.08,5.21
2023-11-30,21.61,21.75,21.9,20.8,207629,444987676.0,5.17,2.21,0.47,6.37
2023-12-01,21.5,21.38,21.81,21.12,110405,235498296.0,3.17,-1.7,-0.37,3.39
2023-12-04,21.2,20.71,21.44,20.71,135025,283204649.0,3.41,-3.13,-0.67,4.14
2023-12-05,20.66,21.01,21.43,20.56,160604,337526689.0,4.2,1.45,0.3,4.93
2023-12-06,20.88,21.01,22.02,20.75,214433,462338380.0,6.04,0.0,0.0,6.58
2023-12-07,20.6,21.03,21.4,20.32,150958,315301638.0,5.14,0.1,0.02,4.63
2023-12-08,21.01,21.3,21.44,20.77,111881,236518522.0,3.19,1.28,0.27,3.43
2023-12-11,21.15,22.66,22.68,20.5,239926,523243461.0,10.23,6.38,1.36,7.36
2023-12-12,22.5,22.15,22.65,21.91,147239,327306834.0,3.27,-2.25,-0.51,4.52
2023-12-13,22.06,23.33,24.33,21.97,308859,720264562.0,10.65,5.33,1.18,9.48
2023-12-14,22.99,23.53,23.99,22.73,209528,488208698.0,5.4,0.86,0.2,6.43
2023-12-15,23.0,22.93,23.17,22.22,117959,267982578.0,4.04,-2.55,-0.6,3.62
2023-12-18,22.62,23.78,24.03,22.3,149290,350858960.0,7.54,3.71,0.85,4.58
2023-12-19,23.55,23.87,23.87,23.02,103983,243938917.0,3.57,0.38,0.09,3.19
2023-12-20,23.69,23.3,24.44,23.0,59886,141469222.0,6.03,-2.39,-0.57,1.84
