datetime,open,close,high,low,volume,turnover,amplitude,pricelimit,change,turnoverratio
2020-06-18,8.46,10.15,10.15,8.46,2489,2522590.0,23.97,43.97,3.1,0.32
2020-06-19,11.17,11.17,11.17,11.17,971,1084752.0,0.0,10.05,1.02,0.12
2020-06-22,12.29,12.29,12.29,12.29,2123,2609573.0,0.0,10.03,1.12,0.27
2020-06-23,13.52,13.52,13.52,13.52,1624,2195634.0,0.0,10.01,1.23,0.21
2020-06-24,14.87,14.87,14.87,14.87,3605,5359921.0,0.0,9.99,1.35,0.46
2020-06-29,16.36,16.36,16.36,16.36,44226,72354161.0,0.0,10.02,1.49,5.61
2020-06-30,16.0,15.85,16.46,15.33,469081,741015152.0,6.91,-3.12,-0.51,59.46
2020-07-01,15.34,14.39,15.45,14.3,355859,525343360.0,7.26,-9.21,-1.46,45.11
2020-07-02,14.13,14.4,14.57,13.91,218578,311900960.0,4.59,0.07,0.01,27.71
2020-07-03,14.32,14.09,14.39,14.02,177737,251471416.0,2.57,-2.15,-0.31,22.53
2020-07-06,14.08,14.57,14.8,14.08,233633,336269568.0,5.11,3.41,0.48,29.62
2020-07-07,14.68,14.82,15.28,14.18,283044,418375456.0,7.55,1.72,0.25,35.88
2020-07-08,14.77,15.14,15.28,14.5,250025,373833696.0,5.26,2.16,0.32,31.69
2020-07-09,15.01,16.22,16.59,14.9,322026,501522928.0,11.16,7.13,1.08,40.82
2020-07-10,15.9,15.63,16.54,15.53,250689,401052192.0,6.23,-3.64,-0.59,31.78
2020-07-13,15.72,15.8,15.98,15.4,199548,313079760.0,3.71,1.09,0.17,25.3
2020-07-14,15.91,15.03,15.92,14.86,186508,285658064.0,6.71,-4.87,-0.77,23.64
2020-07-15,15.1,14.47,15.16,14.34,130010,190871268.0,5.46,-3.73,-0.56,16.48
2020-07-16,14.56,13.73,14.62,13.68,103991,147280863.0,6.5,-5.11,-0.74,13.18
2020-07-17,13.76,14.01,14.04,13.55,77877,107823214.0,3.57,2.04,0.28,9.87
2020-07-20,14.05,14.29,14.32,13.9,73400,103954706.0,3.0,2.0,0.28,9.3
2020-07-21,14.35,14.04,14.35,13.92,67199,94667933.0,3.01,-1.75,-0.25,8.52
2020-07-22,13.99,14.04,14.24,13.75,71265,99607047.0,3.49,0.0,0.0,9.03
2020-07-23,13.87,13.66,13.97,13.53,72605,99389855.0,3.13,-2.71,-0.38,9.2
2020-07-24,13.66,13.32,13.93,13.23,78641,106551078.0,5.12,-2.49,-0.34,9.97
2020-07-27,13.23,12.94,13.36,12.85,60978,79479533.0,3.83,-2.85,-0.38,7.73
2020-07-28,13.0,13.37,13.4,12.98,56565,74822379.0,3.25,3.32,0.43,7.17
2020-07-29,13.32,13.51,13.51,13.21,52728,70681308.0,2.24,1.05,0.14,6.68
2020-07-30,13.46,13.16,13.5,13.16,53600,71357078.0,2.52,-2.59,-0.35,6.79
2020-07-31,13.18,13.17,13.34,13.01,47167,62145726.0,2.51,0.08,0.01,5.98
2020-08-03,13.33,13.44,13.54,13.3,63030,84649039.0,1.82,2.05,0.27,7.99
2020-08-04,13.5,13.79,13.87,13.41,88928,121806647.0,3.42,2.6,0.35,11.27
2020-08-05,13.7,13.52,13.7,13.32,66263,88996529.0,2.76,-1.96,-0.27,8.4
2020-08-06,13.51,13.26,13.54,13.16,50261,66818165.0,2.81,-1.92,-0.26,6.37
2020-08-07,13.32,13.07,13.32,13.01,42485,55727565.0,2.34,-1.43,-0.19,5.39
2020-08-10,13.0,13.19,13.22,12.96,33922,44557277.0,1.99,0.92,0.12,4.3
2020-08-11,13.23,13.1,13.34,13.09,42946,56737009.0,1.9,-0.68,-0.09,5.44
2020-08-12,13.0,12.72,13.1,12.47,62473,79741338.0,4.81,-2.9,-0.38,7.92
2020-08-13,12.75,12.68,12.77,12.66,25151,31968210.0,0.86,-0.31,-0.04,3.19
2020-08-14,12.62,12.69,12.71,12.48,26847,33867583.0,1.81,0.08,0.01,3.4
2020-08-17,12.67,12.79,12.84,12.63,29933,38202418.0,1.65,0.79,0.1,3.79
2020-08-18,12.78,12.8,12.89,12.74,23990,30692182.0,1.17,0.08,0.01,3.04
2020-08-19,12.84,12.82,13.1,12.78,33789,43614803.0,2.5,0.16,0.02,4.28
2020-08-20,12.75,12.57,12.75,12.52,29579,37251032.0,1.79,-1.95,-0.25,3.75
2020-08-21,12.64,12.64,12.75,12.58,22121,27978018.0,1.35,0.56,0.07,2.8
2020-08-24,12.63,12.68,12.7,12.48,22364,28140185.0,1.74,0.32,0.04,2.83
2020-08-25,12.68,12.84,12.85,12.6,31379,39938032.0,1.97,1.26,0.16,3.98
2020-08-26,12.84,12.55,12.84,12.47,31269,39453363.0,2.88,-2.26,-0.29,3.96
2020-08-27,12.52,12.55,12.63,12.5,19089,23979693.0,1.04,0.0,0.0,2.42
2020-08-28,12.56,12.63,12.68,12.51,19832,24976978.0,1.35,0.64,0.08,2.51
2020-08-31,12.63,12.53,12.69,12.53,21826,27553110.0,1.27,-0.79,-0.1,2.77
2020-09-01,12.5,12.28,12.51,12.19,40646,50017871.0,2.55,-2.0,-0.25,5.15
2020-09-02,12.3,12.1,12.33,12.02,32024,38844913.0,2.52,-1.47,-0.18,4.06
2020-09-03,12.11,11.9,12.11,11.9,27133,32459837.0,1.74,-1.65,-0.2,3.44
2020-09-04,11.8,12.0,12.08,11.71,22444,26652266.0,3.11,0.84,0.1,2.85
2020-09-07,12.0,11.78,12.05,11.77,18272,21763007.0,2.33,-1.83,-0.22,2.32
2020-09-08,11.77,11.59,11.83,11.52,25928,30122635.0,2.63,-1.61,-0.19,3.29
2020-09-09,11.5,11.8,12.32,11.15,51408,59945902.0,10.09,1.81,0.21,6.52
2020-09-10,11.75,11.26,11.87,11.22,29106,33688729.0,5.51,-4.58,-0.54,3.69
2020-09-11,11.26,11.41,11.52,11.12,15148,17188721.0,3.55,1.33,0.15,1.92
2020-09-14,11.39,11.47,11.61,11.39,11468,13195172.0,1.93,0.53,0.06,1.45
2020-09-15,11.53,11.5,11.57,11.42,11222,12891789.0,1.31,0.26,0.03,1.42
2020-09-16,11.48,11.58,11.74,11.38,22343,25786075.0,3.13,0.7,0.08,2.83
2020-09-17,11.58,11.77,11.87,11.53,28295,33128657.0,2.94,1.64,0.19,3.59
2020-09-18,11.73,11.71,11.82,11.69,20889,24524581.0,1.1,-0.51,-0.06,2.65
2020-09-21,11.82,11.63,11.82,11.63,14758,17288910.0,1.62,-0.68,-0.08,1.87
2020-09-22,11.64,11.35,11.64,11.3,19909,22729432.0,2.92,-2.41,-0.28,2.52
2020-09-23,11.4,11.66,11.85,11.4,30576,35692408.0,3.96,2.73,0.31,3.88
2020-09-24,11.55,11.46,11.82,11.44,23085,26872623.0,3.26,-1.72,-0.2,2.93
2020-09-25,11.5,11.22,11.62,11.2,19608,22173984.0,3.66,-2.09,-0.24,2.49
2020-09-28,11.18,10.8,11.26,10.8,25237,27774617.0,4.1,-3.74,-0.42,3.2
2020-09-29,10.85,10.82,10.99,10.8,12549,13641074.0,1.76,0.19,0.02,1.59
2020-09-30,10.89,10.72,10.9,10.64,11609,12497386.0,2.4,-0.92,-0.1,1.47
2020-10-09,10.81,11.17,11.25,10.81,25731,28615618.0,4.1,4.2,0.45,3.26
2020-10-12,11.15,11.39,11.45,11.15,17923,20362770.0,2.69,1.97,0.22,2.27
2020-10-13,11.42,11.29,11.42,11.25,14810,16741864.0,1.49,-0.88,-0.1,1.88
2020-10-14,11.3,11.31,11.45,11.2,18020,20401372.0,2.21,0.18,0.02,2.28
2020-10-15,11.35,11.15,11.39,11.15,13662,15313272.0,2.12,-1.41,-0.16,1.73
2020-10-16,11.15,11.17,11.27,11.11,10208,11412575.0,1.43,0.18,0.02,1.29
2020-10-19,11.2,11.13,11.33,11.12,11557,12969100.0,1.88,-0.36,-0.04,1.47
2020-10-20,11.08,11.22,11.25,10.95,14238,15791701.0,2.7,0.81,0.09,1.8
2020-10-21,11.4,11.47,11.72,11.16,44862,51527347.0,4.99,2.23,0.25,5.69
2020-10-22,11.38,11.29,11.45,11.25,23100,26131886.0,1.74,-1.57,-0.18,2.93
2020-10-23,11.28,11.07,11.31,11.02,18137,20230465.0,2.57,-1.95,-0.22,2.3
2020-10-26,11.0,11.0,11.11,10.86,11807,12949290.0,2.26,-0.63,-0.07,1.5
2020-10-27,10.95,10.91,11.03,10.86,9926,10854891.0,1.55,-0.82,-0.09,1.26
2020-10-28,10.94,10.96,10.98,10.81,11186,12178180.0,1.56,0.46,0.05,1.42
2020-10-29,10.78,10.83,10.95,10.7,12140,13188070.0,2.28,-1.19,-0.13,1.54
2020-10-30,10.8,10.51,10.92,10.49,22197,23688610.0,3.97,-2.95,-0.32,2.81
2020-11-02,10.46,10.15,10.51,10.15,19718,20222566.0,3.43,-3.43,-0.36,2.5
2020-11-03,10.16,10.35,10.42,10.12,12761,13155254.0,2.96,1.97,0.2,1.62
2020-11-04,10.3,10.34,10.42,10.28,8204,8490344.0,1.35,-0.1,-0.01,1.04
2020-11-05,10.38,10.5,10.55,10.36,11918,12476235.0,1.84,1.55,0.16,1.51
2020-11-06,10.5,10.6,10.68,10.5,17574,18607195.0,1.71,0.95,0.1,2.23
2020-11-09,10.61,10.72,10.77,10.59,18278,19580379.0,1.7,1.13,0.12,2.32
2020-11-10,10.85,10.61,10.85,10.6,19000,20330500.0,2.33,-1.03,-0.11,2.41
2020-11-11,10.62,10.93,11.16,10.57,42080,45943760.0,5.56,3.02,0.32,5.33
2020-11-12,10.88,10.75,10.94,10.66,27402,29527112.0,2.56,-1.65,-0.18,3.47
2020-11-13,10.66,10.98,11.11,10.6,31178,33972138.0,4.74,2.14,0.23,3.95
2020-11-16,10.98,11.3,11.36,10.92,44935,50312562.0,4.01,2.91,0.32,5.7
2020-11-17,11.31,11.19,11.33,11.02,28592,31826361.0,2.74,-0.97,-0.11,3.62
2020-11-18,11.19,11.46,11.5,11.09,43779,49526916.0,3.66,2.41,0.27,5.55
2020-11-19,11.53,11.24,11.58,11.18,49278,55779084.0,3.49,-1.92,-0.22,6.25
2020-11-20,11.11,11.1,11.19,11.05,26098,29004865.0,1.25,-1.25,-0.14,3.31
2020-11-23,11.1,11.21,11.36,11.05,30314,33981406.0,2.79,0.99,0.11,3.84
2020-11-24,11.2,11.21,11.37,11.15,26819,30230514.0,1.96,0.0,0.0,3.4
2020-11-25,11.26,10.9,11.32,10.89,23326,25820600.0,3.84,-2.77,-0.31,2.96
2020-11-26,10.91,10.9,10.94,10.77,12990,14090355.0,1.56,0.0,0.0,1.65
2020-11-27,10.9,10.85,10.9,10.72,13754,14865988.0,1.65,-0.46,-0.05,1.74
2020-11-30,10.9,10.83,11.07,10.83,14766,16165228.0,2.21,-0.18,-0.02,1.87
2020-12-01,10.83,10.92,10.96,10.74,8983,9784724.0,2.03,0.83,0.09,1.14
2020-12-02,10.92,11.37,11.46,10.89,60124,67991507.0,5.22,4.12,0.45,7.62
2020-12-03,11.37,11.26,11.47,11.23,36723,41615587.0,2.11,-0.97,-0.11,4.66
2020-12-04,11.3,11.29,11.35,11.16,29460,33115183.0,1.69,0.27,0.03,3.73
2020-12-07,11.38,11.23,11.45,11.21,20072,22711115.0,2.13,-0.53,-0.06,2.54
2020-12-08,11.2,11.1,11.24,11.0,20709,22943446.0,2.14,-1.16,-0.13,2.63
2020-12-09,11.08,11.2,11.42,11.08,33624,37896254.0,3.06,0.9,0.1,4.26
2020-12-10,11.3,11.41,11.44,11.03,42559,48136692.0,3.66,1.88,0.21,5.39
2020-12-11,11.32,11.56,11.57,11.19,80003,91410778.0,3.33,1.31,0.15,10.14
2020-12-14,11.62,11.47,11.68,11.42,52854,60761037.0,2.25,-0.78,-0.09,6.7
2020-12-15,11.41,11.56,11.59,11.28,35946,40890136.0,2.7,0.78,0.09,4.56
2020-12-16,11.52,11.22,11.78,11.2,72394,83582817.0,5.02,-2.94,-0.34,9.18
2020-12-17,11.1,10.91,11.1,10.77,48427,52854044.0,2.94,-2.76,-0.31,6.14
2020-12-18,10.88,10.92,11.0,10.82,24321,26600477.0,1.65,0.09,0.01,3.08
2020-12-21,10.92,11.17,11.28,10.85,32630,36262592.0,3.94,2.29,0.25,4.14
2020-12-22,11.13,10.9,11.54,10.85,66016,74511275.0,6.18,-2.42,-0.27,8.37
2020-12-23,10.85,10.26,10.93,10.25,62413,65289458.0,6.24,-5.87,-0.64,7.91
2020-12-24,10.25,9.89,10.25,9.85,34120,34169645.0,3.9,-3.61,-0.37,4.33
2020-12-25,9.86,9.93,10.12,9.81,16209,16168868.0,3.13,0.4,0.04,2.05
2020-12-28,9.9,9.82,10.0,9.82,10642,10534454.0,1.81,-1.11,-0.11,1.35
2020-12-29,9.84,9.85,9.88,9.7,13858,13576225.0,1.83,0.31,0.03,1.76
2020-12-30,9.88,9.93,10.07,9.8,14085,13978144.0,2.74,0.81,0.08,1.79
2020-12-31,9.94,9.98,10.05,9.94,8015,8019273.0,1.11,0.5,0.05,1.02
2021-01-04,9.99,9.98,10.02,9.87,17761,17634136.0,1.5,0.0,0.0,2.25
2021-01-05,9.98,9.91,10.02,9.88,9821,9736446.0,1.4,-0.7,-0.07,1.24
2021-01-06,9.88,9.46,9.89,9.4,31245,29949242.0,4.94,-4.54,-0.45,3.96
2021-01-07,9.37,9.02,9.49,9.02,21121,19497109.0,4.97,-4.65,-0.44,2.68
2021-01-08,9.06,9.06,9.19,8.75,15987,14390105.0,4.88,0.44,0.04,2.03
2021-01-11,8.99,8.71,8.99,8.63,18447,16231688.0,3.97,-3.86,-0.35,2.34
2021-01-12,8.69,8.79,8.89,8.62,9258,8139243.0,3.1,0.92,0.08,1.17
2021-01-13,8.82,8.59,8.84,8.5,16582,14230180.0,3.87,-2.28,-0.2,2.1
2021-01-14,8.6,8.69,8.75,8.54,12508,10831979.0,2.44,1.16,0.1,1.59
2021-01-15,8.72,8.96,8.98,8.69,15495,13785541.0,3.34,3.11,0.27,1.96
2021-01-18,8.98,8.98,9.12,8.93,12983,11699408.0,2.12,0.22,0.02,1.65
2021-01-19,9.0,9.1,9.1,8.93,10250,9277694.0,1.89,1.34,0.12,1.3
2021-01-20,9.13,9.07,9.13,9.0,9175,8299168.0,1.43,-0.33,-0.03,1.16
2021-01-21,9.01,8.96,9.12,8.96,11573,10461546.0,1.76,-1.21,-0.11,1.47
2021-01-22,9.03,8.96,9.03,8.81,12344,10980264.0,2.46,0.0,0.0,1.56
2021-01-25,8.91,9.0,9.0,8.72,14639,12978808.0,3.13,0.45,0.04,1.86
2021-01-26,8.99,9.32,9.58,8.98,45891,42894418.0,6.67,3.56,0.32,5.82
2021-01-27,9.02,9.31,9.4,9.02,28628,26320145.0,4.08,-0.11,-0.01,3.63
2021-01-28,9.2,8.89,9.28,8.85,23776,21578003.0,4.62,-4.51,-0.42,3.01
2021-01-29,9.0,8.73,9.02,8.65,18103,15894074.0,4.16,-1.8,-0.16,2.29
2021-02-01,8.74,9.03,9.11,8.7,19003,16978654.0,4.7,3.44,0.3,2.41
2021-02-02,9.04,8.92,9.12,8.88,15469,13848866.0,2.66,-1.22,-0.11,1.96
2021-02-03,8.9,8.74,9.04,8.71,12587,11052049.0,3.7,-2.02,-0.18,1.6
2021-02-04,8.7,8.62,8.74,8.49,14201,12189601.0,2.86,-1.37,-0.12,1.8
2021-02-05,8.67,8.75,8.96,8.58,14500,12710235.0,4.41,1.51,0.13,1.84
2021-02-08,8.78,8.62,8.86,8.53,9958,8593300.0,3.77,-1.49,-0.13,1.26
2021-02-09,8.68,8.65,8.71,8.61,9210,7966901.0,1.16,0.35,0.03,1.17
2021-02-10,8.64,8.66,8.7,8.6,9305,8052181.0,1.16,0.12,0.01,1.18
2021-02-18,8.73,8.96,9.04,8.72,18577,16499704.0,3.7,3.46,0.3,2.35
2021-02-19,8.9,9.26,9.38,8.9,30306,27839019.0,5.36,3.35,0.3,3.84
2021-02-22,9.26,9.76,9.99,9.26,70969,68984870.0,7.88,5.4,0.5,9.0
2021-02-23,9.7,9.46,9.72,9.31,36445,34671106.0,4.2,-3.07,-0.3,4.62
2021-02-24,9.46,9.4,9.61,9.27,21889,20672533.0,3.59,-0.63,-0.06,2.77
2021-02-25,9.43,9.16,9.48,9.16,22103,20477286.0,3.4,-2.55,-0.24,2.8
2021-02-26,9.08,9.28,9.35,9.07,12050,11115306.0,3.06,1.31,0.12,1.53
2021-03-01,9.28,10.21,10.21,9.2,60636,59990962.0,10.88,10.02,0.93,7.69
2021-03-02,10.4,9.98,10.6,9.9,95161,97424478.0,6.86,-2.25,-0.23,12.06
2021-03-03,9.95,10.02,10.18,9.8,47146,46904928.0,3.81,0.4,0.04,5.98
2021-03-04,9.93,10.08,10.35,9.81,59114,59815154.0,5.39,0.6,0.06,7.49
2021-03-05,10.05,9.9,10.05,9.83,36654,36277162.0,2.18,-1.79,-0.18,4.65
2021-03-08,9.91,9.74,9.98,9.72,25455,25014727.0,2.63,-1.62,-0.16,3.23
2021-03-09,9.63,9.52,9.77,9.31,28727,27282323.0,4.72,-2.26,-0.22,3.64
2021-03-10,9.51,9.48,9.54,9.41,12470,11792724.0,1.37,-0.42,-0.04,1.58
2021-03-11,9.48,9.74,9.82,9.48,24521,23723769.0,3.59,2.74,0.26,3.11
2021-03-12,9.68,9.59,9.71,9.51,19417,18588227.0,2.05,-1.54,-0.15,2.46
2021-03-15,9.6,9.37,9.65,9.35,16153,15217778.0,3.13,-2.29,-0.22,2.05
2021-03-16,9.4,9.5,9.51,9.37,12800,12086446.0,1.49,1.39,0.13,1.62
2021-03-17,9.51,9.81,9.88,9.42,31561,30614534.0,4.84,3.26,0.31,4.0
2021-03-18,9.83,9.7,9.9,9.66,21422,20907924.0,2.45,-1.12,-0.11,2.72
2021-03-19,9.94,10.67,10.67,9.81,85018,88510659.0,8.87,10.0,0.97,10.78
2021-03-22,10.98,10.78,11.26,10.51,177608,192777074.0,7.03,1.03,0.11,22.51
2021-03-23,10.63,10.09,10.73,10.02,99081,101911860.0,6.59,-6.4,-0.69,12.56
2021-03-24,9.99,10.31,10.49,9.88,82999,84560550.0,6.05,2.18,0.22,10.52
2021-03-25,10.63,11.34,11.34,10.53,168606,190225293.0,7.86,9.99,1.03,21.37
2021-03-26,12.1,10.7,12.21,10.69,237454,268042960.0,13.4,-5.64,-0.64,30.1
2021-03-29,10.43,10.38,10.68,10.15,127991,131897355.0,4.95,-2.99,-0.32,16.22
2021-03-30,10.38,10.48,10.49,10.18,86760,89472727.0,2.99,0.96,0.1,11.0
2021-03-31,10.46,10.32,10.65,10.27,62567,65405782.0,3.63,-1.53,-0.16,7.93
2021-04-01,10.22,10.1,10.32,10.04,55861,56444657.0,2.71,-2.13,-0.22,7.08
2021-04-02,10.12,10.3,10.45,10.07,52044,53527129.0,3.76,1.98,0.2,6.6
2021-04-06,10.16,10.4,10.53,10.14,46888,48466230.0,3.79,0.97,0.1,5.94
2021-04-07,10.36,10.82,10.86,10.25,92553,98415780.0,5.87,4.04,0.42,11.73
2021-04-08,10.73,10.88,11.59,10.54,123515,135383968.0,9.7,0.55,0.06,15.66
2021-04-09,10.7,10.8,11.08,10.6,71372,77042813.0,4.41,-0.74,-0.08,9.05
2021-04-12,10.89,10.65,10.95,10.43,54924,58310380.0,4.81,-1.39,-0.15,6.96
2021-04-13,10.55,10.07,10.66,10.05,54449,55866371.0,5.73,-5.45,-0.58,6.9
2021-04-14,10.05,10.54,10.82,10.0,67323,70234757.0,8.14,4.67,0.47,8.53
2021-04-15,10.46,10.22,10.66,10.21,37536,38841306.0,4.27,-3.04,-0.32,4.76
2021-04-16,10.35,10.42,10.71,10.33,40792,42752397.0,3.72,1.96,0.2,5.17
2021-04-19,10.42,10.5,10.56,10.37,33285,34842099.0,1.82,0.77,0.08,4.22
2021-04-20,10.5,10.25,10.56,10.23,36169,37528813.0,3.14,-2.38,-0.25,4.58
2021-04-21,10.2,10.33,10.51,10.15,28145,29179232.0,3.51,0.78,0.08,3.57
2021-04-22,10.35,10.15,10.35,10.14,30351,30972760.0,2.03,-1.74,-0.18,3.85
2021-04-23,10.26,9.97,10.28,9.91,26487,26525472.0,3.65,-1.77,-0.18,3.36
2021-04-26,9.93,9.94,10.11,9.92,14708,14725350.0,1.91,-0.3,-0.03,1.86
2021-04-27,9.94,9.63,10.05,9.5,28096,27166160.0,5.53,-3.12,-0.31,3.56
2021-04-28,9.71,9.72,9.74,9.55,12450,11999197.0,1.97,0.93,0.09,1.58
2021-04-29,9.76,9.62,9.79,9.6,12057,11655608.0,1.95,-1.03,-0.1,1.53
2021-04-30,9.78,9.75,9.86,9.62,18060,17584609.0,2.49,1.35,0.13,2.29
2021-05-06,9.75,10.01,10.14,9.64,24179,24118808.0,5.13,2.67,0.26,3.07
2021-05-07,9.93,9.92,10.14,9.91,20714,20745828.0,2.3,-0.9,-0.09,2.63
2021-05-10,9.92,9.98,10.01,9.87,17447,17350687.0,1.41,0.6,0.06,2.21
2021-05-11,9.93,9.75,9.98,9.7,25973,25444496.0,2.81,-2.3,-0.23,3.29
2021-05-12,9.7,9.94,9.95,9.7,20352,20056145.0,2.56,1.95,0.19,2.58
2021-05-13,9.88,9.75,9.93,9.74,20381,20026844.0,1.91,-1.91,-0.19,2.58
2021-05-14,9.76,9.91,9.92,9.76,18216,17935600.0,1.64,1.64,0.16,2.31
2021-05-17,9.91,9.75,9.91,9.72,19948,19497271.0,1.92,-1.61,-0.16,2.53
2021-05-18,9.74,9.78,9.81,9.72,9709,9485313.0,0.92,0.31,0.03,1.23
2021-05-19,9.78,9.63,9.81,9.62,14693,14253725.0,1.94,-1.53,-0.15,1.86
2021-05-20,9.55,9.33,9.55,9.25,23587,22092821.0,3.12,-3.12,-0.3,2.99
2021-05-21,9.33,9.34,9.38,9.3,8733,8148231.0,0.86,0.11,0.01,1.11
2021-05-24,9.3,9.29,9.35,9.27,9886,9185507.0,0.86,-0.54,-0.05,1.25
2021-05-25,9.29,9.44,9.45,9.27,13993,13129322.0,1.94,1.61,0.15,1.77
2021-05-26,9.46,9.59,9.66,9.4,15385,14688614.0,2.75,1.59,0.15,1.95
2021-05-27,9.59,9.62,9.66,9.55,12591,12110882.0,1.15,0.31,0.03,1.6
2021-05-28,9.62,9.7,9.74,9.6,15361,14886100.0,1.46,0.83,0.08,1.95
2021-05-31,9.7,9.8,9.82,9.63,14576,14221601.0,1.96,1.03,0.1,1.85
2021-06-01,9.7,9.69,9.7,9.56,14533,14003938.0,1.43,-1.12,-0.11,1.84
2021-06-02,9.68,9.72,9.84,9.6,16424,16015795.0,2.48,0.31,0.03,2.08
2021-06-03,9.73,9.81,9.95,9.68,18191,17876366.0,2.78,0.93,0.09,2.31
2021-06-04,9.81,9.75,9.83,9.66,10598,10309017.0,1.73,-0.61,-0.06,1.34
2021-06-07,9.8,9.55,9.82,9.53,18447,17743212.0,2.97,-2.05,-0.2,2.34
2021-06-08,9.55,9.9,9.9,9.52,42468,41653294.0,3.98,3.66,0.35,5.38
2021-06-09,9.93,9.89,9.93,9.67,24788,24308993.0,2.63,-0.1,-0.01,3.14
2021-06-10,9.8,9.76,9.88,9.71,17140,16723094.0,1.72,-1.31,-0.13,2.17
2021-06-11,9.76,9.64,9.85,9.62,17326,16840083.0,2.36,-1.23,-0.12,2.2
2021-06-15,9.63,9.33,9.65,9.29,19389,18194564.0,3.73,-3.22,-0.31,2.46
2021-06-16,9.39,9.22,9.39,9.19,11320,10489219.0,2.14,-1.18,-0.11,1.43
2021-06-17,9.3,9.23,9.3,9.2,7865,7267561.0,1.08,0.11,0.01,1.0
2021-06-18,9.36,9.27,9.36,9.13,14343,13226636.0,2.49,0.43,0.04,0.76
2021-06-21,9.23,9.21,9.24,9.18,13742,12661723.0,0.65,-0.65,-0.06,0.73
2021-06-22,9.22,9.36,9.42,9.22,19152,17888677.0,2.17,1.63,0.15,1.02
2021-06-23,9.35,9.28,9.37,9.24,12031,11177749.0,1.39,-0.85,-0.08,0.64
2021-06-24,9.29,9.18,9.33,9.15,14470,13362578.0,1.94,-1.08,-0.1,0.77
2021-06-25,9.2,9.28,9.28,9.16,12487,11528419.0,1.31,1.09,0.1,0.67
2021-06-28,9.21,9.3,9.33,9.21,9205,8559471.0,1.29,0.22,0.02,0.49
2021-06-29,9.33,9.23,9.33,9.2,11616,10749976.0,1.4,-0.75,-0.07,0.62
2021-06-30,9.24,9.3,9.32,9.2,12656,11741765.0,1.3,0.76,0.07,0.67
2021-07-01,9.3,9.15,9.32,9.15,12516,11544382.0,1.83,-1.61,-0.15,0.67
2021-07-02,9.21,9.1,9.21,9.01,15458,14090894.0,2.19,-0.55,-0.05,0.82
2021-07-05,9.1,9.05,9.18,9.0,14375,13040690.0,1.98,-0.55,-0.05,0.77
2021-07-06,9.0,8.95,9.02,8.85,16685,14873519.0,1.88,-1.1,-0.1,0.89
2021-07-07,8.95,9.0,9.02,8.89,11384,10198760.0,1.45,0.56,0.05,0.61
2021-07-08,9.02,9.0,9.08,8.97,10335,9316445.0,1.22,0.0,0.0,0.55
2021-07-09,8.96,9.06,9.08,8.9,11216,10118644.0,2.0,0.67,0.06,0.6
2021-07-12,9.18,9.1,9.18,9.04,12891,11747455.0,1.55,0.44,0.04,0.69
2021-07-13,9.11,9.19,9.19,9.05,13674,12476213.0,1.54,0.99,0.09,0.73
2021-07-14,9.2,9.13,9.34,9.13,25468,23514274.0,2.29,-0.65,-0.06,1.36
2021-07-15,9.13,9.01,9.14,8.97,23491,21191568.0,1.86,-1.31,-0.12,1.25
2021-07-16,9.05,9.1,9.22,8.93,16361,14859188.0,3.22,1.0,0.09,0.87
2021-07-19,9.07,9.09,9.14,9.01,10477,9499189.0,1.43,-0.11,-0.01,0.56
2021-07-20,9.09,9.03,9.1,9.0,13863,12521509.0,1.1,-0.66,-0.06,0.74
2021-07-21,9.02,9.23,9.26,9.01,29687,27290018.0,2.77,2.21,0.2,1.58
2021-07-22,9.17,9.38,9.42,9.17,34599,32337061.0,2.71,1.63,0.15,1.84
2021-07-23,9.39,9.36,9.4,9.24,21699,20211446.0,1.71,-0.21,-0.02,1.16
2021-07-26,9.27,9.49,9.55,9.27,50889,48093411.0,2.99,1.39,0.13,2.71
2021-07-27,9.5,9.44,9.62,9.42,39603,37766047.0,2.11,-0.53,-0.05,2.11
2021-07-28,9.39,9.55,9.7,9.1,46590,44290264.0,6.36,1.17,0.11,2.48
2021-07-29,9.54,9.73,9.75,9.48,51191,49570678.0,2.83,1.88,0.18,2.73
2021-07-30,9.73,9.7,9.82,9.63,40868,39697149.0,1.95,-0.31,-0.03,2.18
2021-08-02,9.77,9.85,10.14,9.64,61232,60826808.0,5.15,1.55,0.15,3.26
2021-08-03,9.89,10.16,10.29,9.78,74780,75502674.0,5.18,3.15,0.31,3.99
2021-08-04,10.14,10.33,10.36,9.97,61610,62634067.0,3.84,1.67,0.17,3.28
2021-08-05,10.29,10.12,10.38,10.03,32358,32889357.0,3.39,-2.03,-0.21,1.72
2021-08-06,10.05,10.06,10.14,9.82,33980,33968181.0,3.16,-0.59,-0.06,1.81
2021-08-09,10.02,10.31,10.43,10.0,56116,57716618.0,4.27,2.49,0.25,2.99
2021-08-10,10.41,10.29,10.42,10.23,36505,37644461.0,1.84,-0.19,-0.02,1.95
2021-08-11,10.28,10.31,10.43,10.09,39522,40458901.0,3.3,0.19,0.02,2.11
2021-08-12,10.28,10.18,10.42,10.17,32356,33265363.0,2.42,-1.26,-0.13,1.72
2021-08-13,10.0,10.27,10.36,10.0,34863,35726557.0,3.54,0.88,0.09,1.86
2021-08-16,10.22,10.34,10.35,10.21,36932,38107825.0,1.36,0.68,0.07,1.97
2021-08-17,10.35,10.25,10.4,10.16,31417,32221751.0,2.32,-0.87,-0.09,1.67
2021-08-18,10.23,10.25,10.37,10.06,33970,34799194.0,3.02,0.0,0.0,1.81
2021-08-19,10.29,11.28,11.28,10.25,150140,162651842.0,10.05,10.05,1.03,8.0
2021-08-20,11.59,11.4,12.28,11.37,341591,403995312.0,8.07,1.06,0.12,18.21
2021-08-23,10.81,11.69,11.92,10.81,231873,266706350.0,9.74,2.54,0.29,12.36
2021-08-24,11.75,11.37,12.28,11.37,183845,217203653.0,7.78,-2.74,-0.32,9.8
2021-08-25,11.6,11.9,12.25,11.48,177109,211036749.0,6.77,4.66,0.53,9.44
2021-08-26,11.9,12.04,12.24,11.75,130791,157709651.0,4.12,1.18,0.14,6.97
2021-08-27,12.0,12.35,12.59,11.65,191096,232660270.0,7.81,2.57,0.31,10.19
2021-08-30,12.45,13.22,13.35,12.2,229129,298891936.0,9.31,7.04,0.87,12.21
2021-08-31,13.12,12.98,13.46,12.88,125208,163708125.0,4.39,-1.82,-0.24,6.67
2021-09-01,12.99,12.92,13.3,12.46,142671,183074565.0,6.47,-0.46,-0.06,7.6
2021-09-02,12.86,12.99,13.3,12.5,90177,115348484.0,6.19,0.54,0.07,4.81
2021-09-03,12.99,12.93,13.24,12.57,84486,109042622.0,5.16,-0.46,-0.06,4.5
2021-09-06,12.92,12.71,13.08,12.54,60567,77134495.0,4.18,-1.7,-0.22,3.23
2021-09-07,12.88,12.86,13.3,12.7,86954,112822537.0,4.72,1.18,0.15,4.63
2021-09-08,12.98,13.35,13.45,12.77,107453,142016497.0,5.29,3.81,0.49,5.73
2021-09-09,13.3,12.92,13.88,12.9,83005,109495011.0,7.34,-3.22,-0.43,4.42
2021-09-10,12.91,12.7,13.15,12.6,81196,104392499.0,4.26,-1.7,-0.22,4.33
2021-09-13,12.76,12.8,12.95,12.63,59439,75907623.0,2.52,0.79,0.1,3.17
2021-09-14,12.82,12.38,12.88,12.37,55258,69351210.0,3.98,-3.28,-0.42,2.95
2021-09-15,12.42,12.59,12.79,12.41,54981,69025509.0,3.07,1.7,0.21,2.93
2021-09-16,12.75,12.51,13.19,12.5,82228,105411355.0,5.48,-0.64,-0.08,4.38
2021-09-17,12.76,12.46,12.76,12.02,62863,77992125.0,5.92,-0.4,-0.05,3.35
2021-09-22,12.52,12.11,12.55,11.97,76072,92605725.0,4.65,-2.81,-0.35,4.05
2021-09-23,12.14,12.3,12.46,12.1,52188,64353164.0,2.97,1.57,0.19,2.78
2021-09-24,12.28,11.54,12.47,11.53,60515,71104791.0,7.64,-6.18,-0.76,3.23
2021-09-27,11.4,10.74,11.64,10.68,84095,92785657.0,8.32,-6.93,-0.8,4.48
2021-09-28,10.58,10.72,10.95,10.53,43636,46760990.0,3.91,-0.19,-0.02,2.33
2021-09-29,10.72,10.33,10.73,10.24,34520,36087285.0,4.57,-3.64,-0.39,1.84
2021-09-30,10.33,10.5,10.6,10.27,38782,40323834.0,3.19,1.65,0.17,2.07
2021-10-08,10.63,10.66,10.83,10.53,28206,30152911.0,2.86,1.52,0.16,1.5
2021-10-11,10.66,10.78,10.83,10.43,34336,36685437.0,3.75,1.13,0.12,1.83
2021-10-12,10.74,10.43,10.88,10.31,30185,31736291.0,5.29,-3.25,-0.35,1.61
2021-10-13,10.5,10.32,10.55,10.17,29226,30187898.0,3.64,-1.05,-0.11,1.56
2021-10-14,10.16,10.35,10.44,10.16,22199,22921339.0,2.71,0.29,0.03,1.18
2021-10-15,10.35,10.35,10.5,10.24,31066,32128704.0,2.51,0.0,0.0,1.66
2021-10-18,10.31,10.59,10.67,10.21,40238,42089460.0,4.44,2.32,0.24,2.14
2021-10-19,10.7,10.64,10.7,10.46,25467,26876979.0,2.27,0.47,0.05,1.36
2021-10-20,10.55,10.44,10.64,10.37,24844,25928729.0,2.54,-1.88,-0.2,1.32
2021-10-21,10.37,10.43,10.54,10.37,15964,16695605.0,1.63,-0.1,-0.01,0.85
2021-10-22,10.43,10.15,10.49,10.15,32106,32896114.0,3.26,-2.68,-0.28,1.71
2021-10-25,10.17,10.13,10.18,9.93,43824,44127850.0,2.46,-0.2,-0.02,2.34
2021-10-26,10.13,10.17,10.33,10.11,39811,40650337.0,2.17,0.39,0.04,2.12
2021-10-27,10.18,9.9,10.25,9.8,28598,28407458.0,4.42,-2.65,-0.27,1.52
2021-10-28,9.91,9.63,10.07,9.61,34961,34258331.0,4.65,-2.73,-0.27,1.86
2021-10-29,9.89,9.87,9.96,9.43,55551,54274972.0,5.5,2.49,0.24,2.96
2021-11-01,9.86,9.88,10.09,9.78,47903,47637665.0,3.14,0.1,0.01,2.55
2021-11-02,9.87,9.75,10.03,9.67,51004,50240477.0,3.64,-1.32,-0.13,2.72
2021-11-03,9.81,9.73,9.81,9.36,51896,49505387.0,4.62,-0.21,-0.02,2.77
2021-11-04,9.73,10.26,10.35,9.7,86150,87297573.0,6.68,5.45,0.53,4.59
2021-11-05,10.25,10.12,10.25,10.07,49825,50581195.0,1.75,-1.36,-0.14,2.66
2021-11-08,10.12,10.13,10.22,9.86,53635,53975498.0,3.56,0.1,0.01,2.86
2021-11-09,10.03,10.53,10.62,10.03,51126,53111288.0,5.82,3.95,0.4,2.73
2021-11-10,10.5,11.58,11.58,10.42,129067,142988767.0,11.02,9.97,1.05,6.88
2021-11-11,11.88,11.49,11.88,11.14,147079,167205295.0,6.39,-0.78,-0.09,7.84
2021-11-12,11.46,11.95,12.5,11.28,145248,172099029.0,10.62,4.0,0.46,7.74
2021-11-15,11.96,11.83,12.18,11.75,92149,110334287.0,3.6,-1.0,-0.12,4.91
2021-11-16,12.2,13.01,13.01,12.0,215693,275478288.0,8.54,9.97,1.18,11.5
2021-11-17,12.74,12.6,13.19,12.37,229511,291985216.0,6.3,-3.15,-0.41,12.23
2021-11-18,12.55,12.53,12.85,12.44,91491,115202999.0,3.25,-0.56,-0.07,4.88
2021-11-19,12.55,12.94,12.98,12.28,105848,134286223.0,5.59,3.27,0.41,5.64
2021-11-22,12.7,12.92,13.76,12.6,149563,197824017.0,8.96,-0.15,-0.02,7.97
2021-11-23,13.05,14.21,14.21,13.05,194806,273648784.0,8.98,9.98,1.29,10.38
2021-11-24,14.0,14.8,15.09,14.0,299398,437853456.0,7.67,4.15,0.59,15.96
2021-11-25,14.51,15.2,15.36,14.43,183682,275426576.0,6.28,2.7,0.4,9.79
2021-11-26,15.8,15.06,15.81,14.37,150665,226893921.0,9.47,-0.92,-0.14,8.03
2021-11-29,15.05,14.92,15.15,14.4,118131,174591906.0,4.98,-0.93,-0.14,6.3
2021-11-30,14.93,15.88,16.38,14.87,184299,291611744.0,10.12,6.43,0.96,9.82
2021-12-01,15.92,16.58,16.79,15.88,129938,213505134.0,5.73,4.41,0.7,6.93
2021-12-02,16.55,15.87,16.58,15.71,89313,143272110.0,5.25,-4.28,-0.71,4.76
2021-12-03,16.26,15.47,16.26,15.24,120607,187648975.0,6.43,-2.52,-0.4,6.43
2021-12-06,15.38,15.44,15.82,15.3,115672,179278452.0,3.36,-0.19,-0.03,6.17
2021-12-07,15.34,14.9,15.58,13.99,121814,181533545.0,10.3,-3.5,-0.54,6.49
2021-12-08,14.9,14.38,15.04,14.3,92421,134522447.0,4.97,-3.49,-0.52,4.93
2021-12-09,14.5,14.14,14.52,14.07,81500,116285759.0,3.13,-1.67,-0.24,4.34
2021-12-10,14.14,14.51,14.65,14.01,70422,101622316.0,4.53,2.62,0.37,3.75
2021-12-13,14.5,15.05,15.42,14.23,99573,148471775.0,8.2,3.72,0.54,5.31
2021-12-14,15.06,15.01,15.25,14.8,52048,78087320.0,2.99,-0.27,-0.04,2.77
2021-12-15,15.37,15.02,15.7,14.93,50980,77444483.0,5.13,0.07,0.01,2.72
2021-12-16,15.12,15.53,15.68,14.69,81640,125132867.0,6.59,3.4,0.51,4.35
2021-12-17,15.8,15.71,16.2,15.26,100554,158544012.0,6.05,1.16,0.18,5.36
2021-12-20,15.71,15.38,15.73,15.17,58007,89424734.0,3.56,-2.1,-0.33,3.09
2021-12-21,15.38,14.95,15.4,14.57,86792,129251382.0,5.4,-2.8,-0.43,4.63
2021-12-22,15.03,15.54,15.6,15.03,74221,114569892.0,3.81,3.95,0.59,3.96
2021-12-23,15.8,15.25,15.8,14.96,47020,71394070.0,5.41,-1.87,-0.29,2.51
2021-12-24,15.32,14.87,15.41,14.78,39794,59445021.0,4.13,-2.49,-0.38,2.12
2021-12-27,14.87,16.36,16.36,14.66,95026,151799815.0,11.43,10.02,1.49,5.07
2021-12-28,16.36,16.1,16.78,15.5,115077,184736195.0,7.82,-1.59,-0.26,6.13
2021-12-29,16.13,16.5,17.18,15.78,94368,157612597.0,8.7,2.48,0.4,5.03
2021-12-30,16.55,15.86,16.75,15.7,72649,115997408.0,6.36,-3.88,-0.64,3.87
2021-12-31,15.85,15.92,16.17,15.75,36443,58211193.0,2.65,0.38,0.06,1.94
2022-01-04,16.06,15.48,16.88,15.3,127392,202363834.0,9.92,-2.76,-0.44,6.79
2022-01-05,15.74,15.27,15.74,14.5,91097,138306488.0,8.01,-1.36,-0.21,4.86
2022-01-06,15.12,16.8,16.8,15.05,105420,173294751.0,11.46,10.02,1.53,5.62
2022-01-07,16.87,17.28,17.77,16.66,139598,240381910.0,6.61,2.86,0.48,7.44
2022-01-10,17.0,16.2,17.31,16.12,89325,147002743.0,6.89,-6.25,-1.08,4.76
2022-01-11,16.15,16.01,16.38,15.86,53701,86338933.0,3.21,-1.17,-0.19,2.86
2022-01-12,15.96,15.95,16.18,15.88,30663,49048397.0,1.87,-0.37,-0.06,1.63
2022-01-13,15.74,15.35,15.95,15.31,47655,73999427.0,4.01,-3.76,-0.6,2.54
2022-01-14,15.3,15.61,15.71,15.12,41253,63765707.0,3.84,1.69,0.26,2.2
2022-01-17,15.4,15.41,15.65,14.6,86149,130011616.0,6.73,-1.28,-0.2,4.59
2022-01-18,15.63,15.14,15.65,14.99,36868,56139306.0,4.28,-1.75,-0.27,1.97
2022-01-19,15.11,15.16,15.6,15.0,41587,63435090.0,3.96,0.13,0.02,2.22
2022-01-20,15.17,14.63,15.19,14.6,34439,51026378.0,3.89,-3.5,-0.53,1.84
2022-01-21,14.66,14.49,14.66,14.26,31766,45930078.0,2.73,-0.96,-0.14,1.69
2022-01-24,14.55,14.35,15.15,14.11,51892,74705146.0,7.18,-0.97,-0.14,2.77
2022-01-25,14.26,13.6,14.4,13.53,48004,66807330.0,6.06,-5.23,-0.75,2.56
2022-01-26,13.64,13.97,14.11,13.64,33140,46109305.0,3.46,2.72,0.37,1.77
2022-01-27,14.01,13.82,14.3,13.71,29225,41054265.0,4.22,-1.07,-0.15,1.56
2022-01-28,13.85,13.72,14.05,13.25,37809,51708830.0,5.79,-0.72,-0.1,2.02
2022-02-07,13.86,13.65,14.12,13.45,38320,52482076.0,4.88,-0.51,-0.07,2.04
2022-02-08,13.64,13.6,13.82,13.27,33958,45910710.0,4.03,-0.37,-0.05,1.81
2022-02-09,13.56,13.85,14.04,13.29,53882,73772921.0,5.51,1.84,0.25,2.87
2022-02-10,13.88,13.67,13.96,13.56,25246,34542009.0,2.89,-1.3,-0.18,1.35
2022-02-11,13.55,13.37,13.6,13.2,33710,45186434.0,2.93,-2.19,-0.3,1.8
2022-02-14,13.28,13.14,13.49,12.99,44935,59251594.0,3.74,-1.72,-0.23,2.4
2022-02-15,13.22,13.05,13.27,12.94,21882,28534480.0,2.51,-0.68,-0.09,1.17
2022-02-16,13.06,13.6,13.63,13.06,32731,43975141.0,4.37,4.21,0.55,1.74
2022-02-17,13.5,13.55,13.8,13.46,16065,21842736.0,2.5,-0.37,-0.05,0.86
2022-02-18,13.43,13.47,13.6,13.33,19970,26841917.0,1.99,-0.59,-0.08,1.06
2022-02-21,13.4,13.95,13.97,13.4,34384,47261635.0,4.23,3.56,0.48,1.83
2022-02-22,13.88,13.76,13.88,13.48,27132,37005703.0,2.87,-1.36,-0.19,1.45
2022-02-23,13.78,14.01,14.16,13.65,34548,48189059.0,3.71,1.82,0.25,1.84
2022-02-24,13.92,13.98,14.45,13.83,47578,67099902.0,4.43,-0.21,-0.03,2.54
2022-02-25,14.0,14.18,14.27,14.0,27942,39599727.0,1.93,1.43,0.2,1.49
2022-02-28,14.25,14.19,14.29,13.95,18124,25627678.0,2.4,0.07,0.01,0.97
2022-03-01,14.37,14.72,14.75,14.22,42936,62805549.0,3.74,3.74,0.53,2.29
2022-03-02,14.63,14.5,14.82,14.43,38273,55962568.0,2.65,-1.49,-0.22,2.04
2022-03-03,14.91,14.79,15.08,14.6,63281,93643498.0,3.31,2.0,0.29,3.37
2022-03-04,14.69,14.43,14.69,14.33,43208,62675836.0,2.43,-2.43,-0.36,2.3
2022-03-07,14.0,13.71,14.14,13.47,55347,76555830.0,4.64,-4.99,-0.72,2.95
2022-03-08,13.81,13.15,13.83,13.1,36642,48910566.0,5.32,-4.08,-0.56,1.95
2022-03-09,13.16,12.87,13.26,12.49,33997,44071204.0,5.86,-2.13,-0.28,1.81
2022-03-10,13.22,13.61,13.78,13.22,41658,56643065.0,4.35,5.75,0.74,2.22
2022-03-11,13.4,13.63,13.67,13.13,30747,41264276.0,3.97,0.15,0.02,1.64
2022-03-14,13.5,13.07,13.57,13.03,22780,30208866.0,3.96,-4.11,-0.56,1.21
2022-03-15,13.25,12.86,13.27,12.56,40693,52634875.0,5.43,-1.61,-0.21,2.17
2022-03-16,13.11,13.42,13.5,12.56,52088,67805133.0,7.31,4.35,0.56,2.78
2022-03-17,13.52,13.39,13.89,13.36,43506,59096236.0,3.95,-0.22,-0.03,2.32
2022-03-18,13.39,13.39,13.5,13.22,17416,23273316.0,2.09,0.0,0.0,0.93
2022-03-21,13.31,13.06,13.49,12.92,26655,35085849.0,4.26,-2.46,-0.33,1.42
2022-03-22,13.2,12.94,13.24,12.78,20672,26831461.0,3.52,-0.92,-0.12,1.1
2022-03-23,13.03,13.61,13.94,12.98,58481,79270722.0,7.42,5.18,0.67,3.12
2022-03-24,13.58,13.77,13.81,13.3,29455,39823005.0,3.75,1.18,0.16,1.57
2022-03-25,13.6,13.35,13.92,13.35,31927,43427647.0,4.14,-3.05,-0.42,1.7
2022-03-28,13.49,13.19,13.49,13.0,16429,21613984.0,3.67,-1.2,-0.16,0.88
2022-03-29,13.3,12.93,13.31,12.75,32221,41654021.0,4.25,-1.97,-0.26,1.72
2022-03-30,13.04,13.54,13.67,12.82,35347,47092449.0,6.57,4.72,0.61,1.88
2022-03-31,13.43,13.15,13.83,13.05,34740,46814604.0,5.76,-2.88,-0.39,1.85
2022-04-01,13.08,13.15,13.2,12.92,26138,34075457.0,2.13,0.0,0.0,1.39
2022-04-06,13.16,12.9,13.17,12.87,16693,21619715.0,2.28,-1.9,-0.25,0.89
2022-04-07,12.8,12.48,12.96,12.45,26828,33792100.0,3.95,-3.26,-0.42,1.43
2022-04-08,12.45,12.87,13.05,12.18,35346,44795928.0,6.97,3.13,0.39,1.88
2022-04-11,12.87,12.4,12.87,12.24,22460,27946608.0,4.9,-3.65,-0.47,1.2
2022-04-12,12.4,12.48,12.7,12.25,16609,20730315.0,3.63,0.65,0.08,0.89
2022-04-13,12.5,12.71,13.03,12.22,22634,28666384.0,6.49,1.84,0.23,1.21
2022-04-14,12.64,12.54,12.73,12.35,21404,26761572.0,2.99,-1.34,-0.17,1.14
2022-04-15,12.54,12.07,12.55,12.05,19073,23371053.0,3.99,-3.75,-0.47,1.02
2022-04-18,12.1,11.85,12.12,11.44,43674,51109248.0,5.63,-1.82,-0.22,2.33
2022-04-19,12.05,12.09,12.41,11.86,35786,43500864.0,4.64,2.03,0.24,1.91
2022-04-20,12.19,11.76,12.88,11.69,45886,55999068.0,9.84,-2.73,-0.33,2.45
2022-04-21,11.78,11.25,11.88,11.16,36970,42288455.0,6.12,-4.34,-0.51,1.97
2022-04-22,11.33,11.11,11.33,10.66,53168,58232909.0,5.96,-1.24,-0.14,2.83
2022-04-25,10.82,10.49,11.2,10.38,41151,43979706.0,7.38,-5.58,-0.62,2.19
2022-04-26,10.47,10.27,10.89,10.21,31871,33329238.0,6.48,-2.1,-0.22,1.7
2022-04-27,10.25,10.49,10.8,9.9,45563,47061881.0,8.76,2.14,0.22,2.43
2022-04-28,10.45,10.65,10.8,10.3,29140,30764632.0,4.77,1.53,0.16,1.55
2022-04-29,10.59,11.02,11.03,10.48,30654,32977817.0,5.16,3.47,0.37,1.63
2022-05-05,10.85,11.37,11.43,10.85,25865,29067086.0,5.26,3.18,0.35,1.38
2022-05-06,11.06,11.09,11.21,10.92,17743,19670501.0,2.55,-2.46,-0.28,0.95
2022-05-09,11.13,11.18,11.23,10.86,14149,15782999.0,3.34,0.81,0.09,0.75
2022-05-10,10.99,11.33,11.38,10.97,15127,16960166.0,3.67,1.34,0.15,0.81
2022-05-11,11.33,11.57,11.98,11.3,29907,34950382.0,6.0,2.12,0.24,1.59
2022-05-12,11.55,11.53,11.73,11.39,11668,13475454.0,2.94,-0.35,-0.04,0.62
2022-05-13,11.62,11.55,11.71,11.4,13612,15675941.0,2.69,0.17,0.02,0.73
2022-05-16,11.68,11.63,11.68,11.44,11500,13293639.0,2.08,0.69,0.08,0.61
2022-05-17,11.35,11.45,11.49,11.25,10866,12368648.0,2.06,-1.55,-0.18,0.58
2022-05-18,11.49,11.65,11.75,11.38,13112,15228491.0,3.23,1.75,0.2,0.7
2022-05-19,11.5,11.9,11.93,11.44,16967,20000891.0,4.21,2.15,0.25,0.9
2022-05-20,11.98,11.86,11.98,11.7,16576,19593433.0,2.35,-0.34,-0.04,0.88
2022-05-23,11.81,11.9,11.94,11.79,11512,13701548.0,1.26,0.34,0.04,0.61
2022-05-24,11.98,11.5,11.98,11.5,15371,17988644.0,4.03,-3.36,-0.4,0.82
2022-05-25,11.51,11.82,11.91,11.5,14142,16657792.0,3.57,2.78,0.32,0.75
2022-05-26,11.82,11.73,11.95,11.57,9481,11122370.0,3.21,-0.76,-0.09,0.51
2022-05-27,11.94,11.84,11.97,11.7,17697,20951875.0,2.3,0.94,0.11,0.94
2022-05-30,11.93,11.89,11.95,11.7,9488,11238856.0,2.11,0.42,0.05,0.51
2022-05-31,11.89,11.9,11.95,11.7,11287,13385247.0,2.1,0.08,0.01,0.6
2022-06-01,11.85,11.92,12.08,11.71,21521,25544516.0,3.11,0.17,0.02,1.15
2022-06-02,11.8,12.1,12.15,11.75,21285,25442951.0,3.36,1.51,0.18,1.13
2022-06-06,12.3,12.86,12.97,12.04,49208,61902212.0,7.69,6.28,0.76,2.62
2022-06-07,12.81,12.74,13.06,12.58,23123,29547352.0,3.73,-0.93,-0.12,1.23
2022-06-08,12.68,12.65,12.76,12.3,19574,24559770.0,3.61,-0.71,-0.09,1.04
2022-06-09,12.51,12.36,12.56,12.11,18572,22915574.0,3.56,-2.29,-0.29,0.99
2022-06-10,12.6,12.68,12.8,12.24,23197,29356031.0,4.53,2.59,0.32,1.24
2022-06-13,12.51,12.7,13.0,12.51,19696,25020937.0,3.86,0.16,0.02,1.05
2022-06-14,12.55,12.68,12.69,12.38,11780,14782709.0,2.44,-0.16,-0.02,0.63
2022-06-15,12.67,12.58,12.75,12.46,15522,19563090.0,2.29,-0.79,-0.1,0.83
2022-06-16,12.67,12.63,12.78,12.44,13077,16508110.0,2.7,0.4,0.05,0.7
2022-06-17,12.5,12.59,12.65,12.4,14365,17985709.0,1.98,-0.32,-0.04,0.77
2022-06-20,12.61,12.45,12.68,12.42,12203,15242532.0,2.07,-1.11,-0.14,0.65
2022-06-21,12.5,12.41,12.6,12.25,13152,16324043.0,2.81,-0.32,-0.04,0.7
2022-06-22,12.44,12.13,12.49,12.01,13138,16069490.0,3.87,-2.26,-0.28,0.7
2022-06-23,12.21,12.25,12.28,11.93,8830,10749341.0,2.89,0.99,0.12,0.47
2022-06-24,12.38,12.29,12.4,12.2,7671,9437553.0,1.63,0.33,0.04,0.41
2022-06-27,12.35,12.48,12.7,12.26,18684,23337681.0,3.58,1.55,0.19,1.0
2022-06-28,12.42,13.12,13.36,12.4,45913,59376620.0,7.69,5.13,0.64,2.45
2022-06-29,13.05,12.83,13.24,12.71,25204,32570920.0,4.04,-2.21,-0.29,1.34
2022-06-30,12.84,12.76,12.95,12.62,23155,29573771.0,2.57,-0.55,-0.07,1.23
2022-07-01,12.7,12.56,12.93,12.5,25316,32090347.0,3.37,-1.57,-0.2,1.35
2022-07-04,12.5,12.93,13.0,12.5,23777,30414446.0,3.98,2.95,0.37,1.27
2022-07-05,12.9,14.21,14.22,12.86,163419,229636177.0,10.52,9.9,1.28,8.71
2022-07-06,14.25,13.88,14.26,13.76,90795,127395644.0,3.52,-2.32,-0.33,4.84
2022-07-07,14.09,13.76,14.15,13.7,35399,49210944.0,3.24,-0.86,-0.12,1.89
2022-07-08,13.9,13.49,14.57,13.39,47257,65254571.0,8.58,-1.96,-0.27,2.52
2022-07-11,13.47,13.51,13.73,13.29,33239,44795118.0,3.26,0.15,0.02,1.77
2022-07-12,13.42,12.84,13.48,12.8,32101,42045477.0,5.03,-4.96,-0.67,1.71
2022-07-13,12.99,12.82,13.18,12.72,26763,34442033.0,3.58,-0.16,-0.02,1.43
2022-07-14,12.9,13.46,13.52,12.8,49971,66014093.0,5.62,4.99,0.64,2.66
2022-07-15,13.42,13.66,13.96,13.11,79563,107950513.0,6.32,1.49,0.2,4.24
2022-07-18,13.53,13.8,14.29,13.33,51575,71095085.0,7.03,1.02,0.14,2.75
2022-07-19,13.82,14.33,14.41,13.73,59487,84129474.0,4.93,3.84,0.53,3.17
2022-07-20,14.42,15.09,15.42,14.0,84788,124240234.0,9.91,5.3,0.76,4.52
2022-07-21,15.0,14.54,15.63,14.48,88939,133569280.0,7.62,-3.64,-0.55,4.74
2022-07-22,14.35,14.22,14.68,13.91,47574,67506188.0,5.3,-2.2,-0.32,2.54
2022-07-25,14.25,14.65,14.92,14.19,53402,78162779.0,5.13,3.02,0.43,2.85
2022-07-26,14.68,14.86,14.96,14.39,25047,37008704.0,3.89,1.43,0.21,1.34
2022-07-27,14.86,14.79,15.02,14.64,25342,37570123.0,2.56,-0.47,-0.07,1.35
2022-07-28,14.77,14.56,15.04,14.51,19003,27850726.0,3.58,-1.56,-0.23,1.01
2022-07-29,14.6,14.1,14.6,14.08,37727,53883635.0,3.57,-3.16,-0.46,2.01
2022-08-01,14.27,14.55,14.99,14.27,50833,74001227.0,5.11,3.19,0.45,2.71
2022-08-02,14.47,14.0,14.6,13.75,70395,99130409.0,5.84,-3.78,-0.55,3.75
2022-08-03,14.25,13.64,14.25,13.6,30567,42475732.0,4.64,-2.57,-0.36,1.63
2022-08-04,13.72,13.78,13.86,13.56,14326,19630759.0,2.2,1.03,0.14,0.76
2022-08-05,13.97,14.22,14.5,13.86,31891,45331223.0,4.64,3.19,0.44,1.7
2022-08-08,14.23,14.49,14.68,14.02,23623,34092675.0,4.64,1.9,0.27,1.26
2022-08-09,14.59,14.43,14.59,14.28,13484,19409293.0,2.14,-0.41,-0.06,0.72
2022-08-10,14.41,14.39,14.62,14.1,24146,34608454.0,3.6,-0.28,-0.04,1.29
2022-08-11,14.46,14.59,14.72,14.31,18311,26714407.0,2.85,1.39,0.2,0.98
2022-08-12,14.47,14.25,14.76,14.25,19873,28705983.0,3.5,-2.33,-0.34,1.06
2022-08-15,14.21,14.6,14.65,14.19,24179,34951573.0,3.23,2.46,0.35,1.29
2022-08-16,14.58,14.68,14.8,14.45,15847,23223912.0,2.4,0.55,0.08,0.84
2022-08-17,14.65,14.16,14.73,14.06,37277,53406493.0,4.56,-3.54,-0.52,1.99
2022-08-18,14.08,14.46,14.47,14.08,19926,28447714.0,2.75,2.12,0.3,1.06
2022-08-19,14.57,14.43,14.65,14.0,34705,49842761.0,4.5,-0.21,-0.03,1.85
2022-08-22,14.43,14.21,14.43,14.13,11318,16089472.0,2.08,-1.52,-0.22,0.6
2022-08-23,14.27,14.13,14.27,13.92,13293,18753371.0,2.46,-0.56,-0.08,0.71
2022-08-24,14.12,13.6,14.12,13.56,17713,24358632.0,3.96,-3.75,-0.53,0.94
2022-08-25,13.6,13.17,13.7,13.02,27778,36639680.0,5.0,-3.16,-0.43,1.48
2022-08-26,13.16,13.19,13.59,13.16,31553,42040785.0,3.26,0.15,0.02,1.68
2022-08-29,13.0,13.18,13.35,12.89,20373,26894559.0,3.49,-0.08,-0.01,1.09
2022-08-30,13.28,13.05,13.38,12.9,27811,36382390.0,3.64,-0.99,-0.13,1.48
2022-08-31,12.98,12.55,13.14,12.51,27348,34862533.0,4.83,-3.83,-0.5,1.46
2022-09-01,12.67,12.92,13.04,12.58,20101,25783501.0,3.67,2.95,0.37,1.07
2022-09-02,12.94,12.64,13.07,12.52,26324,33300299.0,4.26,-2.17,-0.28,1.4
2022-09-05,12.39,13.1,13.13,12.39,36808,47651745.0,5.85,3.64,0.46,1.96
2022-09-06,13.11,13.86,14.05,13.0,42399,57993079.0,8.02,5.8,0.76,2.26
2022-09-07,13.86,13.58,13.88,13.08,52909,71248749.0,5.77,-2.02,-0.28,2.82
2022-09-08,13.54,13.62,13.71,13.35,25173,34203917.0,2.65,0.29,0.04,1.34
2022-09-09,13.5,13.73,13.8,13.35,21592,29415762.0,3.3,0.81,0.11,1.15
2022-09-13,13.73,13.84,14.11,13.61,20788,28728878.0,3.64,0.8,0.11,1.11
2022-09-14,13.57,13.56,13.78,13.47,11468,15584396.0,2.24,-2.02,-0.28,0.61
2022-09-15,13.79,13.55,13.79,13.08,15755,20952209.0,5.24,-0.07,-0.01,0.84
2022-09-16,13.48,13.19,13.5,13.13,14663,19473578.0,2.73,-2.66,-0.36,0.78
2022-09-19,13.35,13.2,13.5,12.82,19638,25966696.0,5.16,0.08,0.01,1.05
2022-09-20,13.5,13.4,13.63,13.13,17003,22847630.0,3.79,1.52,0.2,0.91
2022-09-21,13.17,13.1,13.4,12.96,16726,21979997.0,3.28,-2.24,-0.3,0.89
2022-09-22,12.95,13.02,13.26,12.95,7362,9663673.0,2.37,-0.61,-0.08,0.39
2022-09-23,13.15,13.51,14.26,12.86,39774,54406674.0,10.75,3.76,0.49,2.12
2022-09-26,13.28,13.55,13.97,13.06,28755,38781817.0,6.74,0.3,0.04,1.53
2022-09-27,13.41,13.44,13.54,13.19,25216,33660392.0,2.58,-0.81,-0.11,1.34
2022-09-28,13.44,13.66,14.0,13.34,45870,63349302.0,4.91,1.64,0.22,2.45
2022-09-29,13.7,13.66,14.08,13.55,26456,36526111.0,3.88,0.0,0.0,1.41
2022-09-30,13.71,13.45,13.71,13.16,26792,35787313.0,4.03,-1.54,-0.21,1.43
2022-10-10,13.23,13.26,13.69,13.16,14805,19876741.0,3.94,-1.41,-0.19,0.79
2022-10-11,13.21,13.16,13.35,12.91,13227,17342326.0,3.32,-0.75,-0.1,0.71
2022-10-12,13.08,13.65,13.65,13.02,13602,18185387.0,4.79,3.72,0.49,0.73
2022-10-13,13.6,13.9,14.28,13.53,37051,51929564.0,5.49,1.83,0.25,1.97
2022-10-14,13.9,14.13,14.33,13.81,30244,42714312.0,3.74,1.65,0.23,1.61
2022-10-17,14.19,14.29,14.49,14.1,20193,28871704.0,2.76,1.13,0.16,1.08
2022-10-18,14.34,14.23,14.38,14.1,18260,25964154.0,1.96,-0.42,-0.06,0.97
2022-10-19,14.08,13.9,14.26,13.88,14928,20925806.0,2.67,-2.32,-0.33,0.8
2022-10-20,13.9,14.0,14.19,13.86,17010,23849833.0,2.37,0.72,0.1,0.91
2022-10-21,14.07,14.13,14.13,13.85,16888,23682405.0,2.0,0.93,0.13,0.9
2022-10-24,13.92,14.06,14.34,13.92,21422,30328701.0,2.97,-0.5,-0.07,1.14
2022-10-25,14.15,13.77,14.19,13.49,20555,28088693.0,4.98,-2.06,-0.29,1.1
2022-10-26,13.77,13.77,13.97,13.62,11054,15296118.0,2.54,0.0,0.0,0.59
2022-10-27,13.69,13.44,13.95,13.22,24781,33357952.0,5.3,-2.4,-0.33,1.32
2022-10-28,13.25,13.13,13.48,12.82,17511,22939736.0,4.91,-2.31,-0.31,0.93
2022-10-31,12.86,13.28,13.28,12.67,27383,35561540.0,4.65,1.14,0.15,1.46
2022-11-01,13.25,12.97,13.28,12.11,57595,72666880.0,8.81,-2.33,-0.31,3.07
2022-11-02,12.67,12.69,12.82,12.41,21457,27133978.0,3.16,-2.16,-0.28,1.14
2022-11-03,12.52,12.72,12.72,12.44,16119,20267704.0,2.21,0.24,0.03,0.86
2022-11-04,12.75,13.26,13.56,12.56,27386,35772970.0,7.86,4.25,0.54,1.46
2022-11-07,13.23,12.99,13.3,12.93,15671,20461878.0,2.79,-2.04,-0.27,0.84
2022-11-08,13.08,13.13,13.16,12.9,9252,12042443.0,2.0,1.08,0.14,0.49
2022-11-09,13.13,13.12,13.14,12.97,5212,6820825.0,1.29,-0.08,-0.01,0.28
2022-11-10,13.11,12.88,13.12,12.87,11267,14595041.0,1.91,-1.83,-0.24,0.6
2022-11-11,13.06,12.94,13.16,12.93,12874,16759138.0,1.79,0.47,0.06,0.69
2022-11-14,12.93,12.78,13.0,12.72,13179,16941922.0,2.16,-1.24,-0.16,0.7
2022-11-15,12.67,12.92,12.92,12.66,11498,14704353.0,2.03,1.1,0.14,0.61
2022-11-16,12.95,12.96,13.08,12.88,9326,12107155.0,1.55,0.31,0.04,0.5
2022-11-17,12.97,12.99,12.99,12.77,6525,8391469.0,1.7,0.23,0.03,0.35
2022-11-18,12.97,13.0,13.06,12.91,8301,10783969.0,1.15,0.08,0.01,0.44
2022-11-21,12.98,12.98,13.05,12.78,8972,11596585.0,2.08,-0.15,-0.02,0.48
2022-11-22,13.02,13.01,13.13,12.92,10583,13765862.0,1.62,0.23,0.03,0.56
2022-11-23,12.95,12.95,13.07,12.71,9868,12693011.0,2.77,-0.46,-0.06,0.53
2022-11-24,12.95,12.8,12.97,12.77,9739,12504872.0,1.54,-1.16,-0.15,0.52
2022-11-25,12.8,12.68,12.87,12.66,10463,13339810.0,1.64,-0.94,-0.12,0.56
2022-11-28,12.81,12.84,12.88,12.55,14702,18755565.0,2.6,1.26,0.16,0.78
2022-11-29,12.77,13.07,13.11,12.66,26505,34436652.0,3.5,1.79,0.23,1.41
2022-11-30,13.17,13.02,13.19,12.92,14054,18318819.0,2.07,-0.38,-0.05,0.75
2022-12-01,13.1,12.95,13.15,12.92,11459,14912961.0,1.77,-0.54,-0.07,0.61
2022-12-02,12.92,12.92,13.0,12.87,12715,16439016.0,1.0,-0.23,-0.03,0.68
2022-12-05,12.9,13.12,13.16,12.89,15750,20563033.0,2.09,1.55,0.2,0.84
2022-12-06,13.09,12.96,13.09,12.93,7458,9686020.0,1.22,-1.22,-0.16,0.4
2022-12-07,13.0,12.81,13.02,12.7,22707,29144120.0,2.47,-1.16,-0.15,1.21
2022-12-08,12.76,12.6,12.81,12.59,16474,20864801.0,1.72,-1.64,-0.21,0.88
2022-12-09,12.66,12.54,12.66,12.47,14743,18460763.0,1.51,-0.48,-0.06,0.79
2022-12-12,12.55,12.35,12.55,12.29,13370,16555026.0,2.07,-1.52,-0.19,0.71
2022-12-13,12.35,12.4,12.41,12.22,7057,8711952.0,1.54,0.4,0.05,0.38
2022-12-14,12.4,12.28,12.42,12.26,6995,8620733.0,1.29,-0.97,-0.12,0.37
2022-12-15,12.41,12.33,12.42,12.15,10416,12783995.0,2.2,0.41,0.05,0.56
2022-12-16,12.39,12.28,12.39,12.17,7300,8947492.0,1.78,-0.41,-0.05,0.39
2022-12-19,12.22,12.14,12.25,12.07,8141,9883116.0,1.47,-1.14,-0.14,0.43
2022-12-20,11.78,12.09,12.23,11.7,9370,11252648.0,4.37,-0.41,-0.05,0.5
2022-12-21,12.09,11.94,12.14,11.88,5103,6103171.0,2.15,-1.24,-0.15,0.27
2022-12-22,12.01,11.59,12.01,11.55,9273,10889667.0,3.85,-2.93,-0.35,0.49
2022-12-23,11.58,11.62,11.79,11.0,11218,13000285.0,6.82,0.26,0.03,0.6
2022-12-26,11.71,12.23,12.34,11.5,20494,24655143.0,7.23,5.25,0.61,1.09
2022-12-27,12.28,12.05,12.28,11.95,9184,11063840.0,2.7,-1.47,-0.18,0.49
2022-12-28,12.17,12.05,12.21,11.91,8147,9833161.0,2.49,0.0,0.0,0.43
2022-12-29,12.04,11.99,12.1,11.85,6860,8242232.0,2.07,-0.5,-0.06,0.37
2022-12-30,12.01,12.21,12.25,11.98,16603,20198949.0,2.25,1.83,0.22,0.88
2023-01-03,12.37,12.17,12.47,12.1,18555,22658820.0,3.03,-0.33,-0.04,0.99
2023-01-04,12.17,12.18,12.28,12.12,9863,12019330.0,1.31,0.08,0.01,0.53
2023-01-05,12.19,12.28,12.32,12.16,10959,13420576.0,1.31,0.82,0.1,0.58
2023-01-06,12.3,12.39,12.57,12.21,13797,17156531.0,2.93,0.9,0.11,0.74
2023-01-09,12.45,12.39,12.49,12.33,12371,15317599.0,1.29,0.0,0.0,0.66
2023-01-10,12.45,12.27,12.45,12.21,10289,12630302.0,1.94,-0.97,-0.12,0.55
2023-01-11,12.2,12.18,12.37,12.11,9416,11499552.0,2.12,-0.73,-0.09,0.5
2023-01-12,12.18,12.03,12.25,12.02,8849,10707144.0,1.89,-1.23,-0.15,0.47
2023-01-13,12.14,12.02,12.17,11.92,6919,8305529.0,2.08,-0.08,-0.01,0.37
2023-01-16,12.01,12.19,12.26,12.0,10131,12298905.0,2.16,1.41,0.17,0.54
2023-01-17,12.19,12.19,12.32,12.06,8341,10163763.0,2.13,0.0,0.0,0.44
2023-01-18,12.17,12.12,12.25,12.04,9323,11324748.0,1.72,-0.57,-0.07,0.5
2023-01-19,12.11,12.36,12.5,12.1,19300,23790757.0,3.3,1.98,0.24,1.03
2023-01-20,12.36,12.38,12.49,12.33,7534,9331517.0,1.29,0.16,0.02,0.4
2023-01-30,12.48,12.32,12.66,12.2,30114,37324017.0,3.72,-0.48,-0.06,1.61
2023-01-31,12.21,12.3,12.38,12.19,15099,18520495.0,1.54,-0.16,-0.02,0.8
2023-02-01,12.33,12.62,12.63,12.32,21653,27105727.0,2.52,2.6,0.32,1.15
2023-02-02,12.73,12.85,12.87,12.46,28563,36326387.0,3.25,1.82,0.23,1.52
2023-02-03,12.84,12.66,12.84,12.55,14171,17911462.0,2.26,-1.48,-0.19,0.76
2023-02-06,12.66,12.51,12.69,12.45,9791,12284736.0,1.9,-1.18,-0.15,0.52
2023-02-07,12.56,12.55,12.63,12.47,10336,12978805.0,1.28,0.32,0.04,0.55
2023-02-08,12.58,12.55,12.7,12.5,10321,13008445.0,1.59,0.0,0.0,0.55
2023-02-09,12.54,12.62,12.65,12.45,8583,10801864.0,1.59,0.56,0.07,0.46
2023-02-10,12.62,12.62,12.67,12.54,9677,12199083.0,1.03,0.0,0.0,0.52
2023-02-13,12.64,12.66,12.7,12.56,18231,23038783.0,1.11,0.32,0.04,0.97
2023-02-14,12.66,12.74,12.75,12.63,13440,17044550.0,0.95,0.63,0.08,0.72
2023-02-15,12.68,12.85,12.89,12.68,15664,20072390.0,1.65,0.86,0.11,0.83
2023-02-16,12.76,12.41,12.91,12.3,22992,29053417.0,4.75,-3.42,-0.44,1.23
2023-02-17,12.67,12.43,12.71,12.38,18700,23505855.0,2.66,0.16,0.02,1.0
2023-02-20,12.48,12.56,12.57,12.33,15982,19879778.0,1.93,1.05,0.13,0.85
2023-02-21,12.52,12.65,12.7,12.5,17326,21859211.0,1.59,0.72,0.09,0.92
2023-02-22,12.63,12.65,12.67,12.57,9580,12090482.0,0.79,0.0,0.0,0.51
2023-02-23,12.69,12.74,12.86,12.62,24226,30865789.0,1.9,0.71,0.09,1.29
2023-02-24,12.7,12.57,12.7,12.5,11707,14747254.0,1.57,-1.33,-0.17,0.62
2023-02-27,12.54,12.51,12.67,12.49,14473,18170476.0,1.43,-0.48,-0.06,0.77
2023-02-28,12.59,12.51,12.59,12.42,15288,19094053.0,1.36,0.0,0.0,0.81
2023-03-01,12.53,12.55,12.58,12.4,14527,18139495.0,1.44,0.32,0.04,0.77
2023-03-02,12.57,12.63,12.64,12.49,12137,15263254.0,1.2,0.64,0.08,0.65
2023-03-03,12.63,12.52,12.68,12.42,15827,19801627.0,2.06,-0.87,-0.11,0.84
2023-03-06,12.54,12.31,12.54,12.22,26851,33132498.0,2.56,-1.68,-0.21,1.43
2023-03-07,12.43,12.05,12.44,12.02,24204,29514853.0,3.41,-2.11,-0.26,1.29
2023-03-08,11.93,12.02,12.1,11.89,18282,21874297.0,1.74,-0.25,-0.03,0.97
2023-03-09,11.96,12.16,12.17,11.95,12539,15119582.0,1.83,1.16,0.14,0.67
2023-03-10,12.06,12.16,12.23,12.01,22155,26850745.0,1.81,0.0,0.0,1.18
2023-03-13,11.99,12.1,12.2,11.92,16247,19660629.0,2.3,-0.49,-0.06,0.87
2023-03-14,12.1,11.79,12.1,11.71,21680,25610250.0,3.22,-2.56,-0.31,1.16
2023-03-15,11.86,12.0,12.01,11.83,15858,18893556.0,1.53,1.78,0.21,0.85
2023-03-16,11.89,11.68,11.96,11.65,19895,23522566.0,2.58,-2.67,-0.32,1.06
2023-03-17,11.7,11.94,11.98,11.7,19329,22870786.0,2.4,2.23,0.26,1.03
2023-03-20,11.9,11.95,11.96,11.82,33236,39477194.0,1.17,0.08,0.01,1.77
2023-03-21,11.99,12.12,12.14,11.87,23570,28268760.0,2.26,1.42,0.17,1.26
2023-03-22,12.17,12.04,12.19,12.0,31471,38054914.0,1.57,-0.66,-0.08,1.68
2023-03-23,12.07,11.82,12.1,11.77,45275,53772863.0,2.74,-1.83,-0.22,2.41
2023-03-24,11.85,11.82,11.89,11.76,20859,24671214.0,1.1,0.0,0.0,1.11
2023-03-27,11.72,11.58,11.81,11.41,38890,44860912.0,3.38,-2.03,-0.24,2.07
2023-03-28,11.62,11.47,11.65,11.45,24876,28645965.0,1.73,-0.95,-0.11,1.33
2023-03-29,11.42,11.38,11.5,11.3,21794,24798337.0,1.74,-0.78,-0.09,1.16
2023-03-30,11.36,11.26,11.38,11.11,41742,46797354.0,2.37,-1.05,-0.12,2.22
2023-03-31,11.23,11.51,11.52,11.23,33451,38191585.0,2.58,2.22,0.25,1.78
2023-04-03,11.55,11.57,11.76,11.51,29085,33776828.0,2.17,0.52,0.06,1.55
2023-04-04,11.57,11.2,11.62,11.1,44133,49721210.0,4.49,-3.2,-0.37,2.35
2023-04-06,11.17,11.13,11.2,11.0,35735,39595416.0,1.79,-0.63,-0.07,1.9
2023-04-07,11.08,11.24,11.26,10.71,78680,85831166.0,4.94,0.99,0.11,4.19
2023-04-10,11.1,10.9,11.11,10.82,53460,58426344.0,2.58,-3.02,-0.34,2.85
2023-04-11,10.86,10.93,11.08,10.76,29817,32640970.0,2.94,0.28,0.03,1.59
2023-04-12,11.05,10.9,11.06,10.85,15794,17266818.0,1.92,-0.27,-0.03,0.84
2023-04-13,10.86,10.91,11.0,10.83,15454,16860531.0,1.56,0.09,0.01,0.82
2023-04-14,10.91,10.98,10.99,10.84,15755,17223928.0,1.37,0.64,0.07,0.84
2023-04-17,10.96,11.01,11.04,10.88,25542,28011178.0,1.46,0.27,0.03,1.36
2023-04-18,11.02,10.94,11.02,10.9,24215,26482704.0,1.09,-0.64,-0.07,1.29
2023-04-19,10.93,10.93,10.98,10.86,13691,14937808.0,1.1,-0.09,-0.01,0.73
2023-04-20,10.94,10.78,10.94,10.61,23644,25405828.0,3.02,-1.37,-0.15,1.26
2023-04-21,10.78,10.36,10.8,10.28,56254,58753140.0,4.82,-3.9,-0.42,3.0
2023-04-24,10.29,10.3,10.47,10.21,19976,20601099.0,2.51,-0.58,-0.06,1.06
2023-04-25,10.35,10.11,10.4,9.98,20805,21115422.0,4.08,-1.84,-0.19,1.11
2023-04-26,10.02,10.3,10.36,9.95,19991,20475830.0,4.06,1.88,0.19,1.07
2023-04-27,10.3,10.48,10.49,10.18,21940,22757349.0,3.01,1.75,0.18,1.17
2023-04-28,10.43,10.87,10.88,10.42,25477,27238534.0,4.39,3.72,0.39,1.36
2023-05-04,10.81,10.88,10.98,10.71,25018,27081132.0,2.48,0.09,0.01,1.33
2023-05-05,10.88,10.75,10.88,10.61,19624,21023303.0,2.48,-1.19,-0.13,1.05
2023-05-08,10.74,10.63,10.78,10.63,19416,20804597.0,1.4,-1.12,-0.12,1.03
2023-05-09,10.63,10.35,10.65,10.32,21440,22409929.0,3.1,-2.63,-0.28,1.14
2023-05-10,10.37,10.39,10.48,10.3,13662,14194087.0,1.74,0.39,0.04,0.73
2023-05-11,10.42,10.37,10.43,10.27,16035,16611209.0,1.54,-0.19,-0.02,0.85
2023-05-12,10.37,10.18,10.4,10.1,16515,16885406.0,2.89,-1.83,-0.19,0.88
2023-05-15,10.18,10.2,10.25,9.99,20645,20853411.0,2.55,0.2,0.02,1.1
2023-05-16,10.2,10.02,10.25,9.97,19233,19318291.0,2.75,-1.76,-0.18,1.03
2023-05-17,10.02,10.14,10.2,9.98,21208,21478787.0,2.2,1.2,0.12,1.13
2023-05-18,9.98,9.81,9.98,9.69,34150,33521876.0,2.86,-3.25,-0.33,1.82
2023-05-19,9.81,9.86,9.89,9.72,16557,16239887.0,1.73,0.51,0.05,0.88
2023-05-22,9.83,10.01,10.02,9.83,24607,24467753.0,1.93,1.52,0.15,1.31
2023-05-23,9.97,9.95,10.07,9.88,14795,14762289.0,1.9,-0.6,-0.06,0.79
2023-05-24,9.91,9.95,10.05,9.9,17543,17507689.0,1.51,0.0,0.0,0.94
2023-05-25,9.96,9.93,10.04,9.8,21463,21272137.0,2.41,-0.2,-0.02,1.14
2023-05-26,9.92,9.69,9.95,9.65,38177,37161138.0,3.02,-2.42,-0.24,2.03
2023-05-29,9.69,9.45,9.77,9.44,29535,28221638.0,3.41,-2.48,-0.24,1.57
2023-05-30,9.47,9.45,9.55,9.33,23907,22550605.0,2.33,0.0,0.0,1.27
2023-05-31,9.44,9.3,9.5,9.28,23890,22418932.0,2.33,-1.59,-0.15,1.27
2023-06-01,9.27,9.42,9.53,9.22,28159,26503415.0,3.33,1.29,0.12,1.5
2023-06-02,9.43,9.62,9.64,9.43,19630,18757597.0,2.23,2.12,0.2,1.05
2023-06-05,9.62,9.64,9.66,9.56,15261,14684648.0,1.04,0.21,0.02,0.81
2023-06-06,9.64,9.38,9.64,9.37,15164,14360093.0,2.8,-2.7,-0.26,0.81
2023-06-07,9.26,9.11,9.38,9.09,34826,32003067.0,3.09,-2.88,-0.27,1.86
2023-06-08,9.11,9.12,9.24,9.09,18737,17167658.0,1.65,0.11,0.01,1.0
2023-06-09,9.13,9.07,9.15,9.01,17283,15671138.0,1.54,-0.55,-0.05,0.92
2023-06-12,9.01,9.11,9.17,8.88,24380,21996463.0,3.2,0.44,0.04,1.3
2023-06-13,9.08,9.12,9.21,9.03,15933,14501916.0,1.98,0.11,0.01,0.85
2023-06-14,9.17,9.05,9.17,8.98,12574,11376355.0,2.08,-0.77,-0.07,0.67
2023-06-15,9.08,9.13,9.16,8.97,14733,13385495.0,2.1,0.88,0.08,0.79
2023-06-16,9.12,9.14,9.23,9.12,16860,15466482.0,1.2,0.11,0.01,0.9
2023-06-19,9.13,9.21,9.23,9.08,21367,19608403.0,1.64,0.77,0.07,1.14
2023-06-20,9.21,8.94,9.21,8.91,27719,24929018.0,3.26,-2.93,-0.27,1.48
2023-06-21,8.98,8.84,9.08,8.84,28734,25629274.0,2.68,-1.12,-0.1,1.53
2023-06-26,8.87,8.75,8.92,8.7,38096,33557606.0,2.49,-1.02,-0.09,1.21
2023-06-27,8.8,8.99,9.05,8.76,26793,23986934.0,3.31,2.74,0.24,0.85
2023-06-28,9.04,9.0,9.04,8.88,19621,17627088.0,1.78,0.11,0.01,0.62
2023-06-29,9.03,9.14,9.22,8.95,25925,23737987.0,3.0,1.56,0.14,0.82
2023-06-30,9.22,9.32,9.34,9.15,22033,20413099.0,2.08,1.97,0.18,0.7
2023-07-03,9.35,9.41,9.5,9.32,21487,20217479.0,1.93,0.97,0.09,0.68
2023-07-04,9.44,9.44,9.46,9.35,25442,23951993.0,1.17,0.32,0.03,0.81
2023-07-05,9.51,9.53,9.64,9.42,25995,24856601.0,2.33,0.95,0.09,0.82
2023-07-06,9.61,9.53,9.61,9.45,16045,15266780.0,1.68,0.0,0.0,0.51
2023-07-07,9.48,9.4,9.56,9.38,20818,19654925.0,1.89,-1.36,-0.13,0.66
2023-07-10,9.4,9.49,9.55,9.38,17809,16876629.0,1.81,0.96,0.09,0.56
2023-07-11,9.43,9.54,9.54,9.43,13361,12687451.0,1.16,0.53,0.05,0.42
2023-07-12,9.56,9.52,9.59,9.47,16008,15277004.0,1.26,-0.21,-0.02,0.51
2023-07-13,9.57,9.54,9.62,9.46,19542,18663780.0,1.68,0.21,0.02,0.62
2023-07-14,9.54,9.56,9.78,9.46,31803,30637329.0,3.35,0.21,0.02,1.01
2023-07-17,9.57,9.53,9.59,9.41,16648,15784076.0,1.88,-0.31,-0.03,0.53
2023-07-18,9.56,9.64,9.67,9.48,15767,15133023.0,1.99,1.15,0.11,0.5
2023-07-19,9.65,9.63,9.69,9.59,11978,11544033.0,1.04,-0.1,-0.01,0.38
2023-07-20,9.65,9.68,9.83,9.6,32621,31729914.0,2.39,0.52,0.05,1.03
2023-07-21,9.62,9.7,9.75,9.61,17777,17197795.0,1.45,0.21,0.02,0.56
2023-07-24,9.66,9.49,9.69,9.48,21095,20121688.0,2.16,-2.16,-0.21,0.67
2023-07-25,9.58,9.69,9.69,9.57,21298,20564892.0,1.26,2.11,0.2,0.67
2023-07-26,9.65,9.83,9.89,9.62,25765,25265483.0,2.79,1.44,0.14,0.82
2023-07-27,9.79,9.75,9.93,9.71,15610,15289269.0,2.24,-0.81,-0.08,0.49
2023-07-28,9.69,9.78,9.83,9.66,13099,12779861.0,1.74,0.31,0.03,0.42
2023-07-31,9.89,9.9,9.93,9.81,19965,19746637.0,1.23,1.23,0.12,0.63
2023-08-01,9.86,9.86,9.98,9.81,14729,14548163.0,1.72,-0.4,-0.04,0.47
2023-08-02,9.89,9.82,9.89,9.76,11435,11205034.0,1.32,-0.41,-0.04,0.36
2023-08-03,9.78,9.81,9.83,9.72,10814,10566765.0,1.12,-0.1,-0.01,0.34
2023-08-04,9.81,9.71,9.87,9.68,17608,17133919.0,1.94,-1.02,-0.1,0.56
2023-08-07,9.62,9.6,9.71,9.57,12992,12492977.0,1.44,-1.13,-0.11,0.41
2023-08-08,9.67,9.56,9.67,9.45,13260,12635291.0,2.29,-0.42,-0.04,0.42
2023-08-09,9.52,9.51,9.62,9.48,8583,8170716.0,1.46,-0.52,-0.05,0.27
2023-08-10,9.58,9.57,9.6,9.48,6872,6563168.0,1.26,0.63,0.06,0.22
2023-08-11,9.62,9.43,9.62,9.42,9943,9468183.0,2.09,-1.46,-0.14,0.32
2023-08-14,9.37,9.47,9.5,9.31,10322,9679881.0,2.01,0.42,0.04,0.33
2023-08-15,9.54,9.37,9.54,9.34,9264,8715919.0,2.11,-1.06,-0.1,0.29
2023-08-16,9.4,9.37,9.48,9.31,7932,7457562.0,1.81,0.0,0.0,0.25
2023-08-17,9.37,9.46,9.47,9.23,11787,11021158.0,2.56,0.96,0.09,0.37
2023-08-18,9.5,9.45,9.62,9.41,15132,14446151.0,2.22,-0.11,-0.01,0.48
2023-08-21,9.45,9.38,9.54,9.37,12300,11593699.0,1.8,-0.74,-0.07,0.39
2023-08-22,9.43,9.29,9.46,9.14,15641,14471194.0,3.41,-0.96,-0.09,0.5
2023-08-23,9.31,9.17,9.36,9.05,9655,8917420.0,3.34,-1.29,-0.12,0.31
2023-08-24,9.19,9.03,9.25,9.03,16411,14923872.0,2.4,-1.53,-0.14,0.52
2023-08-25,8.98,8.99,9.3,8.93,19205,17452268.0,4.1,-0.44,-0.04,0.61
2023-08-28,9.43,9.41,9.5,9.25,77968,73126945.0,2.78,4.67,0.42,2.47
2023-08-29,9.39,9.25,9.41,9.2,42232,39103238.0,2.23,-1.7,-0.16,1.34
2023-08-30,9.23,9.15,9.32,9.09,30166,27736980.0,2.49,-1.08,-0.1,0.96
2023-08-31,9.13,9.23,9.25,9.08,19100,17512860.0,1.86,0.87,0.08,0.61
2023-09-01,9.23,9.19,9.29,9.14,18744,17218314.0,1.63,-0.43,-0.04,0.59
2023-09-04,9.16,9.47,9.47,9.16,34052,31890709.0,3.37,3.05,0.28,1.08
2023-09-05,9.52,9.45,9.53,9.38,14548,13743404.0,1.58,-0.21,-0.02,0.46
2023-09-06,9.4,9.53,9.53,9.4,15794,14969036.0,1.38,0.85,0.08,0.5
2023-09-07,9.55,9.42,9.56,9.4,16258,15404478.0,1.68,-1.15,-0.11,0.52
2023-09-08,9.42,9.44,9.52,9.35,15732,14893044.0,1.8,0.21,0.02,0.5
2023-09-11,9.53,9.5,9.57,9.4,13502,12834336.0,1.8,0.64,0.06,0.43
2023-09-12,9.5,9.54,9.57,9.45,11896,11323597.0,1.26,0.42,0.04,0.38
2023-09-13,9.53,9.54,9.6,9.47,17602,16770343.0,1.36,0.0,0.0,0.56
2023-09-14,9.52,9.54,9.58,9.43,13338,12676397.0,1.57,0.0,0.0,0.42
2023-09-15,9.53,9.54,9.6,9.48,12643,12060099.0,1.26,0.0,0.0,0.4
2023-09-18,9.53,9.58,9.59,9.45,17819,17007394.0,1.47,0.42,0.04,0.56
2023-09-19,9.62,9.56,9.62,9.53,15992,15309887.0,0.94,-0.21,-0.02,0.51
2023-09-20,9.59,9.44,9.7,9.44,39786,38054205.0,2.72,-1.26,-0.12,1.26
2023-09-21,9.41,9.21,9.45,9.18,34121,31615686.0,2.86,-2.44,-0.23,1.08
2023-09-22,9.19,9.28,9.31,9.09,22530,20659862.0,2.39,0.76,0.07,0.71
2023-09-25,9.33,9.28,9.35,9.18,13961,12927932.0,1.83,0.0,0.0,0.44
2023-09-26,9.24,9.15,9.27,9.02,23125,21089487.0,2.69,-1.4,-0.13,0.73
2023-09-27,9.19,9.26,9.32,9.15,17728,16412656.0,1.86,1.2,0.11,0.56
2023-09-28,9.25,9.32,9.35,9.22,14498,13478661.0,1.4,0.65,0.06,0.46
2023-10-09,9.27,9.3,9.46,9.24,22823,21221967.0,2.36,-0.21,-0.02,0.72
2023-10-10,9.34,9.3,9.38,9.25,19993,18607249.0,1.4,0.0,0.0,0.63
2023-10-11,9.34,9.46,9.47,9.25,22272,20924280.0,2.37,1.72,0.16,0.71
2023-10-12,9.45,9.45,9.49,9.38,10698,10090761.0,1.16,-0.11,-0.01,0.34
2023-10-13,9.41,9.41,9.51,9.35,20663,19489053.0,1.69,-0.42,-0.04,0.65
2023-10-16,9.41,9.24,9.45,9.24,10343,9620904.0,2.23,-1.81,-0.17,0.33
2023-10-17,9.29,9.26,9.31,9.16,15339,14166971.0,1.62,0.22,0.02,0.49
2023-10-18,9.23,9.04,9.26,9.04,17172,15648854.0,2.38,-2.38,-0.22,0.54
2023-10-19,9.04,9.01,9.15,8.93,18211,16432969.0,2.43,-0.33,-0.03,0.58
2023-10-20,9.0,8.93,9.07,8.93,10712,9628866.0,1.55,-0.89,-0.08,0.34
2023-10-23,8.94,8.62,9.04,8.58,20526,17864560.0,5.15,-3.47,-0.31,0.65
2023-10-24,8.7,9.04,9.08,8.65,21679,19299323.0,4.99,4.87,0.42,0.69
2023-10-25,9.06,9.2,9.22,9.06,13879,12725856.0,1.77,1.77,0.16,0.44
2023-10-26,9.23,9.11,9.23,8.96,14409,13035759.0,2.93,-0.98,-0.09,0.46
2023-10-27,9.12,9.31,9.31,9.08,13847,12792134.0,2.52,2.2,0.2,0.44
2023-10-30,9.27,9.45,9.46,9.24,19042,17894419.0,2.36,1.5,0.14,0.6
2023-10-31,9.47,9.65,9.69,9.42,40209,38485738.0,2.86,2.12,0.2,1.27
2023-11-01,9.62,9.7,9.71,9.55,25586,24687139.0,1.66,0.52,0.05,0.81
2023-11-02,9.69,9.47,9.69,9.46,20133,19198869.0,2.37,-2.37,-0.23,0.64
2023-11-03,9.54,9.65,9.69,9.5,20672,19889883.0,2.01,1.9,0.18,0.66
2023-11-06,9.66,9.7,9.71,9.61,17611,17038727.0,1.04,0.52,0.05,0.56
2023-11-07,9.7,9.83,9.85,9.58,31247,30464157.0,2.78,1.34,0.13,0.99
2023-11-08,9.83,9.8,9.87,9.7,22732,22226789.0,1.73,-0.31,-0.03,0.72
2023-11-09,9.86,9.76,9.86,9.7,17680,17292299.0,1.63,-0.41,-0.04,0.56
2023-11-10,9.75,9.73,9.79,9.65,14534,14155142.0,1.43,-0.31,-0.03,0.46
2023-11-13,9.75,9.76,9.77,9.68,14092,13703610.0,0.92,0.31,0.03,0.45
2023-11-14,9.77,9.85,9.89,9.72,19133,18793393.0,1.74,0.92,0.09,0.61
2023-11-15,9.89,10.01,10.04,9.86,22810,22756185.0,1.83,1.62,0.16,0.72
2023-11-16,10.03,9.9,10.05,9.89,12850,12797802.0,1.6,-1.1,-0.11,0.41
2023-11-17,9.91,10.16,10.17,9.84,24740,24872634.0,3.33,2.63,0.26,0.78
2023-11-20,10.09,10.03,10.17,9.99,22668,22767572.0,1.77,-1.28,-0.13,0.72
2023-11-21,10.0,9.97,10.12,9.96,13049,13072444.0,1.6,-0.6,-0.06,0.41
2023-11-22,9.9,9.92,10.04,9.88,22406,22306999.0,1.6,-0.5,-0.05,0.71
2023-11-23,9.94,10.09,10.09,9.91,15554,15601771.0,1.81,1.71,0.17,0.49
2023-11-24,10.09,9.95,10.1,9.91,12275,12222209.0,1.88,-1.39,-0.14,0.39
2023-11-27,9.97,10.03,10.07,9.89,21298,21281868.0,1.81,0.8,0.08,0.67
2023-11-28,10.04,10.11,10.13,9.95,14883,15006838.0,1.79,0.8,0.08,0.47
2023-11-29,10.15,10.12,10.18,10.09,14621,14821527.0,0.89,0.1,0.01,0.46
2023-11-30,10.17,10.02,10.17,9.95,14426,14499526.0,2.17,-0.99,-0.1,0.46
2023-12-01,10.02,10.02,10.1,9.94,12698,12733841.0,1.6,0.0,0.0,0.4
2023-12-04,9.98,10.01,10.12,9.96,11651,11669237.0,1.6,-0.1,-0.01,0.37
2023-12-05,9.95,9.86,10.04,9.82,17268,17154463.0,2.2,-1.5,-0.15,0.55
2023-12-06,9.9,10.0,10.08,9.82,14970,14970981.0,2.64,1.42,0.14,0.47
2023-12-07,9.98,9.99,10.08,9.9,11576,11533211.0,1.8,-0.1,-0.01,0.37
2023-12-08,9.96,9.79,9.99,9.73,24952,24504158.0,2.6,-2.0,-0.2,0.79
2023-12-11,9.74,9.88,9.94,9.69,19947,19626898.0,2.55,0.92,0.09,0.63
2023-12-12,9.94,9.87,9.94,9.68,15632,15292783.0,2.63,-0.1,-0.01,0.5
2023-12-13,9.85,9.82,9.88,9.73,10424,10233345.0,1.52,-0.51,-0.05,0.33
2023-12-14,9.81,9.78,9.9,9.77,11854,11662702.0,1.32,-0.41,-0.04,0.38
2023-12-15,9.78,9.77,9.91,9.7,17645,17311619.0,2.15,-0.1,-0.01,0.56
2023-12-18,9.79,9.66,9.79,9.61,13186,12754106.0,1.84,-1.13,-0.11,0.42
2023-12-19,9.73,9.71,9.74,9.58,10449,10079209.0,1.66,0.52,0.05,0.33
2023-12-20,9.71,9.73,9.82,9.68,6137,5980737.0,1.44,0.21,0.02,0.19
