trade_date,open,high,low,close,pre_close,change,pct_chg,vol,amount,his_low,his_high,cost_5pct,cost_15pct,cost_50pct,cost_85pct,cost_95pct,weight_avg,winner_rate
20231221,5.04,5.25,4.98,5.2,5.06,0.14,2.7668,93697.37,47988.603,0.73,13.86,4.5,4.76,5.02,5.15,5.15,4.99,97.08
20231220,5.06,5.15,5.03,5.06,5.04,0.02,0.3968,56608.0,28857.245,0.73,13.86,4.5,4.76,5.02,5.15,5.15,4.98,80.88
20231219,5.07,5.12,5.0,5.04,5.08,-0.04,-0.7874,44964.0,22684.222,0.73,13.86,4.5,4.76,5.02,5.15,5.15,4.97,81.25
20231218,5.1,5.16,5.05,5.08,5.08,0.0,0.0,68354.01,34853.233,0.73,13.86,4.5,4.76,5.02,5.15,5.15,4.97,81.03
20231215,5.04,5.17,5.01,5.08,5.04,0.04,0.7937,46250.0,23386.368,0.73,13.86,4.37,4.63,5.02,5.15,5.15,4.96,83.55
20231214,5.06,5.12,5.03,5.04,5.04,0.0,0.0,40711.37,20620.281,0.73,13.86,4.37,4.63,4.89,5.02,5.15,4.94,85.87
20231213,5.07,5.11,5.02,5.04,5.04,0.0,0.0,46846.38,23740.224,0.73,13.86,4.37,4.63,4.89,5.02,5.15,4.93,86.34
20231212,4.96,5.05,4.93,5.04,4.94,0.1,2.0243,69354.15,34596.094,0.73,13.86,4.37,4.63,4.89,5.02,5.15,4.93,86.9
20231211,4.91,5.0,4.87,4.94,4.95,-0.01,-0.202,81248.01,40117.427,0.73,13.86,4.37,4.63,4.89,5.02,5.15,4.92,58.54
20231208,5.06,5.15,4.91,4.95,5.06,-0.11,-2.1739,87208.15,43502.841,0.73,13.86,4.37,4.63,4.89,5.02,5.15,4.92,56.27
20231207,5.2,5.24,5.04,5.06,5.16,-0.1,-1.938,70541.15,35964.79,0.73,13.86,4.37,4.5,4.89,5.15,5.15,4.9,83.98
20231206,5.0,5.25,4.98,5.16,5.02,0.14,2.7888,81900.15,42256.571,0.73,13.86,4.37,4.5,4.89,5.02,5.15,4.88,97.51
20231205,5.11,5.12,5.02,5.02,5.07,-0.05,-0.9862,43931.0,22217.883,0.73,13.86,4.37,4.5,4.89,5.02,5.15,4.84,71.26
20231204,4.98,5.11,4.98,5.07,5.0,0.07,1.4,65824.87,33339.093,0.73,13.86,4.37,4.5,4.89,5.02,5.15,4.83,94.26
20231201,5.03,5.04,4.95,5.0,4.99,0.01,0.2004,56075.0,28039.498,0.73,13.86,4.37,4.5,4.76,5.02,5.15,4.83,74.52
20231130,5.04,5.09,4.94,4.99,5.03,-0.04,-0.7952,45773.01,22804.387,0.73,13.86,4.37,4.5,4.76,5.02,5.15,4.82,75.08
20231129,5.07,5.12,5.02,5.03,5.1,-0.07,-1.3725,57333.0,28958.969,0.73,13.86,4.37,4.5,4.76,5.02,5.15,4.82,94.5
20231128,5.04,5.12,5.02,5.1,5.03,0.07,1.3917,59595.5,30308.786,0.73,13.86,4.37,4.5,4.76,5.02,5.15,4.82,94.88
20231127,5.1,5.11,5.01,5.03,5.1,-0.07,-1.3725,50338.0,25388.442,0.73,13.86,4.37,4.5,4.76,5.02,5.02,4.81,95.28
20231124,5.09,5.13,5.06,5.1,5.08,0.02,0.3937,44099.23,22452.093,0.73,13.86,4.37,4.5,4.76,5.02,5.02,4.81,95.43
20231123,5.03,5.1,5.03,5.08,5.03,0.05,0.994,43748.14,22177.996,0.73,13.86,4.37,4.5,4.76,5.02,5.02,4.8,95.75
20231122,5.06,5.11,5.02,5.03,5.03,0.0,0.0,45096.0,22823.968,0.73,13.86,4.37,4.5,4.76,5.02,5.02,4.8,96.03
20231121,5.06,5.08,5.02,5.03,5.06,-0.03,-0.5929,31927.5,16117.154,0.73,13.86,4.37,4.5,4.76,5.02,5.02,4.79,96.35
20231120,5.06,5.08,4.95,5.06,5.03,0.03,0.5964,38431.0,19333.184,0.73,13.86,4.37,4.5,4.76,5.02,5.02,4.79,96.59
20231117,4.99,5.04,4.95,5.03,4.99,0.04,0.8016,43301.0,21699.979,0.73,13.86,4.37,4.5,4.76,5.02,5.02,4.79,96.72
20231116,5.03,5.03,4.95,4.99,4.98,0.01,0.2008,34753.0,17320.82,0.73,13.86,4.37,4.5,4.76,4.89,5.02,4.79,85.13
20231115,4.97,5.0,4.93,4.98,4.97,0.01,0.2012,41069.02,20430.603,0.73,13.86,4.37,4.5,4.76,4.89,5.02,4.78,85.6
20231114,4.99,5.03,4.87,4.97,4.97,0.0,0.0,72537.0,35811.893,0.73,13.86,4.37,4.5,4.76,4.89,5.02,4.78,85.76
20231113,4.87,5.01,4.87,4.97,4.84,0.13,2.686,82748.0,40888.339,0.73,13.86,4.37,4.5,4.76,4.89,5.02,4.77,86.31
20231110,4.83,4.86,4.75,4.84,4.82,0.02,0.4149,37693.0,18220.167,0.73,13.86,4.37,4.5,4.76,4.89,5.02,4.77,63.71
20231109,4.84,4.88,4.8,4.82,4.82,0.0,0.0,31437.5,15180.85,0.73,13.86,4.37,4.5,4.76,4.89,5.02,4.77,63.45
20231108,4.81,4.87,4.8,4.82,4.81,0.01,0.2079,39127.0,18888.215,0.73,13.86,4.37,4.5,4.76,4.89,5.02,4.77,63.33
20231107,4.77,4.83,4.73,4.81,4.77,0.04,0.8386,62435.0,29975.04,0.73,13.86,4.24,4.5,4.76,4.89,5.02,4.77,63.2
20231106,4.73,4.77,4.7,4.77,4.7,0.07,1.4894,38801.0,18432.2,0.73,13.86,4.24,4.5,4.76,4.89,5.02,4.77,62.75
20231103,4.71,4.75,4.66,4.7,4.7,0.0,0.0,40127.0,18899.508,0.73,13.86,4.24,4.5,4.76,4.89,5.02,4.77,43.28
20231102,4.73,4.77,4.65,4.7,4.7,0.0,0.0,51019.0,23940.615,0.73,13.86,4.24,4.5,4.76,4.89,5.02,4.77,42.88
20231101,4.67,4.74,4.64,4.7,4.67,0.03,0.6424,59869.0,28072.01,0.73,13.86,4.24,4.5,4.76,4.89,5.02,4.77,42.87
20231031,4.62,4.69,4.57,4.67,4.64,0.03,0.6466,42558.5,19829.21,0.73,13.86,4.24,4.5,4.76,5.02,5.02,4.77,42.27
20231030,4.59,4.65,4.54,4.64,4.59,0.05,1.0893,49086.0,22668.081,0.73,13.86,4.24,4.5,4.76,5.02,5.02,4.77,41.67
20231027,4.53,4.62,4.53,4.59,4.54,0.05,1.1013,47101.0,21613.803,0.73,13.86,4.24,4.5,4.76,5.02,5.02,4.77,26.81
20231026,4.53,4.56,4.45,4.54,4.56,-0.02,-0.4386,56371.0,25407.417,0.73,13.86,4.24,4.5,4.76,5.02,5.02,4.78,26.09
20231025,4.53,4.6,4.5,4.56,4.53,0.03,0.6623,68637.0,31297.572,0.73,13.86,4.24,4.5,4.76,5.02,5.02,4.78,25.0
20231024,4.23,4.55,4.23,4.53,4.28,0.25,5.8411,85780.0,38084.556,0.73,13.86,4.24,4.5,4.76,5.02,5.02,4.78,23.92
20231023,4.39,4.41,4.22,4.28,4.39,-0.11,-2.5057,73266.5,31562.146,0.73,13.86,4.24,4.5,4.76,5.02,5.02,4.79,5.2
20231020,4.32,4.41,4.29,4.39,4.32,0.07,1.6204,45211.0,19763.485,0.73,13.86,4.37,4.5,4.76,5.02,5.02,4.8,11.2
20231019,4.34,4.41,4.26,4.32,4.34,-0.02,-0.4608,43431.0,18854.408,0.73,13.86,4.37,4.5,4.76,5.02,5.02,4.81,3.72
20231018,4.44,4.44,4.31,4.34,4.41,-0.07,-1.5873,46377.0,20140.954,0.73,13.86,4.37,4.5,4.76,5.02,5.02,4.82,3.16
20231017,4.42,4.45,4.37,4.41,4.42,-0.01,-0.2262,38384.0,16897.512,0.73,13.86,4.37,4.5,4.76,5.02,5.02,4.82,7.72
20231016,4.44,4.47,4.35,4.42,4.44,-0.02,-0.4505,60263.0,26548.116,0.73,13.86,4.37,4.5,4.76,5.02,5.02,4.83,6.9
20231013,4.5,4.5,4.41,4.44,4.5,-0.06,-1.3333,47166.0,20970.166,0.73,13.86,4.37,4.63,4.76,5.02,5.02,4.83,5.36
20231012,4.49,4.51,4.45,4.5,4.49,0.01,0.2227,28590.01,12815.998,0.73,13.86,4.5,4.63,4.76,5.02,5.02,4.84,4.32
20231011,4.56,4.56,4.44,4.49,4.5,-0.01,-0.2222,45777.01,20539.341,0.73,13.86,4.5,4.63,4.76,5.02,5.02,4.84,3.97
20231010,4.52,4.58,4.47,4.5,4.5,0.0,0.0,41493.5,18764.486,0.73,13.86,4.5,4.63,4.76,5.02,5.02,4.85,3.39
20231009,4.61,4.65,4.45,4.5,4.58,-0.08,-1.7467,64492.01,29117.115,0.73,13.86,4.5,4.63,4.89,5.02,5.02,4.85,3.26
20230928,4.54,4.61,4.51,4.58,4.53,0.05,1.1038,35643.5,16311.565,0.73,13.86,4.5,4.63,4.89,5.02,5.02,4.86,8.76
20230927,4.47,4.54,4.44,4.53,4.48,0.05,1.1161,50280.0,22694.83,0.73,13.86,4.5,4.63,4.89,5.02,5.02,4.86,8.02
20230926,4.56,4.56,4.47,4.48,4.58,-0.1,-2.1834,40258.0,18129.91,0.73,13.86,4.5,4.63,4.89,5.02,5.02,4.86,3.02
20230925,4.74,4.74,4.56,4.58,4.7,-0.12,-2.5532,57838.0,26627.711,0.73,13.86,4.5,4.63,4.89,5.02,5.02,4.87,5.72
20230922,4.62,4.71,4.6,4.7,4.62,0.08,1.7316,34360.0,16046.795,0.73,13.86,4.5,4.63,4.89,5.02,5.02,4.87,20.0
20230921,4.64,4.72,4.6,4.62,4.66,-0.04,-0.8584,52834.13,24467.889,0.73,13.86,4.63,4.63,4.89,5.02,5.02,4.87,4.93
20230920,4.71,4.72,4.64,4.66,4.7,-0.04,-0.8511,40440.0,18882.033,0.73,13.86,4.63,4.63,4.89,5.02,5.02,4.88,18.13
20230919,4.88,4.88,4.68,4.7,4.84,-0.14,-2.8926,53033.0,25140.904,0.73,13.86,4.63,4.63,4.89,5.02,5.02,4.88,17.4
20230918,4.76,4.86,4.68,4.84,4.76,0.08,1.6807,61548.0,29598.319,0.73,13.86,4.63,4.63,4.89,5.02,5.02,4.88,42.32
20230915,4.7,4.87,4.65,4.76,4.67,0.09,1.9272,97673.0,46766.442,0.73,13.86,4.5,4.63,4.89,5.02,5.02,4.88,17.04
20230914,4.66,4.68,4.58,4.67,4.66,0.01,0.2146,51137.0,23661.53,0.73,13.86,4.5,4.63,4.89,5.02,5.02,4.89,17.31
20230913,4.71,4.71,4.57,4.66,4.66,0.0,0.0,65677.0,30441.196,0.73,13.86,4.5,4.63,4.89,5.02,5.02,4.89,16.18
20230912,4.73,4.74,4.64,4.66,4.76,-0.1,-2.1008,70167.9,32775.614,0.73,13.86,4.5,4.76,4.89,5.02,5.02,4.9,14.7
20230911,4.84,4.85,4.73,4.76,4.78,-0.02,-0.4184,46399.0,22117.878,0.73,13.86,4.5,4.76,4.89,5.02,5.02,4.9,13.35
20230908,4.8,4.86,4.77,4.78,4.82,-0.04,-0.8299,43951.0,21106.601,0.73,13.86,4.5,4.76,4.89,5.02,5.02,4.9,34.1
20230907,4.9,4.91,4.8,4.82,4.89,-0.07,-1.4315,46859.0,22667.465,0.73,13.86,4.5,4.76,4.89,5.02,5.02,4.9,33.53
20230906,4.87,4.91,4.84,4.89,4.86,0.03,0.6173,34332.0,16763.024,0.73,13.86,4.5,4.76,4.89,5.02,5.02,4.9,33.38
20230905,4.93,4.94,4.81,4.86,4.93,-0.07,-1.4199,53555.0,26010.938,0.73,13.86,4.5,4.76,4.89,5.02,5.02,4.9,33.26
20230904,4.85,4.95,4.81,4.93,4.8,0.13,2.7083,62590.01,30587.135,0.73,13.86,4.5,4.76,4.89,5.02,5.02,4.9,73.63
20230901,4.84,4.94,4.76,4.8,4.85,-0.05,-1.0309,76551.0,36826.391,0.73,13.86,4.5,4.76,4.89,5.02,5.02,4.9,33.5
20230831,4.98,4.98,4.82,4.85,4.94,-0.09,-1.8219,57748.0,28042.645,0.73,13.86,4.5,4.76,4.89,5.02,5.15,4.9,33.25
20230830,4.98,5.04,4.93,4.94,4.97,-0.03,-0.6036,54119.0,26952.324,0.73,13.86,4.5,4.76,4.89,5.02,5.15,4.9,72.54
20230829,4.75,4.98,4.74,4.97,4.77,0.2,4.1929,104024.0,51249.205,0.73,13.86,4.5,4.63,4.89,5.02,5.15,4.9,73.06
20230828,4.91,4.96,4.72,4.77,4.76,0.01,0.2101,80087.0,38855.632,0.73,13.86,4.5,4.63,4.89,5.02,5.15,4.9,33.48
20230825,4.75,4.88,4.72,4.76,4.8,-0.04,-0.8333,52300.0,25068.642,0.73,13.86,4.5,4.63,4.89,5.02,5.15,4.9,15.72
20230824,4.85,4.85,4.75,4.8,4.82,-0.02,-0.4149,63773.35,30549.839,0.73,13.86,4.5,4.63,4.89,5.02,5.15,4.9,31.85
20230823,4.93,4.93,4.78,4.82,4.92,-0.1,-2.0325,60205.0,29086.941,0.73,13.86,4.5,4.63,4.89,5.02,5.15,4.9,30.72
20230822,4.93,5.01,4.84,4.92,4.93,-0.01,-0.2028,91507.0,44825.998,0.73,13.86,4.5,4.63,4.89,5.02,5.15,4.9,70.48
20230821,4.97,4.99,4.86,4.93,4.92,0.01,0.2033,66878.5,33016.531,0.73,13.86,4.5,4.63,4.89,5.02,5.15,4.9,69.99
20230818,4.9,4.98,4.88,4.92,4.95,-0.03,-0.6061,67194.0,33154.96,0.73,13.86,4.5,4.63,4.89,5.02,5.15,4.9,69.64
20230817,4.79,4.95,4.75,4.95,4.82,0.13,2.6971,59994.0,29152.816,0.73,13.86,4.5,4.63,4.89,5.02,5.15,4.9,69.28
20230816,4.9,4.9,4.81,4.82,4.9,-0.08,-1.6327,79418.0,38495.057,0.73,13.86,4.5,4.63,4.89,5.02,5.15,4.9,31.2
20230815,4.95,5.0,4.86,4.9,4.95,-0.05,-1.0101,64819.1,31866.046,0.73,13.86,4.5,4.63,4.89,5.02,5.15,4.9,68.2
20230814,4.83,5.0,4.77,4.95,4.89,0.06,1.227,84399.01,41501.975,0.73,13.86,4.5,4.63,4.89,5.02,5.15,4.9,67.82
20230811,4.94,4.97,4.85,4.89,4.91,-0.02,-0.4073,79490.0,38994.204,0.73,13.86,4.5,4.63,4.89,5.02,5.15,4.9,31.78
20230810,4.86,4.95,4.81,4.91,4.92,-0.01,-0.2033,65828.0,32252.889,0.73,13.86,4.37,4.63,4.89,5.02,5.15,4.9,66.82
20230809,4.9,5.01,4.89,4.92,4.92,0.0,0.0,61596.0,30439.297,0.73,13.86,4.37,4.63,4.89,5.02,5.15,4.9,66.41
20230808,4.89,4.96,4.85,4.92,4.86,0.06,1.2346,69534.15,34088.845,0.73,13.86,4.37,4.63,4.89,5.02,5.15,4.9,66.26
20230807,4.94,4.94,4.84,4.86,4.94,-0.08,-1.6194,61216.4,29839.195,0.73,13.86,4.37,4.63,4.89,5.02,5.15,4.9,33.77
20230804,4.99,5.07,4.89,4.94,4.98,-0.04,-0.8032,72912.4,36172.635,0.73,13.86,4.37,4.63,4.89,5.02,5.15,4.9,65.29
20230803,4.95,5.03,4.9,4.98,4.97,0.01,0.2012,63912.01,31742.366,0.73,13.86,4.37,4.63,4.89,5.02,5.15,4.89,65.81
20230802,4.93,5.04,4.88,4.97,4.95,0.02,0.404,70107.0,34849.725,0.73,13.86,4.24,4.63,4.89,5.02,5.15,4.89,66.26
20230801,4.98,5.01,4.87,4.95,4.93,0.02,0.4057,72372.0,35761.337,0.73,13.86,4.24,4.63,4.89,5.02,5.15,4.89,66.36
20230731,4.92,4.95,4.84,4.93,4.92,0.01,0.2033,103293.0,50567.913,0.73,13.86,4.24,4.63,4.89,5.02,5.15,4.89,65.9
20230728,5.04,5.05,4.91,4.92,4.95,-0.03,-0.6061,111778.01,55478.695,0.73,13.86,4.24,4.63,4.89,5.02,5.15,4.88,64.5
20230727,5.06,5.14,4.93,4.95,5.07,-0.12,-2.3669,97758.0,49013.026,0.73,13.86,4.24,4.63,4.89,5.02,5.15,4.87,66.07
20230726,5.07,5.09,4.95,5.07,5.07,0.0,0.0,101832.35,51118.049,0.73,13.86,4.24,4.63,4.89,5.02,5.15,4.86,92.78
20230725,4.93,5.1,4.89,5.07,4.89,0.18,3.681,152767.67,76903.817,0.73,13.86,4.24,4.63,4.89,5.02,5.15,4.85,93.21
20230724,4.87,4.95,4.82,4.89,4.87,0.02,0.4107,91972.0,45010.284,0.73,13.86,4.24,4.63,4.76,5.02,5.15,4.83,50.63
20230721,4.91,4.97,4.84,4.87,4.86,0.01,0.2058,116098.0,56827.677,0.73,13.86,4.11,4.63,4.76,5.02,5.15,4.82,52.93
20230720,5.01,5.07,4.86,4.86,5.04,-0.18,-3.5714,186751.0,92027.884,0.73,13.86,4.11,4.63,4.76,5.02,5.15,4.81,56.05
20230719,5.04,5.14,4.98,5.04,4.99,0.05,1.002,158982.75,80238.484,0.73,13.86,4.11,4.5,4.76,5.02,5.15,4.79,93.06
20230718,4.75,5.16,4.7,4.99,4.72,0.27,5.7203,276958.1,136506.077,0.73,13.86,4.11,4.5,4.76,5.02,5.15,4.76,84.74
20230717,4.66,4.89,4.62,4.72,4.71,0.01,0.2123,182632.23,86644.215,0.73,13.86,4.11,4.5,4.63,4.89,5.02,4.71,54.25
20230714,4.65,4.72,4.59,4.71,4.63,0.08,1.7279,120536.4,56272.661,0.73,13.86,4.11,4.37,4.63,4.89,5.02,4.71,53.29
20230713,4.58,4.73,4.55,4.63,4.57,0.06,1.3129,132405.0,61310.549,0.73,13.86,4.11,4.37,4.63,4.89,5.02,4.71,23.3
20230712,4.62,4.67,4.55,4.57,4.66,-0.09,-1.9313,117160.5,53863.303,0.73,13.86,4.11,4.24,4.76,4.89,5.15,4.72,24.25
20230711,4.7,4.72,4.61,4.66,4.66,0.0,0.0,170505.58,79307.747,0.73,13.86,4.11,4.24,4.76,4.89,5.15,4.72,43.93
20230710,4.8,4.83,4.63,4.66,4.8,-0.14,-2.9167,309607.97,145207.254,0.73,13.86,4.11,4.24,4.76,4.89,5.15,4.73,38.98
20230707,4.85,5.22,4.72,4.8,5.01,-0.21,-4.1916,517243.8,252428.536,0.73,13.86,3.98,4.24,4.76,5.02,5.15,4.72,60.56
20230706,4.66,5.01,4.66,5.01,4.55,0.46,10.1099,284574.14,141303.701,0.73,13.86,3.98,4.11,4.63,4.89,5.02,4.62,87.99
20230705,4.9,5.24,4.53,4.55,4.8,-0.25,-5.2083,704229.25,341217.489,0.73,13.86,3.98,4.11,4.5,4.89,5.15,4.57,50.0
20230704,4.8,4.8,4.15,4.8,4.36,0.44,10.0917,432851.79,204171.558,0.73,13.86,3.98,4.11,4.24,4.63,4.89,4.36,94.81
20230626,3.93,4.36,3.92,4.36,3.96,0.4,10.101,117896.71,50691.934,0.73,13.86,3.98,3.98,4.11,4.37,4.89,4.27,82.93
20230621,4.0,4.05,3.95,3.96,3.98,-0.02,-0.5025,39500.0,15734.501,0.73,13.86,3.98,3.98,4.11,4.5,5.02,4.3,3.13
20230620,4.07,4.08,3.97,3.98,4.06,-0.08,-1.9704,44147.5,17666.853,0.73,13.86,3.98,3.98,4.11,4.5,5.02,4.32,2.36
20230619,4.13,4.16,4.05,4.06,4.13,-0.07,-1.6949,41512.0,16998.669,0.73,13.86,3.98,4.11,4.11,4.5,5.02,4.32,13.15
20230616,4.14,4.22,4.1,4.13,4.13,0.0,0.0,40453.0,16846.958,0.73,13.86,3.98,4.11,4.11,4.5,5.02,4.33,50.69
20230615,4.14,4.19,4.09,4.13,4.13,0.0,0.0,40008.51,16509.513,0.73,13.86,3.98,4.11,4.24,4.63,5.02,4.33,49.8
20230614,4.16,4.18,4.09,4.13,4.16,-0.03,-0.7212,34290.01,14179.824,0.73,13.86,3.98,4.11,4.24,4.63,5.02,4.33,48.9
20230613,4.11,4.18,4.1,4.16,4.13,0.03,0.7264,31254.0,12985.388,0.73,13.86,3.98,4.11,4.24,4.63,5.02,4.34,48.08
20230612,4.05,4.16,3.95,4.13,4.03,0.1,2.4814,69734.01,28290.787,0.73,13.86,3.98,4.11,4.24,4.63,5.02,4.34,47.35
20230609,4.14,4.14,4.02,4.03,4.12,-0.09,-2.1845,48327.0,19685.186,0.73,13.86,3.98,4.11,4.24,4.63,5.02,4.35,10.11
20230608,4.15,4.16,4.1,4.12,4.15,-0.03,-0.7229,34486.13,14242.589,0.73,13.86,3.98,4.11,4.24,4.63,5.02,4.36,43.77
20230607,4.08,4.15,4.07,4.15,4.08,0.07,1.7157,42717.9,17625.764,0.73,13.86,3.98,4.11,4.24,4.63,5.02,4.36,42.84
20230606,4.2,4.22,4.06,4.08,4.2,-0.12,-2.8571,42579.0,17542.7,0.73,13.86,3.98,4.11,4.24,4.63,5.02,4.37,8.86
20230605,4.17,4.21,4.11,4.2,4.14,0.06,1.4493,57241.0,23916.42,0.73,13.86,3.98,4.11,4.24,4.76,5.02,4.37,40.44
20230602,4.09,4.16,4.08,4.14,4.09,0.05,1.2225,51593.0,21220.978,0.73,13.86,3.98,4.11,4.24,4.76,5.02,4.38,39.2
20230601,4.11,4.14,4.02,4.09,4.09,0.0,0.0,48116.01,19638.572,0.73,13.86,3.98,4.11,4.24,4.76,5.02,4.38,8.89
20230531,4.13,4.17,4.08,4.09,4.15,-0.06,-1.4458,33939.0,13968.356,0.73,13.86,3.98,4.11,4.24,4.76,5.02,4.39,7.8
20230530,4.13,4.17,4.07,4.15,4.1,0.05,1.2195,49283.35,20307.554,0.73,13.86,3.98,4.11,4.24,4.76,5.02,4.4,34.84
20230529,4.21,4.22,4.09,4.1,4.19,-0.09,-2.148,42390.0,17530.765,0.73,13.86,3.98,4.11,4.24,4.76,5.02,4.4,7.52
20230526,4.22,4.24,4.1,4.19,4.22,-0.03,-0.7109,48542.0,20196.071,0.73,13.86,3.98,4.11,4.24,4.76,5.02,4.41,31.76
20230525,4.17,4.22,4.12,4.22,4.21,0.01,0.2375,59804.0,24928.533,0.73,13.86,3.98,4.11,4.24,4.76,5.02,4.42,30.05
20230524,4.22,4.23,4.16,4.21,4.23,-0.02,-0.4728,37961.19,15954.924,0.73,13.86,3.98,4.11,4.24,4.76,5.02,4.42,28.33
20230523,4.26,4.29,4.19,4.23,4.26,-0.03,-0.7042,37051.0,15688.676,0.73,13.86,3.98,4.11,4.24,4.76,5.02,4.43,27.22
20230522,4.24,4.28,4.15,4.26,4.2,0.06,1.4286,40748.0,17229.049,0.73,13.86,3.98,4.11,4.24,4.76,5.02,4.43,58.79
20230519,4.3,4.3,4.17,4.2,4.27,-0.07,-1.6393,52989.02,22277.348,0.73,13.86,3.98,4.11,4.24,4.76,5.02,4.44,26.41
20230518,4.35,4.35,4.23,4.27,4.28,-0.01,-0.2336,41970.85,17919.996,0.73,13.86,3.98,4.11,4.24,4.76,5.02,4.44,56.78
20230517,4.14,4.31,4.14,4.28,4.16,0.12,2.8846,50569.0,21402.667,0.73,13.86,3.98,4.11,4.24,4.76,5.02,4.45,56.01
20230516,4.24,4.25,4.13,4.16,4.24,-0.08,-1.8868,51396.5,21457.088,0.73,13.86,3.98,4.11,4.24,4.89,5.02,4.45,25.61
20230515,4.19,4.24,4.13,4.24,4.19,0.05,1.1933,56215.0,23494.448,0.73,13.86,3.98,4.11,4.24,4.89,5.02,4.46,25.01
20230512,4.28,4.29,4.16,4.19,4.3,-0.11,-2.5581,51055.01,21535.435,0.73,13.86,3.98,4.11,4.24,4.89,5.02,4.47,23.23
20230511,4.23,4.31,4.21,4.3,4.24,0.06,1.4151,52118.51,22276.642,0.73,13.86,3.98,4.11,4.24,4.89,5.02,4.47,50.63
20230510,4.18,4.29,4.14,4.24,4.18,0.06,1.4354,74326.5,31450.383,0.73,13.86,3.98,4.11,4.37,4.89,5.02,4.48,22.91
20230509,4.2,4.26,4.17,4.18,4.26,-0.08,-1.8779,69555.0,29248.044,0.73,13.86,3.98,4.11,4.37,4.89,5.02,4.49,21.93
20230508,4.36,4.39,4.22,4.26,4.38,-0.12,-2.7397,79204.0,33909.707,0.73,13.86,3.98,4.11,4.37,4.89,5.02,4.5,45.36
20230505,4.33,4.42,4.28,4.38,4.3,0.08,1.8605,73690.86,31935.703,0.73,13.86,3.98,4.11,4.37,4.89,5.15,4.51,58.09
20230504,4.28,4.32,4.2,4.3,4.25,0.05,1.1765,98861.26,42394.84,0.73,13.86,3.98,4.11,4.37,4.89,5.15,4.51,44.57
20230428,4.14,4.3,4.12,4.25,4.13,0.12,2.9056,72092.36,30568.804,0.73,13.86,3.98,4.11,4.37,4.89,5.15,4.52,41.84
20230427,4.04,4.23,4.03,4.13,4.08,0.05,1.2255,72832.0,30111.076,0.73,13.86,3.98,4.11,4.5,5.02,5.15,4.57,25.41
20230426,3.85,4.09,3.85,4.08,3.92,0.16,4.0816,93442.76,37577.498,0.73,13.86,3.98,4.11,4.5,5.02,5.15,4.58,14.88
20230425,4.12,4.12,3.83,3.92,4.07,-0.15,-3.6855,102768.0,40380.048,0.73,13.86,3.98,4.11,4.63,5.02,5.15,4.62,4.16
20230424,4.11,4.13,3.96,4.07,4.17,-0.1,-2.3981,116425.5,46968.086,0.73,13.86,3.98,4.24,4.63,5.02,5.15,4.66,5.71
20230421,4.18,4.23,4.07,4.17,4.19,-0.02,-0.4773,71673.02,29634.433,0.73,13.86,4.11,4.37,4.63,5.02,5.15,4.7,6.05
20230420,4.25,4.29,4.14,4.19,4.26,-0.07,-1.6432,48028.0,20076.563,0.73,13.86,4.24,4.37,4.63,5.02,5.15,4.73,2.29
20230419,4.34,4.35,4.25,4.26,4.31,-0.05,-1.1601,29356.01,12574.716,0.73,13.86,4.24,4.37,4.76,5.02,5.15,4.74,7.93
20230418,4.36,4.37,4.3,4.31,4.36,-0.05,-1.1468,48686.0,21059.21,0.73,13.86,4.24,4.37,4.76,5.02,5.15,4.75,6.68
20230417,4.38,4.42,4.34,4.36,4.39,-0.03,-0.6834,38099.0,16652.587,0.73,13.86,4.37,4.37,4.76,5.02,5.15,4.76,4.54
20230414,4.38,4.45,4.37,4.39,4.38,0.01,0.2283,48928.0,21565.361,0.73,13.86,4.37,4.37,4.76,5.02,5.15,4.77,18.69
20230413,4.43,4.46,4.36,4.38,4.42,-0.04,-0.905,49785.0,21923.219,0.73,13.86,4.37,4.37,4.76,5.02,5.15,4.78,16.92
20230412,4.36,4.43,4.32,4.42,4.36,0.06,1.3761,62485.0,27394.469,0.73,13.86,4.37,4.5,4.76,5.02,5.15,4.79,14.68
20230411,4.36,4.39,4.29,4.36,4.34,0.02,0.4608,66843.0,29006.521,0.73,13.86,4.37,4.5,4.76,5.02,5.15,4.8,3.77
20230410,4.53,4.54,4.31,4.34,4.54,-0.2,-4.4053,93091.02,40690.139,0.73,13.86,4.37,4.5,4.76,5.02,5.15,4.82,2.02
20230407,4.46,4.57,4.46,4.54,4.46,0.08,1.7937,50880.0,23014.068,0.73,13.86,4.5,4.5,4.76,5.02,5.15,4.84,18.86
20230406,4.5,4.51,4.42,4.46,4.51,-0.05,-1.1086,41073.0,18324.253,0.73,13.86,4.5,4.5,4.76,5.02,5.15,4.85,4.66
20230404,4.56,4.6,4.48,4.51,4.58,-0.07,-1.5284,68394.03,30934.239,0.73,13.86,4.5,4.63,4.76,5.02,5.15,4.86,14.61
20230403,4.61,4.68,4.57,4.58,4.56,0.02,0.4386,49285.0,22725.959,0.73,13.86,4.5,4.63,4.89,5.02,5.15,4.89,8.06
20230331,4.57,4.64,4.51,4.56,4.56,0.0,0.0,42442.01,19468.844,0.73,13.86,4.5,4.63,4.89,5.02,5.15,4.9,6.92
20230330,4.7,4.7,4.52,4.56,4.67,-0.11,-2.3555,42785.0,19588.154,0.73,13.86,4.5,4.63,4.89,5.02,5.15,4.91,5.9
20230329,4.75,4.76,4.64,4.67,4.75,-0.08,-1.6842,58558.5,27370.838,0.73,13.86,4.63,4.63,4.89,5.02,5.15,4.91,17.8
20230328,4.83,4.83,4.73,4.75,4.81,-0.06,-1.2474,28735.0,13686.466,0.73,13.86,4.63,4.63,4.89,5.02,5.15,4.92,15.66
20230327,4.85,4.88,4.75,4.81,4.85,-0.04,-0.8247,46570.0,22380.426,0.73,13.86,4.5,4.63,4.89,5.02,5.15,4.92,40.31
20230324,4.86,4.92,4.81,4.85,4.86,-0.01,-0.2058,52381.02,25423.999,0.73,13.86,4.5,4.63,4.89,5.02,5.15,4.92,38.92
20230323,4.91,4.93,4.82,4.86,4.93,-0.07,-1.4199,48859.0,23761.262,0.73,13.86,4.5,4.63,4.89,5.02,5.15,4.93,38.77
20230322,4.85,4.96,4.8,4.93,4.83,0.1,2.0704,71269.0,34943.245,0.73,13.86,4.5,4.63,4.89,5.02,5.15,4.93,62.61
20230321,4.72,4.85,4.69,4.83,4.72,0.11,2.3305,58876.0,28262.248,0.73,13.86,4.5,4.63,4.89,5.02,5.15,4.93,39.82
20230320,4.75,4.75,4.67,4.72,4.7,0.02,0.4255,52790.0,24903.335,0.73,13.86,4.5,4.63,4.89,5.02,5.15,4.93,17.7
20230317,4.71,4.8,4.68,4.7,4.69,0.01,0.2132,60966.01,28930.621,0.73,13.86,4.5,4.63,4.89,5.02,5.15,4.94,15.77
20230316,4.79,4.8,4.68,4.69,4.79,-0.1,-2.0877,52040.0,24632.548,0.73,13.86,4.5,4.76,4.89,5.15,5.15,4.94,14.67
20230315,4.73,4.86,4.7,4.79,4.72,0.07,1.4831,63271.0,30331.975,0.73,13.86,4.5,4.76,4.89,5.15,5.15,4.95,31.78
20230314,4.83,4.83,4.67,4.72,4.78,-0.06,-1.2552,49793.0,23535.592,0.73,13.86,4.5,4.76,4.89,5.15,5.15,4.96,13.71
20230313,4.83,4.86,4.73,4.78,4.8,-0.02,-0.4167,48112.3,23028.332,0.73,13.86,4.5,4.76,4.89,5.15,5.15,4.96,27.5
20230310,4.88,4.92,4.8,4.8,4.9,-0.1,-2.0408,41506.0,20090.313,0.73,13.86,4.5,4.76,4.89,5.15,5.15,4.97,25.67
20230309,4.92,4.96,4.87,4.9,4.92,-0.02,-0.4065,36827.0,18083.274,0.73,13.86,4.5,4.76,4.89,5.15,5.15,4.97,50.14
20230308,4.89,4.94,4.89,4.92,4.91,0.01,0.2037,40193.0,19767.631,0.73,13.86,4.5,4.76,5.02,5.15,5.15,4.97,49.28
20230307,5.06,5.06,4.91,4.91,5.05,-0.14,-2.7723,63757.0,31691.183,0.73,13.86,4.5,4.76,5.02,5.15,5.15,4.97,48.64
20230306,5.03,5.07,4.97,5.05,5.03,0.02,0.3976,51293.01,25792.919,0.73,13.86,4.5,4.76,5.02,5.15,5.15,4.97,80.92
20230303,5.03,5.04,4.94,5.03,5.01,0.02,0.3992,49082.0,24537.185,0.73,13.86,4.5,4.76,4.89,5.15,5.15,4.96,80.76
20230302,5.08,5.1,5.01,5.01,5.06,-0.05,-0.9881,42312.0,21325.132,0.73,13.86,4.5,4.63,4.89,5.15,5.15,4.96,50.25
20230301,5.13,5.16,5.01,5.06,5.06,0.0,0.0,56375.52,28543.191,0.73,13.86,4.5,4.63,4.89,5.15,5.15,4.96,80.27
20230228,4.97,5.07,4.95,5.06,4.95,0.11,2.2222,56722.01,28374.901,0.73,13.86,4.5,4.63,4.89,5.15,5.15,4.95,80.94
20230227,5.08,5.09,4.9,4.95,5.05,-0.1,-1.9802,51065.0,25340.219,0.73,13.86,4.37,4.63,4.89,5.15,5.15,4.95,53.17
20230224,5.06,5.11,4.97,5.05,5.03,0.02,0.3976,47649.0,23927.613,0.73,13.86,4.37,4.63,4.89,5.15,5.15,4.95,80.13
20230223,4.97,5.07,4.95,5.03,4.95,0.08,1.6162,71360.0,35812.444,0.73,13.86,4.37,4.63,4.89,5.15,5.15,4.94,79.94
20230222,5.05,5.06,4.93,4.95,5.05,-0.1,-1.9802,48926.01,24344.23,0.73,13.86,4.37,4.63,4.89,5.15,5.28,4.94,56.68
20230221,5.08,5.12,4.98,5.05,5.06,-0.01,-0.1976,54929.01,27719.47,0.73,13.86,4.37,4.63,4.89,5.15,5.28,4.93,79.26
20230220,5.02,5.09,4.94,5.06,5.02,0.04,0.7968,71879.0,36043.759,0.73,13.86,4.37,4.63,4.89,5.15,5.28,4.93,79.03
20230217,5.01,5.1,4.98,5.02,5.01,0.01,0.1996,59256.0,29875.086,0.73,13.86,4.37,4.63,4.89,5.15,5.28,4.92,59.41
20230216,5.14,5.18,4.96,5.01,5.11,-0.1,-1.9569,89662.0,45638.466,0.73,13.86,4.37,4.63,4.89,5.15,5.28,4.92,61.2
20230215,5.15,5.19,5.09,5.11,5.16,-0.05,-0.969,55656.0,28525.163,0.73,13.86,4.37,4.63,4.89,5.15,5.28,4.91,79.08
20230214,5.2,5.23,5.13,5.16,5.17,-0.01,-0.1934,60025.0,31038.261,0.73,13.86,4.37,4.63,4.89,5.15,5.28,4.9,94.39
20230213,5.24,5.25,5.15,5.17,5.22,-0.05,-0.9579,71819.0,37146.008,0.73,13.86,4.37,4.63,4.89,5.15,5.28,4.9,94.56
20230210,5.24,5.29,5.19,5.22,5.22,0.0,0.0,45746.0,23946.075,0.73,13.86,4.37,4.63,4.89,5.15,5.15,4.89,95.05
20230209,5.13,5.23,5.1,5.22,5.18,0.04,0.7722,52453.0,27287.184,0.73,13.86,4.37,4.63,4.89,5.15,5.15,4.88,95.8
20230208,5.2,5.26,5.15,5.18,5.19,-0.01,-0.1927,52472.01,27192.854,0.73,13.86,4.37,4.63,4.89,5.02,5.15,4.88,95.98
20230207,5.17,5.3,5.11,5.19,5.12,0.07,1.3672,74100.0,38274.68,0.73,13.86,4.37,4.63,4.89,5.02,5.15,4.87,96.36
20230206,5.13,5.17,5.07,5.12,5.13,-0.01,-0.1949,46733.0,23910.444,0.73,13.86,4.37,4.63,4.89,5.02,5.15,4.86,88.59
20230203,5.15,5.22,5.08,5.13,5.15,-0.02,-0.3883,57866.97,29758.695,0.73,13.86,4.37,4.63,4.76,5.02,5.15,4.86,89.26
20230202,5.16,5.24,5.1,5.15,5.18,-0.03,-0.5792,74553.0,38380.025,0.73,13.86,4.37,4.63,4.76,5.02,5.15,4.85,90.11
20230201,5.04,5.23,5.04,5.18,5.04,0.14,2.7778,125521.01,64768.654,0.73,13.86,4.37,4.63,4.76,5.02,5.15,4.85,97.62
20230131,4.98,5.06,4.92,5.04,5.05,-0.01,-0.198,73713.0,36787.995,0.73,13.86,4.37,4.63,4.76,5.02,5.02,4.83,95.24
20230130,5.03,5.08,4.96,5.05,4.98,0.07,1.4056,101066.0,50693.578,0.73,13.86,4.37,4.5,4.76,5.02,5.02,4.83,95.32
20230120,5.02,5.1,4.93,4.98,5.01,-0.03,-0.5988,116793.49,58402.241,0.73,13.86,4.37,4.5,4.76,5.02,5.02,4.82,83.83
20230119,4.91,5.07,4.87,5.01,4.9,0.11,2.2449,190865.74,95240.886,0.73,13.86,4.37,4.5,4.76,4.89,5.02,4.81,85.38
20230118,4.79,5.12,4.77,4.9,4.78,0.12,2.5105,195069.02,96006.957,0.73,13.86,4.37,4.5,4.76,4.89,5.02,4.8,86.91
20230117,4.82,4.84,4.73,4.78,4.82,-0.04,-0.8299,68056.0,32484.418,0.73,13.86,4.24,4.5,4.76,4.89,5.02,4.79,66.39
20230116,4.82,4.89,4.76,4.82,4.87,-0.05,-1.0267,119646.5,57525.319,0.73,13.86,4.24,4.5,4.76,4.89,5.02,4.79,65.96
20230113,4.75,5.13,4.71,4.87,4.74,0.13,2.7426,217773.51,106466.023,0.73,13.86,4.24,4.5,4.76,4.89,5.02,4.78,65.64
20230112,4.73,4.78,4.66,4.74,4.72,0.02,0.4237,81509.5,38603.154,0.73,13.86,4.24,4.5,4.76,4.89,5.02,4.77,38.64
20230111,4.8,4.83,4.72,4.72,4.8,-0.08,-1.6667,94771.77,45201.916,0.73,13.86,4.24,4.5,4.76,4.89,5.02,4.77,38.51
20230110,4.88,4.88,4.76,4.8,4.87,-0.07,-1.4374,87478.97,41882.118,0.73,13.86,4.24,4.5,4.76,4.89,5.02,4.77,67.23
20230109,4.9,4.9,4.81,4.87,4.91,-0.04,-0.8147,142505.24,69059.687,0.73,13.86,4.24,4.5,4.76,4.89,5.02,4.77,67.04
20230106,4.93,5.0,4.83,4.91,4.92,-0.01,-0.2033,205021.0,100126.717,0.73,13.86,4.24,4.5,4.76,4.89,5.02,4.76,88.28
20230105,5.2,5.21,4.87,4.92,5.13,-0.21,-4.0936,443671.36,220116.972,0.73,13.86,4.24,4.5,4.76,4.89,5.02,4.75,87.99
20230104,4.66,5.13,4.66,5.13,4.66,0.47,10.0858,97762.01,49364.433,0.73,13.86,4.24,4.37,4.63,4.89,5.02,4.71,97.73
20230103,4.54,4.7,4.46,4.66,4.54,0.12,2.6432,83534.0,38602.205,0.73,13.86,4.24,4.37,4.63,4.89,4.89,4.7,54.0
20221230,4.46,4.57,4.41,4.54,4.43,0.11,2.4831,71669.0,32336.268,0.73,13.86,4.24,4.37,4.63,4.89,4.89,4.7,29.06
20221229,4.5,4.5,4.43,4.43,4.51,-0.08,-1.7738,49310.88,21998.396,0.73,13.86,4.24,4.37,4.63,4.89,4.89,4.71,16.51
20221228,4.65,4.71,4.43,4.51,4.63,-0.12,-2.5918,96421.0,43505.797,0.73,13.86,4.24,4.37,4.63,4.89,4.89,4.71,26.62
20221227,4.74,4.76,4.6,4.63,4.73,-0.1,-2.1142,74077.0,34434.626,0.73,13.86,4.24,4.37,4.76,4.89,4.89,4.71,25.52
20221226,4.77,4.83,4.68,4.73,4.75,-0.02,-0.4211,81293.36,38539.073,0.73,13.86,4.24,4.37,4.76,4.89,4.89,4.71,48.9
20221223,4.65,4.83,4.61,4.75,4.69,0.06,1.2793,89415.0,42366.998,0.73,13.86,4.24,4.37,4.76,4.89,4.89,4.71,49.06
20221222,4.71,4.9,4.68,4.69,4.71,-0.02,-0.4246,85641.0,40926.447,0.73,13.86,4.24,4.37,4.76,4.89,4.89,4.71,48.7
20221221,4.77,4.81,4.68,4.71,4.77,-0.06,-1.2579,59941.3,28329.637,0.73,13.86,4.24,4.37,4.76,4.89,4.89,4.71,49.83
20221220,4.7,4.83,4.63,4.77,4.69,0.08,1.7058,79181.06,37633.513,0.73,13.86,4.24,4.37,4.76,4.89,4.89,4.71,79.59
20221219,4.87,4.92,4.6,4.69,4.87,-0.18,-3.6961,99057.0,46946.749,0.73,13.86,4.24,4.37,4.63,4.89,4.89,4.7,50.13
20221216,4.84,4.98,4.78,4.87,4.87,0.0,0.0,99992.01,48838.549,0.73,13.86,4.24,4.37,4.63,4.89,4.89,4.7,79.27
20221215,4.91,4.91,4.78,4.87,4.87,0.0,0.0,66775.45,32360.979,0.73,13.86,4.24,4.37,4.63,4.89,4.89,4.7,80.44
20221214,4.89,4.96,4.83,4.87,4.89,-0.02,-0.409,70969.0,34764.017,0.73,13.86,4.24,4.37,4.63,4.89,4.89,4.69,81.25
20221213,4.82,4.99,4.79,4.89,4.78,0.11,2.3013,89228.49,43671.242,0.73,13.86,4.24,4.37,4.63,4.89,4.89,4.69,82.83
20221212,4.83,4.98,4.75,4.78,4.83,-0.05,-1.0352,89267.05,43112.575,0.73,13.86,4.24,4.37,4.63,4.89,4.89,4.68,84.87
20221209,4.96,4.96,4.81,4.83,4.91,-0.08,-1.6293,56586.5,27541.687,0.73,13.86,4.24,4.37,4.63,4.76,4.89,4.67,85.56
20221208,4.84,4.96,4.75,4.91,4.83,0.08,1.6563,76286.0,37110.013,0.73,13.86,4.24,4.37,4.63,4.76,4.89,4.67,96.31
20221207,4.82,4.88,4.72,4.83,4.81,0.02,0.4158,76697.54,36821.662,0.73,13.86,4.24,4.37,4.63,4.76,4.89,4.66,86.93
20221206,4.82,4.86,4.75,4.81,4.85,-0.04,-0.8247,72301.01,34661.866,0.73,13.86,4.24,4.37,4.63,4.76,4.89,4.66,86.98
20221205,4.83,4.95,4.83,4.85,4.83,0.02,0.4141,80336.0,39216.926,0.73,13.86,4.24,4.37,4.63,4.76,4.89,4.66,87.0
20221202,4.8,4.87,4.68,4.83,4.75,0.08,1.6842,99864.0,47889.746,0.73,13.86,4.11,4.37,4.63,4.76,4.89,4.65,88.13
20221201,4.78,4.88,4.72,4.75,4.78,-0.03,-0.6276,82766.0,39554.925,0.73,13.86,4.11,4.37,4.63,4.76,4.89,4.64,64.91
20221130,4.77,4.87,4.72,4.78,4.77,0.01,0.2096,82277.55,39412.202,0.73,13.86,4.11,4.37,4.63,4.76,4.89,4.64,88.27
20221129,4.69,4.79,4.63,4.77,4.68,0.09,1.9231,110589.51,52446.019,0.73,13.86,4.11,4.37,4.63,4.76,4.89,4.64,88.34
20221128,4.54,4.81,4.51,4.68,4.66,0.02,0.4292,150300.05,70225.718,0.73,13.86,4.11,4.24,4.63,4.76,4.89,4.63,68.65
20221125,4.74,4.84,4.65,4.66,4.72,-0.06,-1.2712,127497.0,60313.111,0.73,13.86,4.11,4.24,4.63,4.76,4.89,4.63,69.0
20221124,4.5,4.98,4.5,4.72,4.58,0.14,3.0568,201228.0,95531.164,0.73,13.86,4.11,4.24,4.63,4.76,4.89,4.62,70.07
20221123,4.61,4.68,4.49,4.58,4.64,-0.06,-1.2931,69136.0,31558.285,0.73,13.86,4.11,4.24,4.63,4.76,4.89,4.61,49.08
20221122,4.74,4.8,4.6,4.64,4.68,-0.04,-0.8547,71613.95,33533.688,0.73,13.86,4.11,4.24,4.63,4.76,4.89,4.61,71.11
20221121,4.73,4.74,4.62,4.68,4.73,-0.05,-1.0571,64398.12,30105.512,0.73,13.86,4.11,4.24,4.63,4.76,4.89,4.61,71.33
20221118,4.7,4.83,4.7,4.73,4.71,0.02,0.4246,69215.5,32994.779,0.73,13.86,4.11,4.24,4.5,4.76,4.89,4.6,71.03
20221117,4.64,4.8,4.6,4.71,4.63,0.08,1.7279,105188.55,49546.112,0.73,13.86,4.11,4.24,4.5,4.76,4.89,4.6,72.34
20221116,4.62,4.69,4.59,4.63,4.62,0.01,0.2165,54877.01,25458.549,0.73,13.86,4.11,4.24,4.5,4.76,4.89,4.59,53.09
20221115,4.63,4.74,4.55,4.62,4.6,0.02,0.4348,90563.51,42125.617,0.73,13.86,4.11,4.24,4.5,4.76,4.89,4.59,53.8
20221114,4.65,4.68,4.56,4.6,4.59,0.01,0.2179,78835.0,36453.797,0.73,13.86,4.11,4.24,4.5,4.76,4.89,4.59,55.0
20221111,4.61,4.72,4.59,4.59,4.55,0.04,0.8791,80245.0,37263.613,0.73,13.86,4.11,4.24,4.5,4.76,4.89,4.59,55.3
20221110,4.45,4.62,4.45,4.55,4.59,-0.04,-0.8715,55302.52,25273.095,0.73,13.86,4.11,4.24,4.5,4.76,4.89,4.59,56.41
20221109,4.65,4.68,4.57,4.59,4.59,0.0,0.0,51169.13,23568.233,0.73,13.86,4.11,4.24,4.5,4.76,4.89,4.59,55.89
20221108,4.59,4.6,4.52,4.59,4.59,0.0,0.0,32770.25,14942.789,0.73,13.86,4.11,4.24,4.5,4.76,4.89,4.59,56.09
20221107,4.56,4.59,4.48,4.59,4.52,0.07,1.5487,57154.0,25967.114,0.73,13.86,4.11,4.24,4.5,4.76,4.89,4.58,55.89
20221104,4.54,4.57,4.48,4.52,4.52,0.0,0.0,41580.0,18787.42,0.73,13.86,4.11,4.24,4.5,4.76,4.89,4.58,55.34
20221103,4.47,4.56,4.42,4.52,4.47,0.05,1.1186,51961.0,23307.28,0.73,13.86,4.11,4.24,4.5,4.76,4.89,4.59,54.94
20221102,4.43,4.53,4.38,4.47,4.44,0.03,0.6757,49076.01,21979.709,0.73,13.86,4.11,4.24,4.5,4.76,4.89,4.59,41.19
20221101,4.39,4.46,4.31,4.44,4.33,0.11,2.5404,62739.01,27512.305,0.73,13.86,4.11,4.24,4.5,4.76,4.89,4.59,41.15
20221031,4.12,4.41,4.04,4.33,4.25,0.08,1.8824,82065.14,35497.613,0.73,13.86,4.11,4.24,4.5,4.89,4.89,4.59,24.59
20221028,4.44,4.44,4.24,4.25,4.46,-0.21,-4.7085,80024.71,34558.905,0.73,13.86,4.11,4.24,4.5,4.89,5.02,4.6,23.36
20221027,4.34,4.57,4.32,4.46,4.38,0.08,1.8265,114156.55,51225.24,0.73,13.86,4.11,4.24,4.5,4.89,5.02,4.6,37.4
20221026,4.22,4.58,4.22,4.38,4.17,0.21,5.036,124601.6,54068.088,0.73,13.86,4.11,4.24,4.63,4.89,5.02,4.61,36.48
20221025,4.25,4.25,4.07,4.17,4.24,-0.07,-1.6509,50600.0,21010.028,0.73,13.86,4.11,4.24,4.63,4.89,5.02,4.62,8.98
20221024,4.4,4.42,4.21,4.24,4.39,-0.15,-3.4169,49129.0,21152.237,0.73,13.86,4.11,4.24,4.63,4.89,5.02,4.62,8.12
20221021,4.38,4.43,4.32,4.39,4.35,0.04,0.9195,40967.1,17987.988,0.73,13.86,4.11,4.24,4.63,4.89,5.02,4.63,32.72
20221020,4.35,4.4,4.3,4.35,4.37,-0.02,-0.4577,32270.0,14049.991,0.73,13.86,4.11,4.24,4.63,4.89,5.02,4.63,20.68
20221019,4.42,4.43,4.28,4.37,4.38,-0.01,-0.2283,42871.0,18668.456,0.73,13.86,4.11,4.24,4.63,4.89,5.02,4.63,20.44
20221018,4.4,4.44,4.35,4.38,4.39,-0.01,-0.2278,39336.01,17267.572,0.73,13.86,4.11,4.24,4.63,4.89,5.02,4.64,30.56
20221017,4.29,4.4,4.23,4.39,4.3,0.09,2.093,59085.15,25728.719,0.73,13.86,4.11,4.24,4.63,4.89,5.02,4.64,29.85
20221014,4.32,4.37,4.28,4.3,4.3,0.0,0.0,58096.4,25066.148,0.73,13.86,4.11,4.24,4.63,4.89,5.02,4.64,19.42
20221013,4.25,4.32,4.21,4.3,4.27,0.03,0.7026,57361.13,24475.529,0.73,13.86,4.11,4.24,4.63,4.89,5.02,4.65,18.4
20221012,4.12,4.28,4.04,4.27,4.12,0.15,3.6408,101897.45,42567.065,0.73,13.86,4.11,4.24,4.63,4.89,5.02,4.66,17.14
20221011,4.17,4.2,4.06,4.12,4.17,-0.05,-1.199,62158.0,25575.093,0.73,13.86,4.11,4.37,4.63,4.89,5.02,4.67,6.79
20221010,4.2,4.35,4.14,4.17,4.28,-0.11,-2.5701,62884.0,26675.63,0.73,13.86,4.11,4.37,4.63,4.89,5.02,4.68,5.19
20220930,4.25,4.43,4.12,4.28,4.22,0.06,1.4218,114913.55,48933.446,0.73,13.86,4.11,4.37,4.63,4.89,5.02,4.69,11.4
20220929,4.45,4.49,4.15,4.22,4.45,-0.23,-5.1685,96531.0,41633.448,0.73,13.86,4.24,4.37,4.63,4.89,5.02,4.7,4.89
20220928,4.51,4.59,4.38,4.45,4.57,-0.12,-2.6258,86219.0,38482.916,0.73,13.86,4.24,4.37,4.63,4.89,5.02,4.71,15.35
20220927,4.45,4.63,4.42,4.57,4.41,0.16,3.6281,92796.27,41865.319,0.73,13.86,4.24,4.5,4.63,4.89,5.02,4.72,28.58
20220926,4.58,4.62,4.37,4.41,4.58,-0.17,-3.7118,81064.0,36130.095,0.73,13.86,4.11,4.5,4.76,4.89,5.02,4.72,14.6
20220923,4.68,4.71,4.52,4.58,4.68,-0.1,-2.1368,81834.77,37676.512,0.73,13.86,4.11,4.5,4.76,4.89,5.02,4.73,25.12
20220922,4.68,4.77,4.4,4.68,4.69,-0.01,-0.2132,80394.0,37678.188,0.73,13.86,4.11,4.5,4.76,4.89,5.02,4.73,47.07
20220921,4.64,4.71,4.47,4.69,4.61,0.08,1.7354,100336.33,46371.468,0.73,13.86,4.11,4.5,4.76,4.89,5.02,4.73,46.46
20220920,4.48,4.72,4.45,4.61,4.45,0.16,3.5955,120469.46,55542.491,0.73,13.86,4.11,4.5,4.76,4.89,5.02,4.73,23.36
20220919,4.59,4.59,4.36,4.45,4.54,-0.09,-1.9824,103464.02,45787.494,0.73,13.86,4.11,4.5,4.76,4.89,5.02,4.74,14.91
20220916,4.71,4.71,4.54,4.54,4.68,-0.14,-2.9915,80670.87,37346.374,0.73,13.86,4.11,4.5,4.76,4.89,5.02,4.75,19.4
20220915,4.87,4.92,4.57,4.68,4.83,-0.15,-3.1056,110590.0,52101.457,0.73,13.86,4.11,4.5,4.76,4.89,5.02,4.75,39.91
20220914,4.7,4.87,4.66,4.83,4.79,0.04,0.8351,132619.46,63782.909,0.73,13.86,4.11,4.5,4.76,4.89,5.02,4.75,71.78
20220913,4.84,5.0,4.75,4.79,4.84,-0.05,-1.0331,141105.0,68315.31,0.73,13.86,4.11,4.5,4.76,4.89,5.02,4.74,71.14
20220909,4.96,4.96,4.79,4.84,4.95,-0.11,-2.2222,91799.14,44390.242,0.73,13.86,4.11,4.37,4.76,4.89,5.02,4.74,71.58
20220908,4.93,5.04,4.84,4.95,4.9,0.05,1.0204,134892.0,66692.025,0.73,13.86,4.11,4.37,4.76,4.89,5.02,4.73,91.44
20220907,4.94,4.95,4.84,4.9,4.92,-0.02,-0.4065,88561.0,43268.953,0.73,13.86,4.11,4.37,4.76,4.89,5.02,4.72,92.77
20220906,4.8,4.97,4.78,4.92,4.8,0.12,2.5,121058.0,58996.742,0.73,13.86,4.11,4.37,4.76,4.89,5.02,4.72,92.95
20220905,4.79,4.9,4.73,4.8,4.76,0.04,0.8403,85315.0,40961.053,0.73,13.86,4.11,4.37,4.76,4.89,5.02,4.71,78.41
20220902,4.72,4.8,4.65,4.76,4.72,0.04,0.8475,99945.01,47381.777,0.73,13.86,4.11,4.37,4.76,4.89,5.02,4.7,49.67
20220901,4.87,4.9,4.68,4.72,4.9,-0.18,-3.6735,130771.4,62218.847,0.73,13.86,4.11,4.37,4.76,4.89,5.02,4.7,49.87
20220831,4.85,5.04,4.74,4.9,4.82,0.08,1.6598,212778.0,104433.421,0.73,13.86,4.11,4.37,4.63,4.89,5.02,4.69,92.69
20220830,4.84,4.97,4.76,4.82,4.8,0.02,0.4167,142900.0,69291.838,0.73,13.86,4.11,4.37,4.63,4.89,5.02,4.68,82.83
20220829,4.79,4.85,4.63,4.8,4.78,0.02,0.4184,139939.0,66785.425,0.73,13.86,4.11,4.24,4.63,4.89,5.02,4.67,84.71
20220826,4.66,4.9,4.65,4.78,4.61,0.17,3.6876,180475.5,86470.783,0.73,13.86,4.11,4.24,4.63,4.89,5.02,4.66,84.66
20220825,4.64,4.71,4.47,4.61,4.66,-0.05,-1.073,122870.0,56205.52,0.73,13.86,3.98,4.24,4.63,4.76,5.02,4.65,34.28
20220824,4.83,4.87,4.62,4.66,4.83,-0.17,-3.5197,114836.0,53867.465,0.73,13.86,3.98,4.24,4.63,4.76,5.02,4.65,61.61
20220823,4.79,4.96,4.74,4.83,4.8,0.03,0.625,136258.43,65837.369,0.73,13.86,3.98,4.24,4.63,4.76,5.02,4.64,85.24
20220822,4.67,4.82,4.62,4.8,4.7,0.1,2.1277,148452.0,70007.605,0.73,13.86,3.98,4.24,4.63,4.76,5.02,4.64,86.3
20220819,4.65,4.92,4.63,4.7,4.64,0.06,1.2931,195608.0,93658.167,0.73,13.86,3.98,4.24,4.63,4.76,5.02,4.63,64.12
20220818,4.68,4.73,4.61,4.64,4.68,-0.04,-0.8547,130825.54,60893.849,0.73,13.86,3.98,4.24,4.63,4.76,5.02,4.62,67.76
20220817,4.74,4.85,4.66,4.68,4.76,-0.08,-1.6807,146702.0,69499.552,0.73,13.86,3.98,4.24,4.63,4.76,5.02,4.61,66.97
20220816,4.75,4.8,4.65,4.76,4.78,-0.02,-0.4184,177407.04,83603.735,0.73,13.86,3.98,4.24,4.63,4.76,5.02,4.6,68.13
20220815,4.69,4.81,4.62,4.78,4.69,0.09,1.919,207375.0,98233.64,0.73,13.86,3.98,4.11,4.63,4.76,5.02,4.59,86.46
20220812,4.73,4.97,4.68,4.69,4.73,-0.04,-0.8457,251584.33,120031.33,0.73,13.86,3.98,4.11,4.63,4.76,5.15,4.58,70.17
20220811,4.7,4.83,4.61,4.73,4.67,0.06,1.2848,325739.79,154702.845,0.73,13.86,3.98,4.11,4.5,4.76,5.15,4.56,75.48
20220810,4.62,4.75,4.58,4.67,4.58,0.09,1.9651,352212.88,164176.137,0.73,13.86,3.98,4.11,4.5,4.76,5.15,4.54,77.03
20220809,4.76,4.91,4.55,4.58,4.79,-0.21,-4.3841,499093.01,232093.352,0.73,13.86,3.98,4.11,4.5,4.76,5.15,4.52,61.91
20220808,4.33,4.79,4.32,4.79,4.35,0.44,10.1149,296388.4,140725.918,0.73,13.86,3.98,4.11,4.37,4.76,5.15,4.48,86.91
20220805,4.42,4.47,4.28,4.35,4.46,-0.11,-2.4664,245504.0,106942.6,0.73,13.86,3.85,4.11,4.37,4.76,5.28,4.46,46.68
20220804,4.7,4.83,4.36,4.46,4.62,-0.16,-3.4632,513738.4,231698.339,0.73,13.86,3.85,4.11,4.37,4.89,5.28,4.47,61.26
20220803,4.21,4.62,4.21,4.62,4.2,0.42,10.0,397525.22,181167.946,0.73,13.86,3.85,3.98,4.24,4.89,5.28,4.44,76.35
20220802,4.41,4.41,4.19,4.2,4.41,-0.21,-4.7619,98743.5,41965.662,0.73,13.86,3.85,3.98,4.24,5.02,5.28,4.44,41.21
20220801,4.34,4.48,4.34,4.41,4.37,0.04,0.9153,48027.99,21246.033,0.73,13.86,3.85,3.98,4.24,5.02,5.28,4.44,70.38
20220729,4.35,4.46,4.3,4.37,4.35,0.02,0.4598,55919.0,24496.569,0.73,13.86,3.85,3.98,4.24,5.02,5.28,4.44,61.33
20220728,4.39,4.43,4.32,4.35,4.39,-0.04,-0.9112,37587.0,16391.756,0.73,13.86,3.85,3.98,4.24,5.02,5.28,4.44,62.21
20220727,4.35,4.44,4.32,4.39,4.36,0.03,0.6881,60027.01,26306.37,0.73,13.86,3.85,3.98,4.24,5.02,5.28,4.44,69.6
20220726,4.29,4.38,4.27,4.36,4.28,0.08,1.8692,61275.0,26604.268,0.73,13.86,3.85,3.98,4.24,5.02,5.28,4.44,63.43
20220725,4.21,4.35,4.2,4.28,4.21,0.07,1.6627,64371.0,27563.75,0.73,13.86,3.85,3.98,4.24,5.02,5.28,4.44,63.84
20220722,4.22,4.29,4.18,4.21,4.21,0.0,0.0,40457.0,17088.719,0.73,13.86,3.85,3.98,4.24,5.02,5.28,4.44,46.65
20220721,4.17,4.31,4.15,4.21,4.17,0.04,0.9592,69882.5,29692.999,0.73,13.86,3.85,3.98,4.24,5.02,5.28,4.44,46.69
20220720,4.2,4.23,4.15,4.17,4.2,-0.03,-0.7143,46053.04,19278.078,0.73,13.86,3.85,3.98,4.24,5.02,5.28,4.45,47.49
20220719,4.17,4.25,4.14,4.2,4.17,0.03,0.7194,57657.04,24136.452,0.73,13.86,3.85,3.98,4.24,5.02,5.28,4.45,47.12
20220718,3.93,4.18,3.93,4.17,3.93,0.24,6.1069,97810.19,40244.851,0.73,13.86,3.85,3.98,4.24,5.02,5.28,4.45,47.21
20220715,4.08,4.11,3.91,3.93,4.1,-0.17,-4.1463,80447.0,31962.11,0.73,13.86,3.85,3.98,4.24,5.02,5.28,4.46,9.17
20220714,4.24,4.24,4.1,4.1,4.19,-0.09,-2.148,38634.0,15950.882,0.73,13.86,3.85,3.98,4.24,5.02,5.28,4.47,21.58
20220713,4.05,4.21,4.05,4.19,4.07,0.12,2.9484,53394.01,22280.318,0.73,13.86,3.85,3.98,4.24,5.02,5.28,4.48,44.01
20220712,4.17,4.18,4.06,4.07,4.15,-0.08,-1.9277,56737.36,23242.127,0.73,13.86,3.85,3.98,4.24,5.02,5.28,4.48,21.85
20220711,4.28,4.29,4.12,4.15,4.27,-0.12,-2.8103,70468.15,29437.037,0.73,13.86,3.85,3.98,4.24,5.02,5.28,4.49,42.42
20220708,4.2,4.31,4.17,4.27,4.26,0.01,0.2347,66176.0,28151.498,0.73,13.86,3.85,3.98,4.24,5.15,5.28,4.49,56.76
20220707,4.18,4.31,4.18,4.26,4.2,0.06,1.4286,56831.99,24270.727,0.73,13.86,3.85,3.98,4.24,5.15,5.28,4.5,56.14
20220706,4.22,4.26,4.16,4.2,4.23,-0.03,-0.7092,67352.0,28332.366,0.73,13.86,3.85,3.98,4.24,5.15,5.28,4.5,43.63
20220705,4.27,4.3,4.15,4.23,4.27,-0.04,-0.9368,57250.35,24093.088,0.73,13.86,3.85,3.98,4.24,5.15,5.28,4.5,43.64
20220704,4.3,4.35,4.23,4.27,4.32,-0.05,-1.1574,58421.0,24919.517,0.73,13.86,3.85,3.98,4.24,5.15,5.28,4.51,54.16
20220701,4.35,4.42,4.28,4.32,4.34,-0.02,-0.4608,71099.99,30837.913,0.73,13.86,3.85,3.98,4.24,5.15,5.41,4.51,53.56
20220630,4.37,4.39,4.31,4.34,4.33,0.01,0.2309,59172.79,25802.091,0.73,13.86,3.85,3.98,4.24,5.15,5.41,4.52,53.8
20220629,4.36,4.42,4.3,4.33,4.35,-0.02,-0.4598,68163.01,29741.897,0.73,13.86,3.85,3.98,4.24,5.15,5.41,4.52,54.03
20220628,4.25,4.39,4.22,4.35,4.24,0.11,2.5943,66730.86,28881.759,0.73,13.86,3.85,3.98,4.24,5.15,5.41,4.52,54.28
20220627,4.22,4.29,4.21,4.24,4.2,0.04,0.9524,54380.01,23105.704,0.73,13.86,3.85,3.98,4.24,5.15,5.41,4.52,47.98
20220624,4.2,4.24,4.17,4.2,4.18,0.02,0.4785,51713.25,21737.168,0.73,13.86,3.85,3.98,4.24,5.15,5.41,4.53,48.62
20220623,4.13,4.22,4.11,4.18,4.14,0.04,0.9662,57404.0,23977.354,0.73,13.86,3.85,3.98,4.24,5.15,5.41,4.53,48.2
20220622,4.2,4.21,4.11,4.14,4.2,-0.06,-1.4286,46713.0,19401.142,0.73,13.86,3.85,3.98,4.24,5.15,5.41,4.54,47.73
20220621,4.17,4.23,4.14,4.2,4.16,0.04,0.9615,63688.9,26629.031,0.73,13.86,3.85,3.98,4.24,5.15,5.41,4.54,47.36
20220620,4.05,4.17,4.05,4.16,4.03,0.13,3.2258,70889.0,29209.226,0.73,13.86,3.85,3.98,4.24,5.15,5.41,4.55,46.82
20220617,4.07,4.09,3.97,4.03,4.09,-0.06,-1.467,53973.0,21748.155,0.73,13.86,3.85,3.98,4.37,5.15,5.41,4.56,29.02
20220616,4.06,4.13,4.05,4.09,4.07,0.02,0.4914,52877.99,21631.028,0.73,13.86,3.85,3.98,4.5,5.15,5.41,4.56,28.02
20220615,4.08,4.13,4.06,4.07,4.07,0.0,0.0,68552.85,28086.1,0.73,13.86,3.85,3.98,4.5,5.15,5.41,4.57,27.77
20220614,4.06,4.08,3.95,4.07,4.09,-0.02,-0.489,57535.0,23109.798,0.73,13.86,3.85,3.98,4.5,5.15,5.41,4.58,27.44
20220613,4.11,4.12,4.04,4.09,4.1,-0.01,-0.2439,48325.01,19686.919,0.73,13.86,3.85,3.98,4.5,5.15,5.41,4.59,26.36
20220610,4.02,4.14,4.02,4.1,4.06,0.04,0.9852,52187.86,21394.162,0.73,13.86,3.85,3.98,4.63,5.15,5.41,4.6,26.09
20220609,4.11,4.14,4.04,4.06,4.14,-0.08,-1.9324,37400.99,15275.796,0.73,13.86,3.85,3.98,4.63,5.15,5.41,4.61,25.81
20220608,4.15,4.17,4.0,4.14,4.13,0.01,0.2421,65108.1,26596.763,0.73,13.86,3.85,3.98,4.63,5.15,5.41,4.61,39.97
20220607,4.19,4.19,4.08,4.13,4.18,-0.05,-1.1962,43701.0,17999.167,0.73,13.86,3.85,3.98,4.63,5.15,5.41,4.62,38.9
20220606,4.11,4.19,4.1,4.18,4.13,0.05,1.2107,52402.0,21819.888,0.73,13.86,3.85,3.98,4.63,5.15,5.41,4.63,38.24
20220602,4.13,4.15,4.05,4.13,4.13,0.0,0.0,50582.0,20758.052,0.73,13.86,3.85,3.98,4.63,5.15,5.41,4.64,37.47
20220601,4.1,4.18,4.06,4.13,4.12,0.01,0.2427,42138.0,17389.302,0.73,13.86,3.85,3.98,4.63,5.15,5.41,4.64,36.57
20220531,4.17,4.17,4.07,4.12,4.16,-0.04,-0.9615,42059.0,17302.285,0.73,13.86,3.85,3.98,4.76,5.15,5.41,4.65,35.92
20220530,4.13,4.17,4.07,4.16,4.11,0.05,1.2165,57914.01,23893.129,0.73,13.86,3.85,3.98,4.76,5.15,5.41,4.65,35.23
20220527,4.15,4.15,4.04,4.11,4.11,0.0,0.0,30084.0,12335.293,0.73,13.86,3.85,3.98,4.76,5.15,5.41,4.66,25.97
20220526,4.11,4.13,4.02,4.11,4.11,0.0,0.0,40625.01,16584.335,0.73,13.86,3.85,3.98,4.76,5.15,5.41,4.67,25.81
20220525,3.96,4.16,3.96,4.11,3.97,0.14,3.5264,61384.11,25087.636,0.73,13.86,3.85,3.98,4.76,5.15,5.41,4.67,25.58
20220524,4.19,4.22,3.92,3.97,4.19,-0.22,-5.2506,64185.04,26118.078,0.73,13.86,3.85,3.98,4.76,5.15,5.41,4.69,14.54
20220523,4.14,4.23,4.14,4.19,4.15,0.04,0.9639,37762.0,15790.816,0.73,13.86,3.85,3.98,4.76,5.15,5.41,4.7,30.49
20220520,4.2,4.23,4.12,4.15,4.18,-0.03,-0.7177,57618.5,23984.645,0.73,13.86,3.85,3.98,4.76,5.15,5.41,4.7,29.96
20220519,4.05,4.21,4.04,4.18,4.13,0.05,1.2107,40053.5,16616.232,0.73,13.86,3.85,3.85,4.76,5.28,5.41,4.71,29.14
20220518,4.06,4.17,4.01,4.13,4.06,0.07,1.7241,59760.0,24576.265,0.73,13.86,3.85,3.85,4.76,5.28,5.41,4.72,28.42
20220517,4.01,4.06,3.93,4.06,4.02,0.04,0.995,46858.0,18732.098,0.73,13.86,3.72,3.85,4.76,5.28,5.41,4.73,25.24
20220516,4.0,4.11,3.99,4.02,4.0,0.02,0.5,60341.0,24327.834,0.73,13.86,3.72,3.85,4.76,5.28,5.41,4.74,24.34
20220513,3.95,4.04,3.88,4.0,3.89,0.11,2.8278,72648.0,28820.703,0.73,13.86,3.72,3.85,4.89,5.28,5.41,4.75,23.38
20220512,3.86,3.96,3.82,3.89,3.9,-0.01,-0.2564,65251.0,25400.3,0.73,13.86,3.72,3.85,4.89,5.28,5.41,4.77,15.29
20220511,4.0,4.09,3.89,3.9,3.98,-0.08,-2.0101,77909.0,31197.864,0.73,13.86,3.72,3.98,4.89,5.28,5.41,4.79,13.8
20220510,3.89,3.99,3.84,3.98,3.91,0.07,1.7903,44013.0,17283.782,0.73,13.86,3.72,3.98,4.89,5.28,5.41,4.8,13.83
20220509,3.82,3.98,3.82,3.91,3.86,0.05,1.2953,49931.0,19585.659,0.73,13.86,3.72,3.98,4.89,5.28,5.41,4.82,13.17
20220506,3.88,3.88,3.78,3.86,3.94,-0.08,-2.0305,82791.0,31712.79,0.73,13.86,3.72,3.98,4.89,5.28,5.41,4.83,12.0
20220505,4.0,4.06,3.88,3.94,3.98,-0.04,-1.005,77381.01,30557.671,0.73,13.86,3.85,4.11,4.89,5.28,5.41,4.86,9.85
20220429,3.78,4.02,3.78,3.98,3.78,0.2,5.291,66638.0,26235.855,0.73,13.86,3.85,4.37,4.89,5.28,5.41,4.88,9.01
20220428,3.94,4.01,3.67,3.78,4.0,-0.22,-5.5,102562.73,39326.116,0.73,13.86,3.85,4.5,4.89,5.28,5.41,4.9,4.1
20220427,3.75,4.11,3.63,4.0,3.78,0.22,5.8201,133307.0,50947.573,0.73,13.86,3.85,4.5,4.89,5.28,5.41,4.93,7.29
20220426,4.1,4.12,3.76,3.78,4.12,-0.34,-8.2524,112257.01,44036.696,0.73,13.86,4.24,4.63,5.02,5.28,5.41,4.98,0.68
20220425,4.47,4.52,4.12,4.12,4.58,-0.46,-10.0437,112615.0,48088.558,0.73,13.86,4.5,4.63,5.02,5.28,5.41,5.01,0.81
20220422,4.5,4.64,4.42,4.58,4.54,0.04,0.8811,73482.01,33390.329,0.73,13.86,4.5,4.63,5.02,5.28,5.41,5.03,7.62
20220421,4.77,4.79,4.51,4.54,4.77,-0.23,-4.8218,93157.0,43013.818,0.73,13.86,4.5,4.63,5.02,5.28,5.41,5.05,6.33
20220420,4.88,5.11,4.74,4.77,4.88,-0.11,-2.2541,77267.0,37735.937,0.73,13.86,4.5,4.76,5.02,5.28,5.41,5.06,26.96
20220419,4.83,4.93,4.79,4.88,4.83,0.05,1.0352,69983.0,34038.826,0.73,13.86,4.5,4.76,5.02,5.28,5.41,5.06,26.44
20220418,4.75,4.93,4.64,4.83,4.8,0.03,0.625,76799.0,36985.903,0.73,13.86,4.5,4.76,5.02,5.28,5.41,5.06,26.06
20220415,5.11,5.13,4.72,4.8,5.13,-0.33,-6.4327,126077.0,61736.752,0.73,13.86,4.5,4.76,5.02,5.28,5.41,5.07,25.18
20220414,5.02,5.17,5.01,5.13,5.05,0.08,1.5842,81310.99,41477.365,0.73,13.86,4.5,4.76,5.02,5.28,5.41,5.07,56.02
20220413,5.15,5.17,5.0,5.05,5.17,-0.12,-2.3211,86943.99,44093.369,0.73,13.86,4.5,4.76,5.02,5.28,5.54,5.07,55.87
20220412,5.01,5.18,4.9,5.17,5.06,0.11,2.1739,115341.45,58321.648,0.73,13.86,4.5,4.63,5.02,5.28,5.54,5.07,73.95
20220411,5.03,5.2,4.95,5.06,5.05,0.01,0.198,126496.36,64458.778,0.73,13.86,4.5,4.63,5.02,5.28,5.54,5.07,55.49
20220408,5.11,5.17,4.9,5.05,5.07,-0.02,-0.3945,112191.0,56282.412,0.73,13.86,4.5,4.63,5.02,5.28,5.54,5.07,55.22
20220407,5.25,5.25,5.06,5.07,5.28,-0.21,-3.9773,137742.0,70536.156,0.73,13.86,4.5,4.63,5.02,5.28,5.54,5.07,54.97
20220406,5.27,5.38,5.23,5.28,5.38,-0.1,-1.8587,210729.0,111550.539,0.73,13.86,4.5,4.63,5.02,5.28,5.54,5.06,70.52
20220401,5.57,5.57,5.2,5.38,5.59,-0.21,-3.7567,367078.43,195268.908,0.73,13.86,4.5,4.63,5.02,5.28,5.54,5.04,87.02
20220331,5.04,5.59,5.02,5.59,5.08,0.51,10.0394,230427.33,122927.995,0.73,13.86,4.5,4.63,4.89,5.28,5.41,4.99,97.09
20220330,4.95,5.11,4.85,5.08,4.95,0.13,2.6263,102606.04,51624.051,0.73,13.86,4.5,4.63,4.89,5.15,5.41,4.97,72.1
20220329,5.0,5.05,4.89,4.95,5.03,-0.08,-1.5905,69678.01,34533.589,0.73,13.86,4.5,4.63,4.89,5.15,5.41,4.96,57.31
20220328,5.02,5.09,4.91,5.03,4.98,0.05,1.004,85603.55,42878.006,0.73,13.86,4.5,4.63,4.89,5.15,5.41,4.96,71.02
20220325,5.05,5.08,4.95,4.98,5.03,-0.05,-0.994,84170.0,42170.514,0.73,13.86,4.5,4.63,4.89,5.15,5.41,4.96,58.04
20220324,5.12,5.25,5.02,5.03,5.19,-0.16,-3.0829,114535.9,58648.851,0.73,13.86,4.5,4.63,4.89,5.15,5.41,4.96,69.84
20220323,5.14,5.48,5.14,5.19,5.14,0.05,0.9728,180163.04,94361.145,0.73,13.86,4.5,4.63,4.89,5.15,5.41,4.95,86.9
20220322,5.21,5.28,5.05,5.14,5.13,0.01,0.1949,219495.01,112965.135,0.73,13.86,4.5,4.63,4.89,5.15,5.28,4.93,74.68
20220321,5.21,5.4,5.1,5.13,5.07,0.06,1.1834,337997.87,175504.334,0.73,13.86,4.5,4.63,4.76,5.15,5.41,4.91,79.28
20220318,4.56,5.07,4.55,5.07,4.61,0.46,9.9783,125091.52,61259.768,0.73,13.86,4.5,4.63,4.76,5.02,5.41,4.87,87.61
20220317,4.65,4.74,4.58,4.61,4.62,-0.01,-0.2165,51747.85,24123.766,0.73,13.86,4.5,4.63,4.76,5.02,5.41,4.87,14.23
20220316,4.55,4.66,4.43,4.62,4.47,0.15,3.3557,61906.57,28251.439,0.73,13.86,4.5,4.63,4.76,5.02,5.41,4.87,14.24
20220315,4.67,4.73,4.46,4.47,4.7,-0.23,-4.8936,66781.0,30742.331,0.73,13.86,4.5,4.63,4.76,5.02,5.41,4.88,3.22
20220314,4.74,4.84,4.7,4.7,4.74,-0.04,-0.8439,57543.0,27374.61,0.73,13.86,4.5,4.63,4.76,5.02,5.41,4.89,31.03
20220311,4.59,4.76,4.5,4.74,4.63,0.11,2.3758,61861.0,28558.818,0.73,13.86,4.5,4.63,4.76,5.02,5.41,4.89,31.36
20220310,4.64,4.77,4.62,4.63,4.56,0.07,1.5351,63825.99,29960.27,0.73,13.86,4.5,4.63,4.76,5.02,5.41,4.89,11.84
20220309,4.69,4.73,4.4,4.56,4.69,-0.13,-2.7719,95426.0,43460.252,0.73,13.86,4.5,4.63,4.76,5.02,5.41,4.89,11.91
20220308,4.83,4.86,4.66,4.69,4.82,-0.13,-2.6971,48567.85,23024.06,0.73,13.86,4.5,4.63,4.76,5.02,5.41,4.9,27.48
20220307,4.81,4.9,4.78,4.82,4.85,-0.03,-0.6186,40314.01,19481.951,0.73,13.86,4.5,4.63,4.76,5.02,5.41,4.91,52.92
20220304,4.92,4.95,4.82,4.85,4.95,-0.1,-2.0202,38280.0,18658.059,0.73,13.86,4.5,4.63,4.76,5.02,5.41,4.91,53.04
20220303,4.95,5.0,4.9,4.95,4.97,-0.02,-0.4024,45306.0,22391.761,0.73,13.86,4.5,4.63,4.76,5.02,5.41,4.91,72.89
20220302,4.86,5.01,4.84,4.97,4.9,0.07,1.4286,68803.6,34061.002,0.73,13.86,4.5,4.63,4.76,5.15,5.41,4.9,72.87
20220301,4.77,4.93,4.74,4.9,4.75,0.15,3.1579,69039.01,33543.198,0.73,13.86,4.5,4.63,4.76,5.15,5.41,4.9,72.58
20220228,4.78,4.82,4.68,4.75,4.78,-0.03,-0.6276,39199.5,18604.768,0.73,13.86,4.5,4.63,4.76,5.15,5.54,4.9,29.35
20220225,4.76,4.89,4.74,4.78,4.7,0.08,1.7021,59436.3,28621.771,0.73,13.86,4.5,4.63,4.76,5.15,5.54,4.91,54.21
20220224,4.8,4.86,4.65,4.7,4.82,-0.12,-2.4896,71494.02,34050.368,0.73,13.86,4.5,4.63,4.76,5.15,5.54,4.91,29.49
20220223,4.83,4.86,4.77,4.82,4.82,0.0,0.0,40316.0,19438.187,0.73,13.86,4.5,4.63,4.76,5.15,5.54,4.91,52.86
20220222,4.88,4.91,4.77,4.82,4.89,-0.07,-1.4315,43155.0,20860.354,0.73,13.86,4.5,4.63,4.76,5.15,5.54,4.91,52.59
20220221,4.8,4.96,4.78,4.89,4.81,0.08,1.6632,50751.04,24722.575,0.73,13.86,4.5,4.63,4.76,5.15,5.54,4.91,52.73
20220218,4.72,4.83,4.67,4.81,4.74,0.07,1.4768,48786.0,23202.378,0.73,13.86,4.5,4.63,4.76,5.15,5.54,4.91,52.89
20220217,4.82,4.82,4.71,4.74,4.82,-0.08,-1.6598,55062.19,26168.725,0.73,13.86,4.5,4.63,4.76,5.15,5.54,4.91,31.45
20220216,4.68,4.84,4.68,4.82,4.66,0.16,3.4335,55820.18,26694.807,0.73,13.86,4.5,4.63,4.76,5.15,5.54,4.91,51.68
20220215,4.72,4.75,4.62,4.66,4.71,-0.05,-1.0616,48591.0,22708.942,0.73,13.86,4.5,4.63,4.76,5.15,5.54,4.92,31.58
20220214,4.65,4.78,4.64,4.71,4.67,0.04,0.8565,39299.0,18551.778,0.73,13.86,4.5,4.63,4.76,5.15,5.54,4.92,30.72
20220211,4.79,4.85,4.66,4.67,4.79,-0.12,-2.5052,41651.0,19727.87,0.73,13.86,4.5,4.63,4.89,5.15,5.54,4.92,30.56
20220210,4.83,4.84,4.72,4.79,4.82,-0.03,-0.6224,38215.0,18245.202,0.73,13.86,4.5,4.63,4.89,5.15,5.54,4.92,49.25
20220209,4.85,4.92,4.81,4.82,4.87,-0.05,-1.0267,41820.61,20265.017,0.73,13.86,4.5,4.63,4.89,5.15,5.54,4.92,48.8
20220208,4.66,4.87,4.64,4.87,4.67,0.2,4.2827,54395.0,26129.305,0.73,13.86,4.5,4.63,4.89,5.15,5.54,4.92,48.88
20220207,4.69,4.75,4.55,4.67,4.6,0.07,1.5217,40281.0,18826.763,0.73,13.86,4.5,4.63,4.89,5.15,5.54,4.92,31.32
20220128,4.43,4.68,4.41,4.6,4.41,0.19,4.3084,44589.0,20265.738,0.73,13.86,4.5,4.63,4.89,5.15,5.54,4.93,13.91
20220127,4.64,4.64,4.38,4.41,4.63,-0.22,-4.7516,52332.0,23464.777,0.73,13.86,4.5,4.63,4.89,5.15,5.67,4.93,3.9
20220126,4.55,4.67,4.54,4.63,4.54,0.09,1.9824,42296.0,19490.84,0.73,13.86,4.5,4.63,4.89,5.15,5.67,4.94,12.19
20220125,4.75,4.79,4.53,4.54,4.73,-0.19,-4.0169,51008.0,23750.499,0.73,13.86,4.5,4.63,4.89,5.15,5.67,4.94,11.76
20220124,4.85,4.85,4.65,4.73,4.85,-0.12,-2.4742,36953.0,17564.087,0.73,13.86,4.5,4.63,4.89,5.15,5.67,4.95,27.16
20220121,4.83,4.95,4.72,4.85,4.78,0.07,1.4644,68650.0,33164.421,0.73,13.86,4.5,4.63,4.89,5.15,5.67,4.95,43.94
20220120,5.0,5.03,4.75,4.78,4.97,-0.19,-3.8229,68300.34,33080.402,0.73,13.86,4.5,4.63,4.89,5.15,5.67,4.95,43.55
20220119,4.86,4.98,4.82,4.97,4.87,0.1,2.0534,54423.0,26766.445,0.73,13.86,4.5,4.63,4.89,5.15,5.67,4.95,61.76
20220118,5.05,5.1,4.81,4.87,5.05,-0.18,-3.5644,102740.5,50477.82,0.73,13.86,4.5,4.63,4.89,5.15,5.67,4.95,44.01
20220117,4.99,5.13,4.95,5.05,4.97,0.08,1.6097,77324.5,39100.169,0.73,13.86,4.5,4.63,4.89,5.15,5.67,4.95,77.64
20220114,5.1,5.14,4.9,4.97,5.08,-0.11,-2.1654,90094.3,45075.1,0.73,13.86,4.5,4.63,4.89,5.15,5.67,4.95,62.53
20220113,5.01,5.2,4.97,5.08,5.07,0.01,0.1972,131975.0,67085.721,0.73,13.86,4.5,4.63,4.89,5.15,5.67,4.94,77.0
20220112,5.1,5.17,4.98,5.07,4.96,0.11,2.2177,130024.07,65801.709,0.73,13.86,4.5,4.63,4.89,5.15,5.67,4.94,77.66
20220111,4.87,5.1,4.87,4.96,4.87,0.09,1.848,112321.0,56015.897,0.73,13.86,4.5,4.63,4.76,5.15,5.67,4.93,67.88
20220110,4.78,4.9,4.74,4.87,4.79,0.08,1.6701,58977.0,28574.985,0.73,13.86,4.5,4.5,4.76,5.15,5.8,4.93,53.39
20220107,4.93,4.93,4.75,4.79,4.88,-0.09,-1.8443,68911.72,33277.218,0.73,13.86,4.5,4.5,4.76,5.15,5.8,4.93,53.23
20220106,4.82,4.97,4.82,4.88,4.83,0.05,1.0352,64459.36,31545.804,0.73,13.86,4.5,4.5,4.76,5.15,5.8,4.93,53.04
20220105,4.82,4.9,4.79,4.83,4.82,0.01,0.2075,89138.01,43151.573,0.73,13.86,4.5,4.5,4.76,5.28,5.8,4.93,53.87
20220104,4.76,4.88,4.73,4.82,4.74,0.08,1.6878,107998.54,52129.637,0.73,13.86,4.5,4.5,4.76,5.28,5.8,4.93,54.17
20211231,4.71,4.81,4.71,4.74,4.72,0.02,0.4237,57401.01,27286.543,0.73,13.86,4.5,4.5,4.76,5.28,5.8,4.93,38.42
20211230,4.69,4.75,4.67,4.72,4.69,0.03,0.6397,34006.0,16050.991,0.73,13.86,4.37,4.5,4.76,5.28,5.8,4.94,38.32
20211229,4.66,4.72,4.63,4.69,4.69,0.0,0.0,41159.0,19270.964,0.73,13.86,4.37,4.5,4.76,5.28,5.8,4.94,37.93
20211228,4.69,4.71,4.63,4.69,4.67,0.02,0.4283,45869.26,21421.888,0.73,13.86,4.37,4.5,4.76,5.28,5.8,4.94,37.46
20211227,4.6,4.7,4.58,4.67,4.58,0.09,1.9651,64774.0,30072.574,0.73,13.86,4.37,4.5,4.76,5.28,5.8,4.94,36.94
20211224,4.69,4.7,4.56,4.58,4.68,-0.1,-2.1368,66487.4,30686.642,0.73,13.86,4.37,4.5,4.89,5.28,5.8,4.95,18.47
20211223,4.75,4.77,4.66,4.68,4.74,-0.06,-1.2658,61917.53,29078.004,0.73,13.86,4.37,4.5,4.89,5.28,5.8,4.96,34.72
20211222,4.87,4.88,4.73,4.74,4.82,-0.08,-1.6598,70791.0,33741.404,0.73,13.86,4.37,4.5,4.89,5.28,5.8,4.96,34.55
20211221,4.67,4.83,4.67,4.82,4.68,0.14,2.9915,105512.09,50428.029,0.73,13.86,4.37,4.5,4.89,5.28,5.8,4.96,46.77
20211220,4.64,4.73,4.64,4.68,4.65,0.03,0.6452,59631.15,27920.005,0.73,13.86,4.37,4.5,4.89,5.28,5.8,4.97,35.81
20211217,4.69,4.69,4.6,4.65,4.67,-0.02,-0.4283,47387.21,22017.87,0.73,13.86,4.37,4.5,4.89,5.28,5.8,4.97,35.07
20211216,4.59,4.68,4.58,4.67,4.58,0.09,1.9651,41762.02,19374.258,0.73,13.86,4.37,4.5,4.89,5.28,5.8,4.98,34.3
20211215,4.56,4.62,4.55,4.58,4.57,0.01,0.2188,28234.01,12961.183,0.73,13.86,4.37,4.5,4.89,5.28,5.8,4.98,19.88
20211214,4.62,4.62,4.54,4.57,4.62,-0.05,-1.0823,32690.0,14936.958,0.73,13.86,4.37,4.5,4.89,5.28,5.8,4.98,19.39
20211213,4.6,4.69,4.58,4.62,4.57,0.05,1.0941,31998.5,14838.92,0.73,13.86,4.37,4.5,4.89,5.28,5.8,4.99,18.82
20211210,4.56,4.6,4.51,4.57,4.56,0.01,0.2193,27388.0,12501.605,0.73,13.86,4.37,4.5,4.89,5.28,5.8,4.99,18.88
20211209,4.52,4.56,4.48,4.56,4.51,0.05,1.1086,24191.0,10931.636,0.73,13.86,4.37,4.5,4.89,5.28,5.8,4.99,18.39
20211208,4.58,4.59,4.5,4.51,4.55,-0.04,-0.8791,32807.0,14824.193,0.73,13.86,4.37,4.5,4.89,5.28,5.8,5.0,17.87
20211207,4.6,4.65,4.53,4.55,4.58,-0.03,-0.655,31461.52,14415.268,0.73,13.86,4.37,4.5,4.89,5.28,5.8,5.0,17.28
20211206,4.65,4.7,4.56,4.58,4.68,-0.1,-2.1368,29604.02,13687.662,0.73,13.86,4.37,4.5,4.89,5.28,5.8,5.01,17.02
20211203,4.64,4.72,4.62,4.68,4.61,0.07,1.5184,29232.0,13690.922,0.73,13.86,4.37,4.5,4.89,5.28,5.8,5.01,28.76
20211202,4.66,4.74,4.61,4.61,4.66,-0.05,-1.073,28442.0,13257.714,0.73,13.86,4.37,4.5,4.89,5.28,5.8,5.01,16.8
20211201,4.57,4.68,4.55,4.66,4.59,0.07,1.5251,39382.46,18281.384,0.73,13.86,4.37,4.5,4.89,5.28,5.93,5.01,27.69
20211130,4.53,4.59,4.49,4.59,4.5,0.09,2.0,27405.93,12481.51,0.73,13.86,4.37,4.5,4.89,5.28,5.93,5.02,16.89
20211129,4.58,4.58,4.47,4.5,4.62,-0.12,-2.5974,34996.41,15780.505,0.73,13.86,4.37,4.5,4.89,5.28,5.93,5.02,6.42
20211126,4.63,4.64,4.55,4.62,4.65,-0.03,-0.6452,22792.0,10456.623,0.73,13.86,4.37,4.5,4.89,5.28,5.93,5.03,15.5
20211125,4.62,4.67,4.59,4.65,4.61,0.04,0.8677,36979.0,17117.935,0.73,13.86,4.37,4.5,4.89,5.28,5.93,5.03,25.06
20211124,4.59,4.62,4.56,4.61,4.59,0.02,0.4357,17320.0,7948.178,0.73,13.86,4.37,4.5,5.02,5.28,5.93,5.03,15.33
20211123,4.6,4.63,4.57,4.59,4.6,-0.01,-0.2174,16991.1,7807.509,0.73,13.86,4.37,4.5,5.02,5.28,5.93,5.04,15.0
20211122,4.65,4.66,4.53,4.6,4.66,-0.06,-1.2876,35042.0,16072.971,0.73,13.86,4.37,4.63,5.02,5.28,5.93,5.04,14.68
20211119,4.59,4.77,4.55,4.66,4.6,0.06,1.3043,35311.0,16440.86,0.73,13.86,4.37,4.63,5.02,5.28,5.93,5.04,22.75
20211118,4.69,4.69,4.58,4.6,4.68,-0.08,-1.7094,21611.0,9989.138,0.73,13.86,4.37,4.63,5.02,5.41,5.93,5.05,14.42
20211117,4.58,4.8,4.54,4.68,4.57,0.11,2.407,34516.53,16078.502,0.73,13.86,4.37,4.63,5.02,5.41,5.93,5.05,21.83
20211116,4.57,4.66,4.57,4.57,4.62,-0.05,-1.0823,22401.01,10290.062,0.73,13.86,4.37,4.63,5.02,5.41,5.93,5.05,14.28
20211115,4.52,4.66,4.51,4.62,4.51,0.11,2.439,27680.0,12700.898,0.73,13.86,4.37,4.63,5.02,5.41,5.93,5.06,14.07
20211112,4.53,4.53,4.46,4.51,4.51,0.0,0.0,20112.0,9045.095,0.73,13.86,4.37,4.63,5.02,5.41,5.93,5.06,13.81
20211111,4.52,4.56,4.5,4.51,4.53,-0.02,-0.4415,20332.02,9212.323,0.73,13.86,4.37,4.63,5.02,5.41,5.93,5.06,13.34
20211110,4.45,4.54,4.41,4.53,4.44,0.09,2.027,30090.02,13433.83,0.73,13.86,4.37,4.63,5.02,5.41,5.93,5.06,12.95
20211109,4.41,4.46,4.38,4.44,4.4,0.04,0.9091,26882.37,11850.758,0.73,13.86,4.37,4.63,5.02,5.41,5.93,5.07,6.52
20211108,4.41,4.42,4.36,4.4,4.39,0.01,0.2278,23271.65,10220.503,0.73,13.86,4.37,4.63,5.02,5.41,5.93,5.07,5.94
20211105,4.45,4.47,4.32,4.39,4.43,-0.04,-0.9029,20616.0,9059.509,0.73,13.86,4.37,4.63,5.02,5.41,5.93,5.08,5.34
20211104,4.41,4.47,4.4,4.43,4.41,0.02,0.4535,17058.03,7558.718,0.73,13.86,4.5,4.63,5.02,5.41,5.93,5.08,4.81
20211103,4.37,4.44,4.32,4.41,4.39,0.02,0.4556,19371.03,8467.284,0.73,13.86,4.5,4.63,5.02,5.41,5.93,5.09,4.43
20211102,4.46,4.5,4.3,4.39,4.45,-0.06,-1.3483,38682.01,16914.359,0.73,13.86,4.5,4.63,5.02,5.41,5.93,5.09,3.93
20211101,4.42,4.51,4.41,4.45,4.48,-0.03,-0.6696,26359.41,11744.943,0.73,13.86,4.5,4.76,5.02,5.41,5.93,5.1,2.91
20211029,4.4,4.49,4.29,4.48,4.39,0.09,2.0501,31432.0,13816.239,0.73,13.86,4.5,4.76,5.02,5.41,5.93,5.1,2.57
20211028,4.52,4.59,4.39,4.39,4.6,-0.21,-4.5652,41831.41,18642.146,0.73,13.86,4.5,4.76,5.02,5.41,5.93,5.11,1.73
20211027,4.59,4.61,4.49,4.6,4.56,0.04,0.8772,46994.0,21343.801,0.73,13.86,4.5,4.76,5.02,5.41,5.93,5.12,5.31
20211026,4.69,4.74,4.55,4.56,4.73,-0.17,-3.5941,36997.54,17117.469,0.73,13.86,4.63,4.76,5.02,5.41,5.93,5.13,4.08
20211025,4.8,4.82,4.72,4.73,4.82,-0.09,-1.8672,23386.0,11122.023,0.73,13.86,4.63,4.76,5.02,5.41,5.93,5.13,9.72
20211022,4.8,4.82,4.72,4.82,4.78,0.04,0.8368,29063.4,13874.906,0.73,13.86,4.63,4.76,5.02,5.41,5.93,5.13,19.85
20211021,4.87,4.87,4.76,4.78,4.82,-0.04,-0.8299,24092.2,11559.322,0.73,13.86,4.63,4.76,5.02,5.41,5.93,5.14,19.23
20211020,4.98,4.98,4.81,4.82,4.93,-0.11,-2.2312,36829.0,17834.348,0.73,13.86,4.63,4.76,5.02,5.41,5.93,5.14,18.8
20211019,4.9,5.0,4.9,4.93,5.0,-0.07,-1.4,24510.0,12112.426,0.73,13.86,4.63,4.76,5.02,5.41,5.93,5.14,37.34
20211018,4.96,5.02,4.89,5.0,4.97,0.03,0.6036,38135.0,18945.058,0.73,13.86,4.63,4.76,5.02,5.41,5.93,5.14,37.05
20211015,5.0,5.08,4.95,4.97,5.05,-0.08,-1.5842,40067.0,20071.113,0.73,13.86,4.63,4.76,5.02,5.41,5.93,5.15,36.59
20211014,5.08,5.11,4.98,5.05,5.08,-0.03,-0.5906,43191.1,21744.359,0.73,13.86,4.63,4.76,5.02,5.41,5.93,5.15,54.8
20211013,5.0,5.15,4.98,5.08,5.02,0.06,1.1952,51263.1,25997.01,0.73,13.86,4.63,4.76,5.02,5.41,5.93,5.15,54.37
20211012,4.96,5.14,4.94,5.02,5.0,0.02,0.4,57764.0,29090.956,0.73,13.86,4.63,4.76,5.02,5.41,5.93,5.15,37.22
20211011,4.98,5.05,4.87,5.0,4.98,0.02,0.4016,58107.0,28784.319,0.73,13.86,4.63,4.76,5.02,5.41,5.93,5.15,37.67
20211008,4.77,5.0,4.74,4.98,4.72,0.26,5.5085,57814.19,28366.171,0.73,13.86,4.63,4.76,5.02,5.41,5.93,5.15,37.21
20210930,4.7,4.78,4.65,4.72,4.65,0.07,1.5054,20839.09,9796.673,0.73,13.86,4.63,4.76,5.02,5.41,5.93,5.16,10.85
20210929,4.76,4.81,4.65,4.65,4.81,-0.16,-3.3264,38138.0,17997.916,0.73,13.86,4.63,4.76,5.02,5.41,5.93,5.16,10.63
20210928,4.79,4.86,4.66,4.81,4.8,0.01,0.2083,52897.03,25108.157,0.73,13.86,4.63,4.76,5.02,5.54,5.93,5.17,18.47
20210927,5.08,5.18,4.74,4.8,5.15,-0.35,-6.7961,89646.01,43882.301,0.73,13.86,4.63,4.76,5.15,5.54,5.93,5.17,17.22
20210924,5.22,5.25,5.07,5.15,5.2,-0.05,-0.9615,54078.5,27785.93,0.73,13.86,4.63,4.76,5.15,5.54,5.93,5.18,48.92
20210923,5.3,5.33,5.19,5.2,5.29,-0.09,-1.7013,80774.34,42302.054,0.73,13.86,4.63,4.76,5.15,5.54,5.93,5.18,66.97
20210922,5.2,5.34,5.14,5.29,5.33,-0.04,-0.7505,107127.01,56214.767,0.73,13.86,4.63,4.76,5.02,5.54,5.93,5.17,78.32
20210917,4.98,5.39,4.95,5.33,4.98,0.35,7.0281,223807.02,117414.823,0.73,13.86,4.5,4.76,5.02,5.54,5.93,5.17,77.79
20210916,4.92,5.18,4.87,4.98,4.89,0.09,1.8405,162708.54,82147.168,0.73,13.86,4.5,4.76,5.02,5.54,5.93,5.17,38.35
20210915,4.85,4.95,4.78,4.89,4.87,0.02,0.4107,48930.41,23746.955,0.73,13.86,4.5,4.76,5.02,5.67,5.93,5.18,20.62
20210914,4.97,5.01,4.85,4.87,4.94,-0.07,-1.417,37617.01,18522.128,0.73,13.86,4.5,4.76,5.02,5.67,5.93,5.18,20.26
20210913,4.84,4.95,4.8,4.94,4.87,0.07,1.4374,41989.0,20462.847,0.73,13.86,4.5,4.76,5.02,5.67,5.93,5.18,37.5
20210910,4.94,4.98,4.83,4.87,4.94,-0.07,-1.417,38251.0,18724.439,0.73,13.86,4.5,4.76,5.02,5.67,5.93,5.19,20.03
20210909,4.99,5.0,4.93,4.94,5.0,-0.06,-1.2,37395.01,18538.491,0.73,13.86,4.5,4.76,5.02,5.67,5.93,5.19,36.16
20210908,4.92,5.0,4.91,5.0,4.91,0.09,1.833,41713.02,20679.594,0.73,13.86,4.5,4.76,5.15,5.67,5.93,5.19,35.72
20210907,4.87,4.96,4.84,4.91,4.88,0.03,0.6148,37897.01,18582.079,0.73,13.86,4.5,4.76,5.15,5.67,5.93,5.19,35.21
20210906,4.9,4.96,4.85,4.88,4.94,-0.06,-1.2146,48436.0,23624.63,0.73,13.86,4.5,4.76,5.15,5.67,5.93,5.2,20.71
20210903,4.92,5.03,4.9,4.94,4.92,0.02,0.4065,34549.0,17092.043,0.73,13.86,4.5,4.76,5.15,5.67,5.93,5.2,33.69
20210902,4.95,5.0,4.91,4.92,4.98,-0.06,-1.2048,32096.0,15875.044,0.73,13.86,4.5,4.76,5.15,5.67,5.93,5.2,33.59
20210901,4.96,5.03,4.85,4.98,4.96,0.02,0.4032,49912.0,24707.164,0.73,13.86,4.5,4.76,5.15,5.67,5.93,5.21,33.18
20210831,5.1,5.1,4.94,4.96,5.06,-0.1,-1.9763,79897.96,40014.232,0.73,13.86,4.5,4.76,5.15,5.67,5.93,5.21,32.72
20210830,4.89,5.26,4.78,5.06,4.84,0.22,4.5455,121619.01,61364.043,0.73,13.86,4.5,4.76,5.15,5.67,5.93,5.21,44.62
20210827,4.87,4.91,4.8,4.84,4.87,-0.03,-0.616,32495.0,15743.661,0.73,13.86,4.5,4.76,5.15,5.67,6.06,5.22,22.19
20210826,4.87,4.91,4.83,4.87,4.9,-0.03,-0.6122,33111.41,16104.646,0.73,13.86,4.5,4.76,5.15,5.67,6.06,5.22,21.97
20210825,4.9,4.94,4.85,4.9,4.93,-0.03,-0.6085,33521.02,16398.175,0.73,13.86,4.5,4.76,5.15,5.67,6.06,5.23,31.37
20210824,4.81,4.95,4.73,4.93,4.8,0.13,2.7083,85162.0,41263.523,0.73,13.86,4.5,4.63,5.15,5.67,6.06,5.23,30.78
20210823,4.67,4.95,4.66,4.8,4.7,0.1,2.1277,86053.0,41377.978,0.73,13.86,4.5,4.63,5.15,5.67,6.06,5.24,20.72
20210820,4.59,4.79,4.5,4.7,4.63,0.07,1.5119,61877.45,28953.396,0.73,13.86,4.5,4.63,5.15,5.8,6.06,5.25,15.35
20210819,4.57,4.66,4.57,4.63,4.61,0.02,0.4338,19851.0,9149.006,0.73,13.86,4.5,4.76,5.15,5.8,6.06,5.26,7.35
20210818,4.6,4.62,4.55,4.61,4.61,0.0,0.0,27230.45,12507.2,0.73,13.86,4.5,4.76,5.15,5.8,6.06,5.26,7.12
20210817,4.65,4.67,4.54,4.61,4.66,-0.05,-1.073,36592.5,16818.508,0.73,13.86,4.5,4.76,5.15,5.8,6.06,5.27,6.54
20210816,4.65,4.73,4.64,4.66,4.67,-0.01,-0.2141,22558.01,10571.511,0.73,13.86,4.5,4.76,5.15,5.8,6.06,5.28,12.26
20210813,4.63,4.71,4.55,4.67,4.62,0.05,1.0823,38832.0,17938.388,0.73,13.86,4.5,4.76,5.15,5.8,6.06,5.28,11.81
20210812,4.64,4.67,4.61,4.62,4.63,-0.01,-0.216,19763.0,9166.054,0.73,13.86,4.5,4.89,5.15,5.8,6.06,5.29,5.68
20210811,4.68,4.72,4.6,4.63,4.68,-0.05,-1.0684,39185.0,18160.348,0.73,13.86,4.5,4.89,5.15,5.8,6.06,5.29,5.63
20210810,4.59,4.7,4.58,4.68,4.61,0.07,1.5184,22924.0,10678.92,0.73,13.86,4.5,4.89,5.15,5.8,6.06,5.3,9.38
20210809,4.55,4.62,4.53,4.61,4.55,0.06,1.3187,20481.0,9388.761,0.73,13.86,4.5,4.89,5.15,5.8,6.06,5.3,5.48
20210806,4.52,4.59,4.44,4.55,4.48,0.07,1.5625,22829.0,10307.677,0.73,13.86,4.5,4.89,5.15,5.8,6.06,5.31,5.03
20210805,4.58,4.58,4.47,4.48,4.57,-0.09,-1.9694,22404.0,10106.8,0.73,13.86,4.63,4.89,5.15,5.8,6.06,5.31,1.33
20210804,4.62,4.65,4.57,4.57,4.62,-0.05,-1.0823,19954.0,9195.857,0.73,13.86,4.63,4.89,5.15,5.8,6.06,5.32,3.86
20210803,4.6,4.72,4.6,4.62,4.66,-0.04,-0.8584,22466.01,10481.953,0.73,13.86,4.63,4.89,5.28,5.8,6.06,5.32,3.6
20210802,4.53,4.67,4.47,4.66,4.59,0.07,1.5251,28002.0,12803.579,0.73,13.86,4.63,4.89,5.28,5.8,6.06,5.33,5.78
20210730,4.53,4.65,4.53,4.59,4.59,0.0,0.0,21697.0,9967.177,0.73,13.86,4.76,4.89,5.28,5.8,6.06,5.34,3.01
20210729,4.49,4.66,4.47,4.59,4.44,0.15,3.3784,29569.0,13490.265,0.73,13.86,4.76,4.89,5.28,5.8,6.06,5.34,2.73
20210728,4.65,4.68,4.41,4.44,4.64,-0.2,-4.3103,41376.04,18613.106,0.73,13.86,4.76,4.89,5.28,5.8,6.06,5.35,1.11
20210727,4.78,4.82,4.64,4.64,4.76,-0.12,-2.521,34940.06,16411.968,0.73,13.86,4.76,5.02,5.28,5.8,6.06,5.36,2.34
20210726,4.94,4.94,4.68,4.76,4.92,-0.16,-3.252,45418.0,21744.604,0.73,13.86,4.89,5.02,5.28,5.8,6.06,5.36,1.87
20210723,4.99,5.06,4.91,4.92,5.03,-0.11,-2.1869,25623.0,12746.263,0.73,13.86,4.89,5.02,5.28,5.8,6.06,5.37,12.25
20210722,4.94,5.07,4.87,5.03,4.92,0.11,2.2358,40794.18,20344.65,0.73,13.86,4.89,5.02,5.28,5.8,6.06,5.37,25.52
20210721,4.95,4.99,4.86,4.92,4.94,-0.02,-0.4049,37884.18,18659.925,0.73,13.86,4.89,5.02,5.28,5.8,6.06,5.38,11.33
20210720,4.9,5.04,4.81,4.94,4.95,-0.01,-0.202,41889.0,20560.313,0.73,13.86,4.89,5.02,5.28,5.8,6.06,5.38,10.31
20210719,4.94,4.96,4.88,4.95,4.96,-0.01,-0.2016,21270.0,10449.853,0.73,13.86,4.89,5.02,5.28,5.8,6.06,5.39,9.54
20210716,4.96,5.06,4.95,4.96,4.96,0.0,0.0,38987.46,19480.921,0.73,13.86,4.89,5.02,5.28,5.8,6.06,5.39,8.95
20210715,4.94,4.98,4.86,4.96,4.98,-0.02,-0.4016,38976.21,19208.824,0.73,13.86,4.89,5.02,5.28,5.8,6.06,5.4,8.47
20210714,5.07,5.11,4.95,4.98,5.09,-0.11,-2.1611,63059.06,31656.35,0.73,13.86,4.89,5.02,5.28,5.8,6.06,5.4,7.39
20210713,5.15,5.15,5.04,5.09,5.07,0.02,0.3945,42895.06,21777.558,0.73,13.86,4.89,5.02,5.28,5.8,6.06,5.41,18.43
20210712,5.13,5.2,5.06,5.07,5.1,-0.03,-0.5882,35439.0,18165.617,0.73,13.86,4.89,5.02,5.28,5.8,6.06,5.42,17.58
20210709,5.05,5.24,5.04,5.1,5.11,-0.01,-0.1957,38504.0,19713.984,0.73,13.86,4.89,5.02,5.28,5.8,6.06,5.42,17.26
20210708,5.24,5.24,5.03,5.11,5.25,-0.14,-2.6667,58307.05,29798.446,0.73,13.86,4.89,5.02,5.28,5.8,6.06,5.42,16.89
20210707,5.24,5.26,5.19,5.25,5.26,-0.01,-0.1901,29295.0,15313.289,0.73,13.86,4.89,5.02,5.28,5.8,6.06,5.43,37.21
20210706,5.26,5.28,5.2,5.26,5.26,0.0,0.0,33804.02,17718.383,0.73,13.86,4.89,5.02,5.28,5.8,6.06,5.43,36.82
20210705,5.17,5.29,5.12,5.26,5.17,0.09,1.7408,41006.47,21430.432,0.73,13.86,4.89,5.02,5.28,5.8,6.06,5.43,36.38
20210702,5.16,5.25,5.1,5.17,5.16,0.01,0.1938,39227.6,20341.744,0.73,13.86,4.89,5.02,5.28,5.8,6.06,5.44,36.01
20210701,5.14,5.18,5.05,5.16,5.1,0.06,1.1765,30618.6,15677.54,0.73,13.86,4.89,5.02,5.28,5.8,6.06,5.44,35.31
20210630,5.2,5.22,5.06,5.1,5.2,-0.1,-1.9231,32388.01,16615.608,0.73,13.86,4.89,5.02,5.28,5.8,6.06,5.44,16.55
20210629,5.1,5.33,5.1,5.2,5.1,0.1,1.9608,48911.0,25546.958,0.73,13.86,4.89,5.02,5.28,5.8,6.06,5.45,34.04
20210628,5.09,5.28,5.01,5.1,5.05,0.05,0.9901,44899.0,23081.082,0.73,13.86,4.89,5.02,5.28,5.8,6.06,5.45,16.37
20210625,5.05,5.1,4.97,5.05,5.07,-0.02,-0.3945,23545.0,11854.231,0.73,13.86,4.89,5.02,5.41,5.93,6.06,5.45,15.64
20210624,4.98,5.18,4.9,5.07,4.96,0.11,2.2177,48101.01,24317.221,0.73,13.86,4.89,5.02,5.41,5.93,6.06,5.46,15.04
20210623,5.01,5.01,4.94,4.96,4.98,-0.02,-0.4016,18437.0,9150.651,0.73,13.86,4.89,5.15,5.41,5.93,6.06,5.46,8.26
20210622,5.03,5.03,4.93,4.98,4.98,0.0,0.0,22052.11,10969.865,0.73,13.86,4.89,5.15,5.41,5.93,6.06,5.47,7.82
20210621,4.95,5.05,4.85,4.98,4.88,0.1,2.0492,32860.99,16320.772,0.73,13.86,4.89,5.15,5.41,5.93,6.06,5.47,7.53
20210618,4.86,4.9,4.82,4.88,4.85,0.03,0.6186,27300.0,13255.868,0.73,13.86,4.89,5.15,5.41,5.93,6.06,5.48,3.82
20210617,4.99,4.99,4.83,4.85,4.99,-0.14,-2.8056,47225.99,23091.087,0.73,13.86,4.89,5.15,5.41,5.93,6.06,5.48,3.44
20210616,5.18,5.18,4.97,4.99,5.16,-0.17,-3.2946,45860.0,23080.039,0.73,13.86,5.02,5.15,5.41,5.93,6.06,5.49,4.7
20210615,5.2,5.2,5.13,5.16,5.15,0.01,0.1942,23212.0,11964.675,0.73,13.86,5.02,5.15,5.41,5.93,6.06,5.5,26.24
20210611,5.13,5.23,5.13,5.15,5.14,0.01,0.1946,32037.0,16622.3,0.73,13.86,5.02,5.15,5.41,5.93,6.06,5.5,8.85
20210610,5.19,5.19,5.12,5.14,5.2,-0.06,-1.1538,34630.02,17849.43,0.73,13.86,5.02,5.15,5.41,5.93,6.06,5.5,8.8
20210609,5.18,5.25,5.17,5.2,5.19,0.01,0.1927,25492.01,13263.627,0.73,13.86,5.02,5.15,5.41,5.93,6.06,5.51,24.3
20210608,5.25,5.25,5.13,5.19,5.21,-0.02,-0.3839,39531.41,20445.13,0.73,13.86,5.02,5.15,5.41,5.93,6.06,5.51,23.85
20210607,5.31,5.37,5.17,5.21,5.34,-0.13,-2.4345,67454.0,35312.645,0.73,13.86,5.02,5.15,5.41,5.93,6.06,5.51,22.96
20210604,5.27,5.68,5.19,5.34,5.25,0.09,1.7143,120859.41,65632.195,0.73,13.86,5.02,5.15,5.41,5.93,6.06,5.52,40.72
20210603,5.28,5.34,5.24,5.25,5.27,-0.02,-0.3795,26446.0,13949.102,0.73,13.86,4.89,5.15,5.41,5.93,6.06,5.52,23.29
20210602,5.33,5.37,5.25,5.27,5.37,-0.1,-1.8622,34467.03,18269.841,0.73,13.86,4.89,5.15,5.41,5.93,6.06,5.52,23.1
20210601,5.32,5.43,5.26,5.37,5.36,0.01,0.1866,56688.98,30312.903,0.73,13.86,4.89,5.15,5.41,5.93,6.06,5.52,40.48
20210531,5.22,5.4,5.13,5.36,5.16,0.2,3.876,94680.01,50019.114,0.73,13.86,4.89,5.15,5.41,5.93,6.06,5.53,40.04
20210528,5.16,5.26,5.13,5.16,5.13,0.03,0.5848,35480.0,18410.262,0.73,13.86,4.89,5.15,5.41,5.93,6.06,5.53,23.0
20210527,5.17,5.2,5.1,5.13,5.17,-0.04,-0.7737,35430.0,18272.841,0.73,13.86,4.89,5.15,5.41,5.93,6.06,5.54,9.75
20210526,5.2,5.25,5.16,5.17,5.21,-0.04,-0.7678,44111.29,22904.621,0.73,13.86,4.89,5.15,5.41,5.93,6.06,5.54,21.4
20210525,5.18,5.31,5.11,5.21,5.18,0.03,0.5792,44816.29,23325.468,0.73,13.86,4.89,5.15,5.41,5.93,6.06,5.55,20.57
20210524,5.1,5.25,5.1,5.18,5.1,0.08,1.5686,38187.65,19826.547,0.73,13.86,4.89,5.15,5.54,5.93,6.06,5.55,19.91
20210521,5.07,5.16,5.04,5.1,5.07,0.03,0.5917,31009.2,15816.167,0.73,13.86,4.89,5.15,5.54,5.93,6.06,5.56,9.82
20210520,5.16,5.17,4.97,5.07,5.16,-0.09,-1.7442,62398.2,31526.527,0.73,13.86,4.89,5.15,5.54,5.93,6.06,5.56,9.45
20210519,5.18,5.21,5.11,5.16,5.22,-0.06,-1.1494,35670.46,18408.436,0.73,13.86,4.89,5.15,5.54,5.93,6.06,5.57,16.48
20210518,5.25,5.29,5.18,5.22,5.16,0.06,1.1628,36308.21,19010.524,0.73,13.86,4.89,5.15,5.54,5.93,6.06,5.58,15.59
20210517,5.25,5.26,5.13,5.16,5.29,-0.13,-2.4575,50607.73,26168.806,0.73,13.86,4.89,5.15,5.54,5.93,6.06,5.58,15.22
20210514,5.3,5.34,5.23,5.29,5.31,-0.02,-0.3766,51253.0,27041.489,0.73,13.86,4.89,5.28,5.54,5.93,6.06,5.59,28.89
20210513,5.37,5.48,5.29,5.31,5.43,-0.12,-2.2099,59681.0,32031.006,0.73,13.86,4.89,5.28,5.54,5.93,6.06,5.59,27.83
20210512,5.36,5.51,5.3,5.43,5.37,0.06,1.1173,74723.02,40491.53,0.73,13.86,4.89,5.28,5.54,5.93,6.06,5.6,42.69
20210511,5.38,5.4,5.26,5.37,5.41,-0.04,-0.7394,49288.02,26274.852,0.73,13.86,4.89,5.28,5.54,5.93,6.06,5.6,27.87
20210510,5.43,5.44,5.32,5.41,5.38,0.03,0.5576,61839.0,33308.192,0.73,13.86,4.89,5.28,5.54,5.93,6.06,5.6,26.85
20210507,5.27,5.44,5.17,5.38,5.27,0.11,2.0873,80089.0,42581.338,0.73,13.86,4.89,5.28,5.67,5.93,6.06,5.61,26.47
20210506,5.18,5.34,5.14,5.27,5.21,0.06,1.1516,60646.0,31735.665,0.73,13.86,4.89,5.15,5.67,5.93,6.06,5.62,15.08
20210430,5.47,5.54,5.12,5.21,5.49,-0.28,-5.1002,121045.0,64266.855,0.73,13.86,4.89,5.28,5.67,5.93,6.06,5.63,14.06
20210429,5.38,5.93,5.3,5.49,5.41,0.08,1.4787,162211.0,91059.369,0.73,13.86,4.76,5.28,5.67,5.93,6.06,5.64,33.79
20210428,5.69,5.69,5.39,5.41,5.67,-0.26,-4.5855,107011.0,58533.512,0.73,13.86,4.76,5.28,5.67,5.93,6.19,5.64,22.96
20210427,5.55,5.7,5.4,5.67,5.66,0.01,0.1767,99062.0,54906.979,0.73,13.86,4.76,5.28,5.67,5.93,6.19,5.64,42.66
20210426,5.6,5.8,5.58,5.66,5.91,-0.25,-4.2301,114214.0,64781.194,0.73,13.86,4.76,5.15,5.67,5.93,6.19,5.65,41.62
20210423,5.89,5.94,5.7,5.91,5.96,-0.05,-0.8389,112698.24,65472.007,0.73,13.86,4.76,5.15,5.67,5.93,6.19,5.64,67.99
20210422,6.01,6.14,5.89,5.96,6.07,-0.11,-1.8122,116873.0,69745.62,0.73,13.86,4.76,5.15,5.67,6.06,6.19,5.63,84.68
20210421,5.98,6.31,5.91,6.07,6.03,0.04,0.6633,194763.48,118474.93,0.73,13.86,4.76,5.15,5.67,5.93,6.19,5.62,94.27
20210420,5.94,6.28,5.81,6.03,5.91,0.12,2.0305,275150.47,165566.169,0.73,13.86,4.76,5.15,5.67,5.93,6.06,5.58,89.86
20210419,5.96,6.05,5.71,5.91,5.96,-0.05,-0.8389,278682.46,164225.287,0.73,13.86,4.76,5.15,5.54,5.93,6.06,5.53,83.06
20210416,5.65,5.96,5.57,5.96,5.42,0.54,9.9631,273896.64,161873.445,0.73,13.86,4.63,5.02,5.41,5.8,6.06,5.5,94.34
20210415,5.7,5.7,5.32,5.42,5.72,-0.3,-5.2448,112696.0,61737.823,0.73,13.86,4.63,5.02,5.41,5.8,6.06,5.46,55.71
20210414,5.67,5.73,5.46,5.72,5.66,0.06,1.0601,89981.0,50352.095,0.73,13.86,4.63,5.02,5.41,5.8,6.06,5.46,76.25
20210413,5.95,6.06,5.61,5.66,6.01,-0.35,-5.8236,155288.0,89536.783,0.73,13.86,4.63,5.02,5.41,5.8,6.06,5.45,66.56
20210412,5.82,6.19,5.74,6.01,5.85,0.16,2.735,183217.58,109108.911,0.73,13.86,4.63,5.02,5.41,5.8,6.06,5.43,93.75
20210409,5.6,6.1,5.56,5.85,5.66,0.19,3.3569,178713.01,104944.451,0.73,13.86,4.63,4.89,5.41,5.8,5.93,5.4,90.32
20210408,5.8,5.98,5.65,5.66,5.78,-0.12,-2.0761,185763.6,107845.154,0.73,13.86,4.63,4.89,5.28,5.67,5.93,5.36,79.59
20210407,5.56,6.1,5.43,5.78,5.55,0.23,4.1441,276281.6,158557.404,0.73,13.86,4.63,4.89,5.28,5.67,5.93,5.33,90.4
20210406,5.38,5.56,5.25,5.55,5.4,0.15,2.7778,113041.0,61563.087,0.73,13.86,4.5,4.89,5.28,5.54,5.8,5.28,91.93
20210402,5.53,5.62,5.35,5.4,5.56,-0.16,-2.8777,146985.5,80409.825,0.73,13.86,4.5,4.89,5.28,5.54,5.8,5.27,61.31
20210401,5.4,5.62,5.2,5.56,5.37,0.19,3.5382,195993.0,106854.313,0.73,13.86,4.5,4.89,5.28,5.54,5.8,5.26,91.68
20210331,5.37,5.65,5.27,5.37,5.47,-0.1,-1.8282,170482.5,93133.141,0.73,13.86,4.5,4.76,5.28,5.54,5.8,5.25,66.85
20210330,5.22,5.57,5.14,5.47,5.28,0.19,3.5985,167070.0,89462.4,0.73,13.86,4.5,4.76,5.28,5.41,5.8,5.23,85.09
20210329,5.37,5.38,5.2,5.28,5.36,-0.08,-1.4925,82608.0,43439.592,0.73,13.86,4.5,4.76,5.28,5.41,5.8,5.23,47.62
20210326,5.42,5.43,5.28,5.36,5.45,-0.09,-1.6514,124814.2,66857.038,0.73,13.86,4.5,4.76,5.28,5.54,5.8,5.22,69.37
20210325,5.3,5.46,5.18,5.45,5.36,0.09,1.6791,139141.58,74189.22,0.73,13.86,4.5,4.76,5.28,5.54,5.8,5.22,84.43
20210324,5.31,5.5,5.23,5.36,5.33,0.03,0.5629,157387.66,84175.967,0.73,13.86,4.5,4.76,5.15,5.54,5.93,5.21,71.01
20210323,5.43,5.48,5.24,5.33,5.54,-0.21,-3.7906,187369.08,99936.651,0.73,13.86,4.5,4.76,5.15,5.54,5.93,5.2,71.56
20210322,5.4,5.86,5.25,5.54,5.4,0.14,2.5926,366301.51,198976.371,0.73,13.86,4.5,4.76,5.15,5.54,5.93,5.19,82.53
20210319,4.87,5.4,4.83,5.4,4.91,0.49,9.9796,179703.51,95782.119,0.73,13.86,4.5,4.63,5.02,5.41,5.93,5.13,80.05
20210318,4.89,4.99,4.86,4.91,4.99,-0.08,-1.6032,67879.0,33426.09,0.73,13.86,4.5,4.63,5.02,5.41,6.06,5.13,38.99
20210317,5.08,5.1,4.97,4.99,5.07,-0.08,-1.5779,64042.0,32125.393,0.73,13.86,4.5,4.63,5.02,5.41,6.06,5.13,37.84
20210316,4.99,5.11,4.9,5.07,5.0,0.07,1.4,98299.0,49404.729,0.73,13.86,4.5,4.63,5.15,5.41,6.06,5.14,49.9
20210315,4.82,5.08,4.8,5.0,4.84,0.16,3.3058,104086.56,51646.762,0.73,13.86,4.5,4.63,5.15,5.41,6.06,5.14,39.33
20210312,4.83,4.89,4.75,4.84,4.85,-0.01,-0.2062,56976.0,27455.413,0.73,13.86,4.37,4.63,5.15,5.41,6.06,5.14,30.28
20210311,4.7,4.87,4.65,4.85,4.7,0.15,3.1915,67329.0,32071.805,0.73,13.86,4.37,4.63,5.15,5.41,6.06,5.15,29.14
20210310,4.82,4.88,4.7,4.7,4.78,-0.08,-1.6736,71557.0,34107.386,0.73,13.86,4.37,4.63,5.15,5.54,6.06,5.16,18.52
20210309,5.11,5.14,4.63,4.78,5.14,-0.36,-7.0039,149243.64,72499.84,0.73,13.86,4.37,4.63,5.15,5.54,6.06,5.17,26.26
20210308,5.14,5.25,5.11,5.14,5.15,-0.01,-0.1942,109141.0,56424.538,0.73,13.86,4.37,4.63,5.15,5.54,6.19,5.18,40.25
20210305,5.14,5.28,5.05,5.15,5.2,-0.05,-0.9615,128712.45,66784.373,0.73,13.86,4.37,4.63,5.15,5.54,6.19,5.18,41.35
20210304,5.25,5.43,5.18,5.2,5.32,-0.12,-2.2556,163551.8,86252.598,0.73,13.86,4.37,4.63,5.15,5.54,6.19,5.18,54.93
20210303,5.24,5.44,5.18,5.32,5.26,0.06,1.1407,185534.16,98758.459,0.73,13.86,4.37,4.5,5.15,5.54,6.19,5.17,71.6
20210302,5.49,5.55,5.16,5.26,5.47,-0.21,-3.8391,267346.69,142838.625,0.73,13.86,4.37,4.5,5.15,5.54,6.19,5.16,59.76
20210301,4.98,5.47,4.98,5.47,4.97,0.5,10.0604,212876.94,113901.272,0.73,13.86,4.37,4.5,5.02,5.67,6.32,5.13,80.6
20210226,5.2,5.21,4.97,4.97,5.35,-0.38,-7.1028,175443.74,89043.224,0.73,13.86,4.37,4.5,5.02,5.67,6.32,5.12,46.3
20210225,5.15,5.36,5.02,5.35,5.15,0.2,3.8835,231599.06,120592.837,0.73,13.86,4.37,4.5,5.02,5.67,6.32,5.12,73.1
20210224,5.28,5.68,5.08,5.15,5.31,-0.16,-3.0132,293111.03,156351.378,0.73,13.86,4.37,4.5,4.89,5.8,6.32,5.11,60.24
20210223,4.85,5.31,4.67,5.31,4.83,0.48,9.9379,260316.23,130500.998,0.73,13.86,4.37,4.5,4.89,5.8,6.32,5.08,73.74
20210222,4.77,5.1,4.77,4.83,4.81,0.02,0.4158,192088.09,94254.045,0.73,13.86,4.37,4.5,4.76,5.8,6.32,5.08,50.18
20210219,4.55,4.83,4.51,4.81,4.53,0.28,6.181,148788.45,70201.204,0.73,13.86,4.37,4.5,4.76,5.93,6.45,5.09,53.17
20210218,4.38,4.65,4.38,4.53,4.36,0.17,3.8991,147647.02,66765.886,0.73,13.86,4.37,4.5,4.76,5.93,6.45,5.11,29.75
20210210,4.5,4.56,4.36,4.36,4.47,-0.11,-2.4609,114283.01,50446.469,0.73,13.86,4.37,4.5,4.89,5.93,6.45,5.13,4.0
20210209,4.56,4.62,4.41,4.47,4.62,-0.15,-3.2468,169727.4,76405.171,0.73,13.86,4.37,4.5,4.89,5.93,6.45,5.16,10.67
20210208,4.56,4.87,4.33,4.62,4.51,0.11,2.439,215193.86,98802.32,0.73,13.86,4.37,4.5,4.89,5.93,6.45,5.2,21.34
20210205,4.79,5.1,4.5,4.51,4.79,-0.28,-5.8455,310460.72,149396.59,0.73,13.86,4.37,4.5,5.02,6.06,6.45,5.25,18.37
20210204,4.4,4.79,4.31,4.79,4.35,0.44,10.1149,252399.78,114469.558,0.73,13.86,4.37,4.5,5.15,6.06,6.45,5.3,36.06
20210203,4.47,4.54,4.3,4.35,4.52,-0.17,-3.7611,200899.01,88053.282,0.73,13.86,4.37,4.5,5.28,6.19,6.45,5.37,4.69
20210202,4.7,4.87,4.51,4.52,4.78,-0.26,-5.4393,253338.78,117095.307,0.73,13.86,4.37,4.63,5.41,6.19,6.45,5.43,10.67
20210201,4.79,5.18,4.78,4.78,5.31,-0.53,-9.9812,397586.79,192951.863,0.73,13.86,4.37,4.76,5.54,6.19,6.45,5.51,18.03
20210129,5.44,6.19,5.31,5.31,5.9,-0.59,-10.0,550750.53,307564.92,0.73,13.86,4.24,4.76,5.67,6.32,6.45,5.59,32.58
20210128,5.9,5.9,5.9,5.9,6.55,-0.65,-9.9237,63822.0,37654.98,0.73,13.86,4.11,4.63,5.54,6.32,6.58,5.57,63.38
20210127,6.53,6.55,5.88,6.55,5.95,0.6,10.084,722420.14,466810.648,0.73,13.86,4.11,4.63,5.54,6.32,6.58,5.56,94.47
20210126,5.94,5.95,5.42,5.95,5.41,0.54,9.9815,456852.78,266591.12,0.73,13.86,4.11,4.5,5.28,5.93,6.71,5.32,88.38
20210125,4.44,5.41,4.43,5.41,4.92,0.49,9.9593,178964.0,86769.397,0.73,13.86,4.11,4.5,5.15,5.8,6.84,5.23,64.26
20210122,5.6,5.7,4.92,4.92,5.47,-0.55,-10.0548,222948.64,115135.418,0.73,13.86,4.11,4.5,5.15,5.93,6.97,5.25,38.41
20210121,5.3,5.47,5.15,5.47,4.97,0.5,10.0604,78236.5,42212.786,0.73,13.86,4.11,4.37,5.15,5.93,6.97,5.24,70.3
20210120,4.49,4.97,4.45,4.97,4.52,0.45,9.9558,62868.5,30128.716,0.73,13.86,4.11,4.37,5.15,6.06,6.97,5.24,42.63
20210119,4.38,4.54,4.32,4.52,4.4,0.12,2.7273,59569.01,26505.002,0.73,13.86,4.11,4.37,5.15,6.06,6.97,5.25,22.96
20210118,4.14,4.4,4.13,4.4,4.16,0.24,5.7692,63441.15,27186.26,0.73,13.86,4.11,4.37,5.15,6.06,7.1,5.27,15.16
20210115,4.1,4.23,4.1,4.16,4.08,0.08,1.9608,41802.0,17475.108,0.73,13.86,4.11,4.5,5.15,6.06,7.1,5.29,9.78
20210114,4.03,4.12,4.0,4.08,4.02,0.06,1.4925,28169.35,11478.059,0.73,13.86,4.11,4.5,5.15,6.06,7.1,5.31,4.37
20210113,4.01,4.06,3.94,4.02,4.01,0.01,0.2494,26181.0,10467.943,0.73,13.86,4.11,4.5,5.28,6.06,7.1,5.32,3.97
20210112,3.99,4.1,3.94,4.01,3.99,0.02,0.5013,30287.0,12186.82,0.73,13.86,4.11,4.5,5.28,6.06,7.1,5.33,3.2
20210111,4.19,4.19,3.99,3.99,4.19,-0.2,-4.7733,40841.0,16482.912,0.73,13.86,4.11,4.5,5.28,6.06,7.1,5.34,2.3
20210108,4.16,4.25,4.05,4.19,4.13,0.06,1.4528,34697.15,14522.556,0.73,13.86,4.24,4.63,5.28,6.06,7.1,5.36,4.7
20210107,4.17,4.22,4.04,4.13,4.17,-0.04,-0.9592,37765.65,15587.632,0.73,13.86,4.24,4.63,5.28,6.06,7.1,5.37,3.99
20210106,4.32,4.37,4.07,4.17,4.37,-0.2,-4.5767,64224.69,26894.696,0.73,13.86,4.37,4.63,5.28,6.06,7.1,5.39,2.87
20210105,4.56,4.63,4.33,4.37,4.56,-0.19,-4.1667,73448.0,32507.777,0.73,13.86,4.5,4.63,5.28,6.06,7.1,5.42,1.94
20210104,4.61,4.61,4.52,4.56,4.58,-0.02,-0.4367,35223.9,16062.923,0.73,13.86,4.5,4.63,5.28,6.06,7.1,5.44,8.47
20201231,4.57,4.65,4.54,4.58,4.55,0.03,0.6593,37115.0,17036.043,0.73,13.86,4.5,4.63,5.28,6.19,7.1,5.45,7.63
20201230,4.63,4.67,4.54,4.55,4.63,-0.08,-1.7279,36486.0,16714.768,0.73,13.86,4.5,4.76,5.28,6.19,7.1,5.46,7.14
20201229,4.53,4.87,4.53,4.63,4.54,0.09,1.9824,71413.65,33550.074,0.73,13.86,4.5,4.76,5.28,6.19,7.1,5.47,6.66
20201228,4.69,4.74,4.52,4.54,4.69,-0.15,-3.1983,34672.0,15882.311,0.73,13.86,4.5,4.76,5.28,6.19,7.1,5.49,6.61
20201225,4.78,4.82,4.62,4.69,4.78,-0.09,-1.8828,40400.5,18971.157,0.73,13.86,4.5,4.76,5.28,6.19,7.1,5.5,11.49
20201224,4.63,4.95,4.53,4.78,4.67,0.11,2.3555,91557.44,43783.532,0.73,13.86,4.5,4.76,5.41,6.19,7.1,5.51,16.71
20201223,4.56,4.68,4.51,4.67,4.54,0.13,2.8634,35856.0,16379.333,0.73,13.86,4.5,4.89,5.41,6.19,7.1,5.53,10.17
20201222,4.62,4.62,4.51,4.54,4.62,-0.08,-1.7316,30710.0,13994.557,0.73,13.86,4.5,4.89,5.41,6.19,7.1,5.54,5.67
20201221,4.55,4.68,4.52,4.62,4.55,0.07,1.5385,32986.93,15203.721,0.73,13.86,4.63,4.89,5.41,6.19,7.1,5.55,4.91
20201218,4.59,4.66,4.54,4.55,4.59,-0.04,-0.8715,26368.0,12092.698,0.73,13.86,4.63,4.89,5.41,6.19,7.1,5.56,4.44
20201217,4.52,4.62,4.5,4.59,4.51,0.08,1.7738,32059.13,14614.921,0.73,13.86,4.63,4.89,5.41,6.19,7.1,5.57,4.06
20201216,4.66,4.71,4.51,4.51,4.66,-0.15,-3.2189,51170.0,23391.114,0.73,13.86,4.63,4.89,5.41,6.19,7.23,5.58,3.24
20201215,4.78,4.78,4.63,4.66,4.76,-0.1,-2.1008,35644.85,16700.754,0.73,13.86,4.76,4.89,5.41,6.19,7.23,5.6,3.61
20201214,4.77,4.82,4.7,4.76,4.75,0.01,0.2105,36586.4,17438.278,0.73,13.86,4.76,5.02,5.41,6.19,7.23,5.61,3.08
20201211,4.92,4.95,4.73,4.75,4.94,-0.19,-3.8462,65991.9,31755.295,0.73,13.86,4.76,5.02,5.41,6.19,7.23,5.62,2.93
20201210,5.31,5.31,4.88,4.94,5.3,-0.36,-6.7925,113517.45,56946.729,0.73,13.86,4.89,5.02,5.41,6.32,7.23,5.64,11.37
20201209,5.24,5.35,5.2,5.3,5.23,0.07,1.3384,69335.43,36567.869,0.73,13.86,4.76,5.02,5.41,6.32,7.23,5.66,39.12
20201208,5.33,5.37,5.23,5.23,5.37,-0.14,-2.6071,74473.65,39326.988,0.73,13.86,4.76,5.02,5.41,6.32,7.23,5.67,26.56
20201207,5.53,5.53,5.35,5.37,5.43,-0.06,-1.105,74632.91,40374.043,0.73,13.86,4.76,5.02,5.54,6.32,7.23,5.68,36.52
20201204,5.47,5.68,5.41,5.43,5.53,-0.1,-1.8083,100005.0,55078.437,0.73,13.86,4.76,5.02,5.54,6.32,7.23,5.68,48.55
20201203,5.72,5.74,5.43,5.53,5.76,-0.23,-3.9931,132542.6,73282.178,0.73,13.86,4.76,5.02,5.54,6.32,7.23,5.68,49.22
20201202,5.52,6.08,5.5,5.76,5.59,0.17,3.0411,280686.94,160956.081,0.73,13.86,4.76,5.02,5.41,6.45,7.23,5.69,63.7
20201201,5.07,5.59,5.02,5.59,5.08,0.51,10.0394,156315.33,85638.313,0.73,13.86,4.76,5.02,5.41,6.45,7.23,5.68,61.95
20201130,5.12,5.27,5.08,5.08,5.13,-0.05,-0.9747,35486.0,18336.566,0.73,13.86,4.76,5.02,5.41,6.58,7.36,5.69,23.81
20201127,5.05,5.14,4.97,5.13,5.07,0.06,1.1834,28883.0,14590.408,0.73,13.86,4.76,4.89,5.41,6.58,7.36,5.7,23.95
20201126,5.07,5.14,5.01,5.07,5.07,0.0,0.0,27451.01,13878.672,0.73,13.86,4.76,4.89,5.41,6.58,7.36,5.7,23.29
20201125,5.13,5.18,5.07,5.07,5.13,-0.06,-1.1696,32497.6,16630.081,0.73,13.86,4.76,4.89,5.41,6.58,7.36,5.71,22.67
20201124,5.11,5.26,5.1,5.13,5.11,0.02,0.3914,38971.01,20142.554,0.73,13.86,4.76,4.89,5.41,6.58,7.36,5.71,22.42
20201123,5.2,5.22,5.11,5.11,5.22,-0.11,-2.1073,40393.9,20807.698,0.73,13.86,4.76,4.89,5.41,6.58,7.36,5.72,22.58
20201120,5.08,5.44,5.01,5.22,5.11,0.11,2.1526,101748.6,53100.66,0.73,13.86,4.76,4.89,5.41,6.58,7.36,5.73,30.14
20201119,4.94,5.13,4.88,5.11,4.94,0.17,3.4413,52405.0,26289.504,0.73,13.86,4.76,4.89,5.54,6.71,7.36,5.75,22.73
20201118,4.88,5.01,4.85,4.94,4.84,0.1,2.0661,34410.76,16985.722,0.73,13.86,4.76,4.89,5.54,6.71,7.36,5.76,15.74
20201117,4.9,4.91,4.81,4.84,4.9,-0.06,-1.2245,22056.01,10681.384,0.73,13.86,4.76,5.02,5.54,6.71,7.36,5.77,7.41
20201116,4.8,4.92,4.79,4.9,4.79,0.11,2.2965,26402.25,12811.34,0.73,13.86,4.76,5.02,5.54,6.71,7.36,5.78,14.26
20201113,4.87,4.87,4.75,4.79,4.87,-0.08,-1.6427,22124.0,10581.899,0.73,13.86,4.76,5.02,5.54,6.71,7.36,5.78,6.74
20201112,4.84,4.9,4.82,4.87,4.82,0.05,1.0373,23070.52,11194.928,0.73,13.86,4.76,5.02,5.54,6.71,7.36,5.79,6.09
20201111,4.92,4.95,4.81,4.82,4.92,-0.1,-2.0325,26146.4,12685.985,0.73,13.86,4.76,5.02,5.54,6.71,7.36,5.8,5.76
20201110,5.01,5.01,4.88,4.92,4.97,-0.05,-1.006,24115.48,11899.228,0.73,13.86,4.76,5.02,5.54,6.71,7.36,5.81,11.4
20201109,4.88,5.03,4.86,4.97,4.88,0.09,1.8443,37464.61,18628.032,0.73,13.86,4.76,5.02,5.54,6.71,7.36,5.82,10.73
20201106,5.0,5.0,4.85,4.88,5.0,-0.12,-2.4,24095.76,11816.241,0.73,13.86,4.76,5.02,5.54,6.71,7.36,5.83,5.26
20201105,4.92,5.03,4.9,5.0,4.88,0.12,2.459,32149.0,15988.224,0.73,13.86,4.76,5.15,5.54,6.71,7.36,5.83,9.36
20201104,4.95,5.01,4.85,4.88,4.95,-0.07,-1.4141,24081.0,11796.466,0.73,13.86,4.76,5.15,5.54,6.71,7.36,5.84,5.23
20201103,4.92,5.02,4.88,4.95,4.9,0.05,1.0204,30223.52,14999.277,0.73,13.86,4.76,5.15,5.54,6.84,7.36,5.85,8.3
20201102,4.86,5.09,4.86,4.9,4.82,0.08,1.6598,46104.52,22887.112,0.73,13.86,4.76,5.15,5.67,6.84,7.36,5.86,7.46
20201030,5.11,5.15,4.82,4.82,5.09,-0.27,-5.3045,40416.0,20101.269,0.73,13.86,4.76,5.15,5.67,6.84,7.36,5.87,5.02
20201029,5.08,5.16,5.04,5.09,5.15,-0.06,-1.165,22523.0,11495.376,0.73,13.86,4.89,5.15,5.67,6.84,7.36,5.89,9.51
20201028,5.05,5.17,4.94,5.15,5.11,0.04,0.7828,32822.76,16611.997,0.73,13.86,4.76,5.15,5.67,6.84,7.36,5.89,9.23
20201027,5.14,5.29,5.0,5.11,5.09,0.02,0.3929,23680.52,12117.347,0.73,13.86,4.76,5.15,5.67,6.84,7.36,5.9,8.61
20201026,5.09,5.16,5.06,5.09,5.1,-0.01,-0.1961,22873.25,11667.334,0.73,13.86,4.76,5.28,5.67,6.84,7.36,5.91,8.26
20201023,5.19,5.32,5.08,5.1,5.17,-0.07,-1.354,28917.0,14928.907,0.73,13.86,4.76,5.28,5.67,6.84,7.36,5.91,7.96
20201022,5.3,5.3,5.15,5.17,5.26,-0.09,-1.711,19935.0,10339.936,0.73,13.86,4.76,5.28,5.67,6.84,7.36,5.92,13.36
20201021,5.36,5.39,5.25,5.26,5.36,-0.1,-1.8657,22353.0,11849.034,0.73,13.86,4.76,5.28,5.67,6.84,7.36,5.92,13.11
20201020,5.34,5.38,5.21,5.36,5.29,0.07,1.3233,18383.1,9775.937,0.73,13.86,4.76,5.28,5.8,6.84,7.36,5.93,24.57
20201019,5.36,5.44,5.28,5.29,5.32,-0.03,-0.5639,25632.62,13755.206,0.73,13.86,4.76,5.28,5.8,6.84,7.36,5.93,24.15
20201016,5.26,5.34,5.26,5.32,5.3,0.02,0.3774,16740.0,8880.912,0.73,13.86,4.76,5.28,5.8,6.84,7.36,5.94,23.97
20201015,5.31,5.43,5.25,5.3,5.34,-0.04,-0.7491,29352.0,15637.236,0.73,13.86,4.76,5.28,5.8,6.84,7.36,5.94,23.58
20201014,5.35,5.48,5.33,5.34,5.37,-0.03,-0.5587,29669.0,15987.994,0.73,13.86,4.76,5.28,5.8,6.84,7.36,5.95,23.19
20201013,5.41,5.41,5.31,5.37,5.41,-0.04,-0.7394,24235.0,12970.483,0.73,13.86,4.76,5.28,5.8,6.84,7.36,5.95,22.97
20201012,5.24,5.42,5.24,5.41,5.26,0.15,2.8517,36230.01,19389.976,0.73,13.86,4.76,5.28,5.8,6.84,7.36,5.96,22.52
20201009,5.17,5.29,5.1,5.26,5.08,0.18,3.5433,30265.0,15822.196,0.73,13.86,4.76,5.28,5.8,6.97,7.36,5.97,13.46
20200930,5.08,5.17,5.05,5.08,5.08,0.0,0.0,22664.0,11562.921,0.73,13.86,4.63,5.28,5.8,6.97,7.36,5.97,8.41
20200929,5.08,5.22,5.03,5.08,5.03,0.05,0.994,30751.01,15803.551,0.73,13.86,4.63,5.28,5.93,6.97,7.36,5.98,8.11
20200928,5.2,5.24,5.02,5.03,5.22,-0.19,-3.6398,30001.0,15357.623,0.73,13.86,4.63,5.28,5.93,6.97,7.36,5.99,7.72
20200925,5.4,5.41,5.2,5.22,5.4,-0.18,-3.3333,39199.01,20699.439,0.73,13.86,4.63,5.28,5.93,6.97,7.36,6.0,10.54
20200924,5.5,5.62,5.37,5.4,5.48,-0.08,-1.4599,45807.66,25049.356,0.73,13.86,4.63,5.28,5.93,6.97,7.36,6.01,17.97
20200923,5.36,5.55,5.35,5.48,5.34,0.14,2.6217,50217.3,27547.685,0.73,13.86,4.63,5.28,5.93,6.97,7.36,6.01,28.81
20200922,5.41,5.42,5.31,5.34,5.41,-0.07,-1.2939,31684.0,16995.387,0.73,13.86,4.63,5.28,5.93,6.97,7.36,6.02,18.3
20200921,5.37,5.57,5.33,5.41,5.35,0.06,1.1215,62847.01,34264.367,0.73,13.86,4.5,5.28,5.93,6.97,7.36,6.03,18.01
20200918,5.28,5.39,5.22,5.35,5.31,0.04,0.7533,32080.0,17113.843,0.73,13.86,4.5,5.28,6.06,6.97,7.49,6.04,18.21
20200917,5.18,5.34,5.16,5.31,5.19,0.12,2.3121,40844.0,21489.119,0.73,13.86,4.5,5.28,6.06,6.97,7.49,6.05,17.47
20200916,5.32,5.32,5.17,5.19,5.29,-0.1,-1.8904,25833.0,13481.11,0.73,13.86,4.5,5.28,6.06,6.97,7.49,6.06,10.66
20200915,5.36,5.41,5.25,5.29,5.35,-0.06,-1.1215,31721.0,16832.399,0.73,13.86,4.5,5.28,6.06,6.97,7.49,6.07,15.68
20200914,5.35,5.4,5.28,5.35,5.35,0.0,0.0,33747.0,18014.548,0.73,13.86,4.5,5.41,6.06,6.97,7.49,6.08,14.87
20200911,5.35,5.39,5.15,5.35,5.38,-0.03,-0.5576,37324.93,19704.542,0.73,13.86,4.5,5.41,6.06,6.97,7.49,6.08,14.15
20200910,5.59,5.72,5.36,5.38,5.53,-0.15,-2.7125,61818.19,34057.099,0.73,13.86,4.5,5.41,6.06,6.97,7.49,6.09,13.19
20200909,5.48,5.55,5.37,5.53,5.48,0.05,0.9124,46740.19,25571.304,0.73,13.86,4.5,5.41,6.06,7.1,7.49,6.11,20.88
20200908,5.4,5.62,5.4,5.48,5.39,0.09,1.6698,52439.0,28816.994,0.73,13.86,4.5,5.41,6.06,7.1,7.49,6.12,20.2
20200907,5.46,5.62,5.38,5.39,5.53,-0.14,-2.5316,47505.22,26094.01,0.73,13.86,4.5,5.41,6.06,7.1,7.49,6.13,13.48
20200904,5.33,5.56,5.22,5.53,5.4,0.13,2.4074,57162.65,31149.8,0.73,13.86,4.37,5.41,6.06,7.1,7.49,6.14,18.7
20200903,5.51,5.53,5.36,5.4,5.5,-0.1,-1.8182,42721.6,23197.917,0.73,13.86,4.37,5.41,6.06,7.1,7.49,6.15,13.26
20200902,5.52,5.56,5.42,5.5,5.52,-0.02,-0.3623,43829.23,24109.283,0.73,13.86,4.37,5.41,6.06,7.1,7.49,6.16,16.59
20200901,5.53,5.59,5.48,5.52,5.58,-0.06,-1.0753,40163.0,22121.719,0.73,13.86,4.37,5.41,6.19,7.1,7.49,6.17,16.17
20200831,5.76,5.78,5.55,5.58,5.68,-0.1,-1.7606,53147.21,29885.468,0.73,13.86,4.37,5.41,6.19,7.1,7.49,6.18,20.31
20200828,5.53,5.92,5.53,5.68,5.58,0.1,1.7921,85309.1,48882.875,0.73,13.86,4.37,5.41,6.19,7.1,7.49,6.19,25.01
20200827,5.49,5.6,5.42,5.58,5.51,0.07,1.2704,51279.5,28321.491,0.73,13.86,4.37,5.41,6.19,7.1,7.49,6.2,19.58
20200826,5.66,5.69,5.48,5.51,5.66,-0.15,-2.6502,54177.16,30119.913,0.73,13.86,4.37,5.41,6.19,7.1,7.49,6.22,15.92
20200825,5.83,5.83,5.65,5.66,5.77,-0.11,-1.9064,52883.29,30287.71,0.73,13.86,4.37,5.41,6.19,7.1,7.49,6.23,17.4
20200824,5.86,5.89,5.72,5.77,5.85,-0.08,-1.3675,42450.0,24607.227,0.73,13.86,4.37,5.28,6.19,7.1,7.49,6.24,20.02
20200821,5.7,5.92,5.7,5.85,5.75,0.1,1.7391,53860.04,31429.819,0.73,13.86,4.37,5.28,6.19,7.1,7.49,6.24,23.65
20200820,5.81,5.89,5.66,5.75,5.9,-0.15,-2.5424,72530.3,41887.716,0.73,13.86,4.37,5.28,6.19,7.1,7.49,6.25,20.26
20200819,6.14,6.18,5.9,5.9,6.17,-0.27,-4.376,78332.0,47072.089,0.73,13.86,4.37,5.28,6.19,7.1,7.49,6.26,20.53
20200818,6.07,6.18,6.0,6.17,6.08,0.09,1.4803,90380.0,55018.37,0.73,13.86,4.37,5.28,6.32,7.23,7.49,6.27,38.25
20200817,5.98,6.11,5.91,6.08,5.93,0.15,2.5295,78327.63,47200.731,0.73,13.86,4.24,5.28,6.32,7.23,7.49,6.28,36.68
20200814,6.06,6.07,5.8,5.93,6.09,-0.16,-2.6273,109083.55,64643.55,0.73,13.86,4.24,5.15,6.32,7.23,7.49,6.28,21.89
20200813,6.2,6.22,6.08,6.09,6.16,-0.07,-1.1364,68900.75,42210.608,0.73,13.86,4.24,5.15,6.32,7.23,7.49,6.29,32.67
20200812,6.11,6.24,6.01,6.16,6.09,0.07,1.1494,87952.48,53822.769,0.73,13.86,4.24,5.15,6.32,7.23,7.49,6.3,32.42
20200811,6.26,6.26,6.08,6.09,6.26,-0.17,-2.7157,96538.97,59634.22,0.73,13.86,4.24,5.15,6.32,7.23,7.49,6.3,31.47
20200810,6.25,6.35,6.1,6.26,6.18,0.08,1.2945,119915.26,74629.75,0.73,13.86,4.24,5.15,6.45,7.23,7.49,6.31,39.55
20200807,6.34,6.45,5.99,6.18,6.28,-0.1,-1.5924,150607.16,92913.387,0.73,13.86,4.24,5.15,6.45,7.23,7.49,6.3,32.0
20200806,6.5,6.53,6.21,6.28,6.59,-0.31,-4.7041,159597.5,100846.017,0.73,13.86,4.11,5.02,6.45,7.23,7.62,6.31,36.21
20200805,6.29,6.63,6.11,6.59,6.43,0.16,2.4883,199123.8,128070.57,0.73,13.86,4.11,5.02,6.58,7.23,7.62,6.31,55.24
20200804,7.0,7.0,6.43,6.43,7.14,-0.71,-9.944,342492.9,227418.706,0.73,13.86,4.11,5.02,6.58,7.36,7.62,6.3,42.84
20200803,7.08,7.53,6.98,7.14,7.3,-0.16,-2.1918,346089.93,249293.596,0.73,13.86,4.11,4.89,6.45,7.36,7.62,6.25,74.99
20200731,6.78,7.8,6.63,7.3,7.37,-0.07,-0.9498,428947.56,304037.149,0.73,13.86,3.98,4.76,6.19,7.36,7.62,6.11,84.54
20200730,7.02,7.9,7.01,7.37,7.18,0.19,2.6462,457061.62,339749.989,0.73,13.86,3.98,4.5,6.06,7.23,7.62,5.92,90.72
20200729,6.74,7.18,6.61,7.18,6.53,0.65,9.9541,342375.9,239065.65,0.73,13.86,3.98,4.37,5.54,6.71,6.97,5.63,98.29
20200728,5.9,6.53,5.71,6.53,5.94,0.59,9.9327,272665.03,166883.989,0.73,13.86,3.98,4.37,5.41,6.32,6.71,5.45,91.41
20200727,6.11,6.37,5.94,5.94,6.6,-0.66,-10.0,257550.75,156230.811,0.73,13.86,3.98,4.24,5.28,6.32,6.71,5.37,68.35
20200724,6.2,6.98,6.09,6.6,6.39,0.21,3.2864,483222.95,314720.167,0.73,13.86,3.85,4.24,5.15,6.32,6.71,5.29,93.37
20200723,6.1,6.39,6.0,6.39,5.81,0.58,9.9828,255304.73,161656.329,0.73,13.86,3.85,4.11,5.02,5.67,6.32,5.04,97.43
20200722,5.27,5.81,5.2,5.81,5.28,0.53,10.0379,166946.13,94148.485,0.73,13.86,3.85,4.11,5.02,5.41,5.67,4.92,97.56
20200721,5.06,5.43,5.06,5.28,5.13,0.15,2.924,69001.13,36493.74,0.73,13.86,3.85,4.11,4.89,5.41,5.67,4.88,72.72
20200720,4.91,5.14,4.88,5.13,4.87,0.26,5.3388,52818.72,26572.249,0.73,13.86,3.85,4.11,4.89,5.41,5.67,4.87,59.86
20200717,5.22,5.24,4.86,4.87,5.17,-0.3,-5.8027,81356.0,40605.321,0.73,13.86,3.85,4.11,4.89,5.41,5.67,4.86,45.1
20200716,5.34,5.4,5.1,5.17,5.34,-0.17,-3.1835,98552.01,51338.058,0.73,13.86,3.85,4.11,4.89,5.41,5.67,4.86,72.71
20200715,5.8,5.89,5.24,5.34,5.73,-0.39,-6.8063,161400.93,89133.071,0.73,13.86,3.85,3.98,4.89,5.41,5.67,4.84,83.16
20200714,5.4,5.9,5.36,5.73,5.38,0.35,6.5056,218881.41,123425.704,0.73,13.86,3.85,3.98,4.76,5.28,5.67,4.8,96.56
20200713,5.16,5.4,5.1,5.38,5.11,0.27,5.2838,110307.55,58251.609,0.73,13.86,3.85,3.98,4.63,5.28,5.41,4.73,94.09
20200710,5.45,5.45,5.1,5.11,5.4,-0.29,-5.3704,119279.13,62092.252,0.73,13.86,3.85,3.98,4.63,5.15,5.41,4.7,72.07
20200709,5.19,5.42,5.1,5.4,5.18,0.22,4.2471,118562.5,62538.184,0.73,13.86,3.72,3.98,4.5,5.15,5.41,4.67,94.93
20200708,5.08,5.19,5.06,5.18,5.13,0.05,0.9747,63098.01,32338.007,0.73,13.86,3.72,3.98,4.5,5.15,5.28,4.65,89.23
20200707,5.29,5.29,5.05,5.13,5.28,-0.15,-2.8409,108606.98,56003.655,0.73,13.86,3.72,3.98,4.5,5.15,5.28,4.63,78.75
20200706,5.11,5.42,5.11,5.28,5.14,0.14,2.7237,105286.77,55436.623,0.73,13.86,3.72,3.98,4.5,5.15,5.28,4.61,90.3
20200703,5.33,5.33,5.08,5.14,5.29,-0.15,-2.8355,75919.44,39054.011,0.73,13.86,3.72,3.98,4.37,5.15,5.28,4.58,84.47
20200702,5.25,5.34,5.1,5.29,5.25,0.04,0.7619,89038.44,46687.631,0.73,13.86,3.72,3.98,4.37,5.02,5.28,4.56,96.35
20200701,5.16,5.48,5.12,5.25,5.09,0.16,3.1434,123359.46,65043.354,0.73,13.86,3.72,3.98,4.37,5.02,5.28,4.54,93.52
20200630,5.12,5.29,5.02,5.09,5.23,-0.14,-2.6769,91242.76,46858.004,0.73,13.86,3.72,3.98,4.37,4.89,5.15,4.5,92.24
20200629,5.0,5.29,4.88,5.23,5.08,0.15,2.9528,114441.11,58959.113,0.73,13.86,3.72,3.98,4.37,4.89,5.15,4.48,96.4
20200624,5.0,5.15,4.86,5.08,4.85,0.23,4.7423,112173.16,56204.231,0.73,13.86,3.72,3.98,4.37,4.89,5.02,4.45,96.58
20200623,4.91,5.13,4.81,4.85,5.04,-0.19,-3.7698,106413.46,52514.28,0.73,13.86,3.72,3.98,4.37,4.89,5.02,4.43,84.95
20200622,5.13,5.13,4.74,5.04,4.91,0.13,2.6477,189495.51,93040.351,0.73,13.86,3.72,3.98,4.37,4.76,5.02,4.4,96.85
20200619,4.46,4.91,4.44,4.91,4.46,0.45,10.0897,125064.51,60086.051,0.73,13.86,3.72,3.85,4.24,4.63,4.89,4.36,95.7
20200618,4.4,4.46,4.4,4.46,4.4,0.06,1.3636,23990.0,10634.419,0.73,13.86,3.72,3.85,4.24,4.63,4.89,4.34,73.25
20200617,4.45,4.45,4.33,4.4,4.47,-0.07,-1.566,33567.0,14714.919,0.73,13.86,3.72,3.85,4.24,4.63,4.89,4.34,73.25
20200616,4.5,4.52,4.42,4.47,4.5,-0.03,-0.6667,29654.0,13230.415,0.73,13.86,3.72,3.85,4.24,4.63,4.89,4.34,73.11
20200615,4.33,4.53,4.33,4.5,4.43,0.07,1.5801,45193.01,20210.539,0.73,13.86,3.72,3.85,4.24,4.63,4.89,4.34,73.44
20200612,4.22,4.47,4.22,4.43,4.37,0.06,1.373,40308.0,17676.141,0.73,13.86,3.72,3.85,4.24,4.63,4.89,4.33,73.66
20200611,4.39,4.58,4.35,4.37,4.36,0.01,0.2294,62060.02,27639.426,0.73,13.86,3.72,3.85,4.24,4.63,4.89,4.33,58.25
20200610,4.33,4.39,4.24,4.36,4.33,0.03,0.6928,41746.01,17961.667,0.73,13.86,3.72,3.85,4.24,4.63,4.89,4.33,59.37
20200609,4.33,4.4,4.28,4.33,4.38,-0.05,-1.1416,33149.01,14342.925,0.73,13.86,3.72,3.85,4.24,4.63,4.89,4.33,59.63
20200608,4.35,4.48,4.3,4.38,4.35,0.03,0.6897,47986.01,21104.21,0.73,13.86,3.72,3.85,4.24,4.63,4.89,4.32,73.27
20200605,4.59,4.59,4.25,4.35,4.41,-0.06,-1.3605,65319.33,28496.993,0.73,13.86,3.72,3.85,4.24,4.63,4.89,4.32,60.65
20200604,4.44,4.58,4.39,4.41,4.44,-0.03,-0.6757,49915.0,22207.078,0.73,13.86,3.72,3.85,4.11,4.63,4.89,4.32,73.06
20200603,4.48,4.64,4.4,4.44,4.49,-0.05,-1.1136,106706.36,48186.671,0.73,13.86,3.72,3.85,4.11,4.63,4.89,4.31,73.61
20200602,4.32,4.54,4.22,4.49,4.18,0.31,7.4163,157763.98,69005.335,0.73,13.86,3.72,3.85,4.11,4.63,4.89,4.3,76.19
20200601,4.06,4.2,4.06,4.18,4.09,0.09,2.2005,46754.0,19375.816,0.73,13.86,3.72,3.85,4.11,4.63,4.89,4.29,56.53
20200529,4.0,4.09,3.97,4.09,4.0,0.09,2.25,44480.0,17966.347,0.73,13.86,3.72,3.85,4.11,4.63,4.89,4.29,41.59
20200528,3.99,4.06,3.97,4.0,4.03,-0.03,-0.7444,42235.0,16951.885,0.73,13.86,3.59,3.85,4.11,4.63,4.89,4.29,40.9
20200527,4.18,4.24,3.98,4.03,4.23,-0.2,-4.7281,109919.51,44818.293,0.73,13.86,3.59,3.85,4.11,4.63,4.89,4.3,40.23
20200526,4.16,4.44,4.11,4.23,4.12,0.11,2.6699,102722.83,43556.749,0.73,13.86,3.59,3.85,4.11,4.63,4.89,4.3,53.28
20200525,3.97,4.13,3.91,4.12,4.01,0.11,2.7431,48032.22,19495.287,0.73,13.86,3.59,3.85,4.11,4.63,5.02,4.3,54.97
20200522,3.95,4.03,3.93,4.01,3.99,0.02,0.5013,32521.01,12993.999,0.73,13.86,3.59,3.85,4.11,4.63,5.02,4.3,41.28
20200521,4.08,4.15,3.98,3.99,4.06,-0.07,-1.7241,42283.0,17153.263,0.73,13.86,3.59,3.85,4.11,4.63,5.02,4.3,40.77
20200520,4.01,4.06,3.95,4.06,4.02,0.04,0.995,39745.82,15946.765,0.73,13.86,3.59,3.85,4.11,4.63,5.02,4.31,40.75
20200519,3.99,4.04,3.97,4.02,3.97,0.05,1.2594,34249.82,13710.071,0.73,13.86,3.59,3.85,4.11,4.63,5.02,4.31,40.11
20200518,3.93,4.04,3.85,3.97,3.93,0.04,1.0178,61893.81,24546.91,0.73,13.86,3.59,3.85,4.11,4.63,5.02,4.31,23.89
20200515,4.01,4.03,3.9,3.93,3.99,-0.06,-1.5038,72680.0,28723.214,0.73,13.86,3.59,3.85,4.11,4.63,5.02,4.32,23.47
20200514,4.1,4.14,3.98,3.99,4.14,-0.15,-3.6232,83446.88,33746.745,0.73,13.86,3.59,3.85,4.24,4.63,5.02,4.32,36.99
20200513,4.17,4.25,4.08,4.14,4.2,-0.06,-1.4286,109089.74,45144.405,0.73,13.86,3.59,3.85,4.24,4.76,5.02,4.33,48.58
20200512,4.35,4.44,4.1,4.2,4.56,-0.36,-7.8947,159239.96,67728.75,0.73,13.86,3.59,3.85,4.24,4.76,5.02,4.33,48.08
20200511,4.79,4.94,4.56,4.56,5.07,-0.51,-10.0592,245097.01,115127.091,0.73,13.86,3.59,3.85,4.24,4.76,5.02,4.33,75.17
20200508,4.66,5.07,4.58,5.07,4.61,0.46,9.9783,310818.74,154426.461,0.73,13.86,3.59,3.72,4.11,4.63,5.02,4.28,96.47
20200507,4.6,4.7,4.51,4.61,4.59,0.02,0.4357,71791.24,33193.289,0.73,13.86,3.59,3.72,4.11,4.5,4.63,4.2,91.4
20200506,4.38,4.59,4.34,4.59,4.4,0.19,4.3182,62275.01,27863.646,0.73,13.86,3.59,3.72,3.98,4.37,4.63,4.19,92.68
20200430,4.3,4.43,4.28,4.4,4.36,0.04,0.9174,40276.53,17603.83,0.73,13.86,3.59,3.72,3.98,4.37,4.63,4.18,85.69
20200429,4.28,4.49,4.27,4.36,4.28,0.08,1.8692,64640.07,28328.509,0.73,13.86,3.59,3.72,3.98,4.37,4.63,4.18,74.28
20200428,4.24,4.38,4.06,4.28,4.25,0.03,0.7059,41172.0,17548.618,0.73,13.86,3.59,3.72,3.98,4.37,4.63,4.17,75.75
20200427,4.27,4.36,4.25,4.25,4.31,-0.06,-1.3921,25031.0,10773.412,0.73,13.86,3.59,3.72,3.98,4.37,4.63,4.17,75.86
20200424,4.33,4.34,4.18,4.31,4.32,-0.01,-0.2315,37534.03,16043.755,0.73,13.86,3.59,3.72,3.98,4.37,4.63,4.17,75.89
20200423,4.34,4.4,4.28,4.32,4.36,-0.04,-0.9174,40287.0,17434.163,0.73,13.86,3.59,3.72,3.98,4.37,4.63,4.16,75.78
20200422,4.26,4.4,4.22,4.36,4.27,0.09,2.1077,53452.02,23097.13,0.73,13.86,3.59,3.72,3.98,4.37,4.63,4.16,76.27
20200421,4.23,4.29,4.16,4.27,4.27,0.0,0.0,32828.02,13850.099,0.73,13.86,3.59,3.72,3.98,4.37,4.63,4.15,76.59
20200420,4.33,4.45,4.22,4.27,4.36,-0.09,-2.0642,52008.8,22234.134,0.73,13.86,3.59,3.72,3.98,4.37,4.63,4.15,76.41
20200417,4.35,4.58,4.25,4.36,4.38,-0.02,-0.4566,94064.13,41272.675,0.73,13.86,3.59,3.72,3.98,4.5,4.63,4.15,76.71
20200416,4.56,4.74,4.27,4.38,4.68,-0.3,-6.4103,139551.27,62397.091,0.73,13.86,3.59,3.72,3.98,4.37,4.63,4.14,85.73
20200415,4.69,4.72,4.35,4.68,4.55,0.13,2.8571,167053.21,76469.317,0.73,13.86,3.59,3.72,3.98,4.37,4.63,4.11,95.56
20200414,4.39,4.66,4.28,4.55,4.3,0.25,5.814,155866.8,69553.745,0.73,13.86,3.59,3.72,3.98,4.24,4.63,4.08,94.12
20200413,4.11,4.33,3.95,4.3,4.1,0.2,4.878,154508.11,65205.377,0.73,13.86,3.59,3.72,3.98,4.11,4.63,4.06,92.5
20200410,4.13,4.3,4.06,4.1,4.18,-0.08,-1.9139,64054.57,26493.433,0.73,13.86,3.59,3.72,3.98,4.11,4.63,4.05,74.69
20200409,4.2,4.25,4.07,4.18,4.13,0.05,1.2107,78707.07,32887.809,0.73,13.86,3.59,3.72,3.85,4.11,4.63,4.04,88.9
20200408,4.0,4.16,4.0,4.13,4.02,0.11,2.7363,70692.5,28937.779,0.73,13.86,3.59,3.72,3.85,4.11,4.63,4.03,89.67
20200407,4.02,4.1,3.9,4.02,3.97,0.05,1.2594,72347.62,29030.443,0.73,13.86,3.59,3.72,3.85,4.11,4.63,4.03,79.02
20200403,3.71,4.03,3.69,3.97,3.74,0.23,6.1497,82299.0,32033.719,0.73,13.86,3.59,3.72,3.85,4.11,4.63,4.03,54.24
20200402,3.64,3.74,3.6,3.74,3.64,0.1,2.7473,33025.0,12189.877,0.73,13.86,3.59,3.72,3.85,4.11,4.63,4.03,31.03
20200401,3.68,3.69,3.62,3.64,3.63,0.01,0.2755,21063.57,7687.327,0.73,13.86,3.59,3.72,3.85,4.11,4.63,4.03,13.78
20200331,3.63,3.7,3.61,3.63,3.65,-0.02,-0.5479,24718.0,9047.622,0.73,13.86,3.59,3.72,3.85,4.11,4.63,4.04,13.33
20200330,3.74,3.78,3.6,3.65,3.83,-0.18,-4.6997,63094.0,23088.829,0.73,13.86,3.59,3.72,3.85,4.11,4.63,4.04,12.81
20200327,3.92,3.96,3.8,3.83,4.05,-0.22,-5.4321,65896.01,25604.033,0.73,13.86,3.46,3.72,3.85,4.11,4.63,4.04,27.79
20200326,4.02,4.09,3.97,4.05,4.01,0.04,0.9975,40342.01,16284.863,0.73,13.86,3.46,3.72,3.85,4.11,4.76,4.05,76.92
20200325,4.11,4.12,3.99,4.01,4.05,-0.04,-0.9877,59696.01,24080.226,0.73,13.86,3.46,3.72,3.85,4.11,4.76,4.04,76.81
20200324,3.98,4.05,3.93,4.05,3.95,0.1,2.5316,46563.01,18573.612,0.73,13.86,3.46,3.72,3.85,4.11,4.76,4.04,77.55
20200323,3.85,4.02,3.83,3.95,3.93,0.02,0.5089,44992.53,17756.687,0.73,13.86,3.46,3.72,3.85,4.11,4.76,4.04,52.99
20200320,3.79,3.94,3.73,3.93,3.73,0.2,5.3619,28472.0,10875.841,0.73,13.86,3.46,3.72,3.85,4.11,4.76,4.04,52.88
20200319,3.74,3.77,3.66,3.73,3.69,0.04,1.084,25567.08,9486.048,0.73,13.86,3.46,3.72,3.85,4.11,4.76,4.04,29.83
20200318,3.86,3.91,3.69,3.69,3.84,-0.15,-3.9063,41250.08,15712.259,0.73,13.86,3.46,3.72,3.85,4.11,4.76,4.04,13.06
20200317,3.88,3.91,3.69,3.84,3.88,-0.04,-1.0309,42393.01,16061.984,0.73,13.86,3.46,3.72,3.85,4.11,4.76,4.05,28.8
20200316,4.11,4.14,3.85,3.88,4.1,-0.22,-5.3659,59453.02,23783.904,0.73,13.86,3.46,3.72,3.85,4.11,4.76,4.05,50.86
20200313,3.84,4.13,3.78,4.1,3.99,0.11,2.7569,92218.57,36896.361,0.73,13.86,3.46,3.72,3.85,4.11,4.89,4.05,76.54
20200312,3.93,4.15,3.88,3.99,3.96,0.03,0.7576,70424.0,28139.409,0.73,13.86,3.46,3.72,3.85,4.11,4.89,4.05,76.77
20200311,3.96,4.06,3.93,3.96,3.95,0.01,0.2532,45523.0,18211.891,0.73,13.86,3.46,3.72,3.85,4.11,4.89,4.04,53.7
20200310,3.78,3.95,3.75,3.95,3.85,0.1,2.5974,48846.87,18832.575,0.73,13.86,3.46,3.72,3.85,4.11,5.02,4.04,54.37
20200309,3.86,3.92,3.81,3.85,3.94,-0.09,-2.2843,42973.13,16619.196,0.73,13.86,3.46,3.72,3.85,4.11,5.02,4.04,31.33
20200306,3.9,3.99,3.87,3.94,3.96,-0.02,-0.5051,47417.67,18605.378,0.73,13.86,3.46,3.72,3.85,4.11,5.02,4.04,53.32
20200305,3.9,3.99,3.89,3.96,3.93,0.03,0.7634,61303.49,24206.45,0.73,13.86,3.46,3.59,3.85,4.11,5.02,4.04,53.5
20200304,3.97,4.18,3.88,3.93,3.85,0.08,2.0779,96556.32,38521.428,0.73,13.86,3.46,3.59,3.85,4.11,5.02,4.04,53.75
20200303,3.81,3.91,3.8,3.85,3.81,0.04,1.0499,36075.37,13908.849,0.73,13.86,3.46,3.59,3.85,4.11,5.02,4.04,34.01
20200302,3.65,3.82,3.65,3.81,3.63,0.18,4.9587,25535.54,9609.677,0.73,13.86,3.46,3.59,3.85,4.11,5.02,4.04,34.29
20200228,3.78,3.8,3.62,3.63,3.85,-0.22,-5.7143,37930.0,14086.336,0.73,13.86,3.46,3.59,3.85,4.11,5.02,4.04,16.28
20200227,3.82,3.87,3.76,3.85,3.81,0.04,1.0499,31830.9,12156.51,0.73,13.86,3.46,3.59,3.85,4.11,5.15,4.05,33.04
20200226,3.78,4.05,3.73,3.81,3.76,0.05,1.3298,65977.9,25581.761,0.73,13.86,3.46,3.59,3.85,4.11,5.15,4.05,32.94
20200225,3.75,3.8,3.65,3.76,3.85,-0.09,-2.3377,40486.0,15144.43,0.73,13.86,3.46,3.59,3.85,4.11,5.15,4.05,33.52
20200224,3.9,3.9,3.77,3.85,3.87,-0.02,-0.5168,36388.0,13933.426,0.73,13.86,3.46,3.59,3.85,4.11,5.15,4.05,32.76
20200221,3.88,3.93,3.81,3.87,3.87,0.0,0.0,29498.0,11384.32,0.73,13.86,3.46,3.59,3.85,4.24,5.15,4.05,52.25
20200220,3.76,3.92,3.73,3.87,3.73,0.14,3.7534,44986.77,17230.582,0.73,13.86,3.46,3.59,3.85,4.24,5.15,4.05,51.91
20200219,3.75,3.77,3.72,3.73,3.72,0.01,0.2688,24512.77,9172.723,0.73,13.86,3.46,3.59,3.85,4.24,5.15,4.06,32.67
20200218,3.72,3.77,3.69,3.72,3.68,0.04,1.087,28553.45,10667.212,0.73,13.86,3.46,3.59,3.85,4.24,5.15,4.06,17.29
20200217,3.64,3.7,3.6,3.68,3.58,0.1,2.7933,30752.0,11273.911,0.73,13.86,3.46,3.59,3.85,4.24,5.15,4.06,17.34
20200214,3.53,3.62,3.52,3.58,3.56,0.02,0.5618,31102.41,11119.387,0.73,13.86,3.46,3.59,3.98,4.24,5.15,4.06,7.95
20200213,3.66,3.68,3.54,3.56,3.66,-0.1,-2.7322,33240.02,11971.045,0.73,13.86,3.46,3.59,3.98,4.24,5.15,4.07,7.56
20200212,3.6,3.67,3.57,3.66,3.57,0.09,2.521,19660.0,7152.1,0.73,13.86,3.46,3.59,3.98,4.24,5.15,4.07,15.06
20200211,3.65,3.7,3.57,3.57,3.62,-0.05,-1.3812,25244.0,9171.706,0.73,13.86,3.46,3.72,3.98,4.24,5.15,4.07,7.46
20200210,3.57,3.64,3.53,3.62,3.55,0.07,1.9718,18289.2,6576.699,0.73,13.86,3.46,3.72,3.98,4.24,5.15,4.08,13.91
20200207,3.55,3.59,3.48,3.55,3.56,-0.01,-0.2809,28192.15,9946.831,0.73,13.86,3.46,3.72,3.98,4.24,5.15,4.08,7.38
20200206,3.5,3.59,3.5,3.56,3.54,0.02,0.565,31938.0,11316.865,0.73,13.86,3.46,3.72,3.98,4.24,5.15,4.08,6.72
20200205,3.35,3.56,3.33,3.54,3.33,0.21,6.3063,56550.0,19763.083,0.73,13.86,3.46,3.72,3.98,4.24,5.28,4.09,5.95
20200204,3.19,3.37,3.19,3.33,3.38,-0.05,-1.4793,56665.0,18668.304,0.73,13.86,3.59,3.72,3.98,4.24,5.28,4.1,1.66
20200203,3.38,3.45,3.38,3.38,3.75,-0.37,-9.8667,27614.0,9339.163,0.73,13.86,3.59,3.72,3.98,4.24,5.28,4.11,1.31
20200123,3.93,3.93,3.73,3.75,3.93,-0.18,-4.5802,30892.0,11799.055,0.73,13.86,3.59,3.72,3.98,4.24,5.28,4.12,22.77
20200122,3.93,3.95,3.85,3.93,3.94,-0.01,-0.2538,26454.0,10320.018,0.73,13.86,3.59,3.72,3.98,4.24,5.28,4.12,43.44
20200121,3.9,3.97,3.9,3.94,3.91,0.03,0.7673,26618.0,10476.058,0.73,13.86,3.59,3.72,3.98,4.24,5.28,4.12,43.15
20200120,3.89,3.94,3.85,3.91,3.88,0.03,0.7732,33824.0,13190.023,0.73,13.86,3.59,3.72,3.98,4.24,5.28,4.12,42.87
20200117,3.94,3.97,3.88,3.88,3.94,-0.06,-1.5228,27863.0,10953.447,0.73,13.86,3.59,3.72,3.98,4.24,5.28,4.12,42.5
20200116,3.99,4.01,3.93,3.94,3.99,-0.05,-1.2531,27204.51,10795.242,0.73,13.86,3.59,3.72,3.98,4.24,5.28,4.13,42.2
20200115,4.05,4.07,3.97,3.99,4.05,-0.06,-1.4815,37162.29,14876.779,0.73,13.86,3.59,3.72,3.98,4.24,5.28,4.13,68.21
20200114,4.13,4.15,4.05,4.05,4.11,-0.06,-1.4599,31546.29,12873.594,0.73,13.86,3.59,3.72,3.98,4.24,5.28,4.13,67.99
20200113,4.11,4.14,4.05,4.11,4.13,-0.02,-0.4843,27631.01,11287.024,0.73,13.86,3.59,3.72,3.98,4.24,5.28,4.13,68.29
20200110,4.17,4.2,4.08,4.13,4.17,-0.04,-0.9592,38298.0,15759.183,0.73,13.86,3.59,3.72,3.98,4.24,5.28,4.13,81.33
20200109,4.06,4.2,4.06,4.17,4.03,0.14,3.4739,60366.81,24974.092,0.73,13.86,3.59,3.72,3.98,4.24,5.28,4.12,81.29
20200108,4.09,4.15,4.02,4.03,4.09,-0.06,-1.467,49616.8,20143.757,0.73,13.86,3.59,3.72,3.98,4.24,5.28,4.12,70.56
20200107,4.03,4.1,4.03,4.09,4.03,0.06,1.4888,33986.3,13844.903,0.73,13.86,3.59,3.72,3.98,4.24,5.28,4.12,71.05
20200106,3.99,4.07,3.99,4.03,4.02,0.01,0.2488,38455.01,15540.995,0.73,13.86,3.59,3.72,3.98,4.24,5.28,4.12,71.03
20200103,4.07,4.08,4.0,4.02,4.06,-0.04,-0.9852,36746.5,14812.623,0.73,13.86,3.59,3.72,3.98,4.37,5.28,4.12,71.02
20200102,4.02,4.08,4.0,4.06,4.01,0.05,1.2469,53086.8,21450.327,0.73,13.86,3.59,3.72,3.98,4.37,5.28,4.12,71.0
20191231,3.95,4.05,3.95,4.01,3.99,0.02,0.5013,43097.0,17281.441,0.73,13.86,3.59,3.72,3.98,4.37,5.28,4.12,70.96
20191230,3.95,4.01,3.87,3.99,3.99,0.0,0.0,48872.01,19283.136,0.73,13.86,3.59,3.72,3.98,4.37,5.28,4.12,70.73
20191227,4.04,4.06,3.97,3.99,4.04,-0.05,-1.2376,38103.0,15332.635,0.73,13.86,3.59,3.72,3.98,4.37,5.28,4.12,70.35
20191226,3.96,4.04,3.94,4.04,3.97,0.07,1.7632,54623.8,21894.97,0.73,13.86,3.59,3.72,3.98,4.37,5.28,4.12,70.18
20191225,3.93,4.02,3.92,3.97,3.95,0.02,0.5063,43878.0,17390.739,0.73,13.86,3.59,3.72,3.85,4.37,5.28,4.12,50.45
20191224,3.85,3.95,3.74,3.95,3.83,0.12,3.1332,39096.01,15159.572,0.73,13.86,3.59,3.72,3.85,4.37,5.41,4.12,50.57
20191223,3.96,3.96,3.82,3.83,3.95,-0.12,-3.038,38559.0,14998.837,0.73,13.86,3.59,3.72,3.85,4.37,5.41,4.13,29.81
20191220,3.93,4.03,3.92,3.95,3.93,0.02,0.5089,49561.75,19698.201,0.73,13.86,3.59,3.72,3.98,4.37,5.41,4.13,49.59
20191219,3.89,4.11,3.89,3.93,3.9,0.03,0.7692,77404.3,30860.551,0.73,13.86,3.59,3.72,3.98,4.37,5.41,4.13,49.71
20191218,3.86,3.93,3.86,3.9,3.88,0.02,0.5155,39776.0,15471.095,0.73,13.86,3.59,3.72,3.85,4.37,5.41,4.13,50.76
20191217,3.87,3.9,3.84,3.88,3.86,0.02,0.5181,35764.06,13841.652,0.73,13.86,3.59,3.72,3.85,4.37,5.41,4.13,50.44
20191216,3.82,3.86,3.79,3.86,3.83,0.03,0.7833,29338.76,11221.986,0.73,13.86,3.59,3.72,3.98,4.37,5.41,4.13,49.98
20191213,3.77,3.85,3.77,3.83,3.75,0.08,2.1333,28518.75,10879.387,0.73,13.86,3.59,3.72,3.98,4.37,5.41,4.14,32.0
20191212,3.84,3.84,3.75,3.75,3.82,-0.07,-1.8325,18837.2,7129.685,0.73,13.86,3.59,3.72,3.98,4.37,5.41,4.14,31.57
20191211,3.79,3.83,3.77,3.82,3.8,0.02,0.5263,29023.15,11025.139,0.73,13.86,3.59,3.72,3.98,4.37,5.41,4.14,31.3
20191210,3.8,3.81,3.73,3.8,3.8,0.0,0.0,22646.2,8550.765,0.73,13.86,3.59,3.72,3.98,4.37,5.41,4.14,30.86
20191209,3.8,3.83,3.75,3.8,3.79,0.01,0.2639,31922.0,12091.474,0.73,13.86,3.59,3.72,3.98,4.37,5.41,4.14,30.52
20191206,3.78,3.81,3.76,3.79,3.79,0.0,0.0,24504.21,9272.869,0.73,13.86,3.59,3.72,3.98,4.37,5.41,4.15,30.03
20191205,3.77,3.82,3.74,3.79,3.77,0.02,0.5305,33208.21,12544.785,0.73,13.86,3.59,3.72,3.98,4.37,5.41,4.15,29.65
20191204,3.76,3.79,3.74,3.77,3.76,0.01,0.266,36710.21,13816.966,0.73,13.86,3.59,3.72,3.98,4.5,5.41,4.15,29.12
20191203,3.7,3.8,3.67,3.76,3.71,0.05,1.3477,30749.25,11499.327,0.73,13.86,3.59,3.72,3.98,4.5,5.41,4.16,28.54
20191202,3.71,3.75,3.69,3.71,3.72,-0.01,-0.2688,18841.0,7007.236,0.73,13.86,3.59,3.72,3.98,4.5,5.41,4.16,11.07
20191129,3.69,3.75,3.63,3.72,3.68,0.04,1.087,24867.0,9179.94,0.73,13.86,3.59,3.72,3.98,4.5,5.41,4.16,11.06
20191128,3.72,3.73,3.67,3.68,3.69,-0.01,-0.271,28331.51,10487.053,0.73,13.86,3.59,3.72,3.98,4.5,5.41,4.17,10.77
20191127,3.71,3.74,3.68,3.69,3.71,-0.02,-0.5391,19451.0,7232.328,0.73,13.86,3.59,3.72,3.98,4.5,5.41,4.17,10.44
20191126,3.73,3.78,3.7,3.71,3.77,-0.06,-1.5915,31665.0,11836.143,0.73,13.86,3.59,3.72,3.98,4.5,5.41,4.17,10.42
20191125,3.74,3.95,3.72,3.77,3.71,0.06,1.6173,55508.41,21167.464,0.73,13.86,3.59,3.72,3.98,4.5,5.41,4.17,25.21
20191122,3.74,3.79,3.69,3.71,3.74,-0.03,-0.8021,27729.0,10346.687,0.73,13.86,3.59,3.72,3.98,4.5,5.41,4.18,10.58
20191121,3.65,3.75,3.63,3.74,3.67,0.07,1.9074,34582.01,12761.964,0.73,13.86,3.59,3.72,3.98,4.5,5.41,4.18,24.25
20191120,3.66,3.73,3.65,3.67,3.66,0.01,0.2732,27269.0,10046.58,0.73,13.86,3.59,3.72,3.98,4.5,5.41,4.19,10.15
20191119,3.59,3.7,3.59,3.66,3.6,0.06,1.6667,32622.35,11908.717,0.73,13.86,3.59,3.72,3.98,4.5,5.41,4.19,9.83
20191118,3.63,3.66,3.57,3.6,3.62,-0.02,-0.5525,30383.75,10956.775,0.73,13.86,3.59,3.72,3.98,4.5,5.41,4.2,9.09
20191115,3.69,3.7,3.61,3.62,3.69,-0.07,-1.897,26018.0,9460.683,0.73,13.86,3.59,3.72,3.98,4.5,5.41,4.2,8.25
20191114,3.62,3.72,3.62,3.69,3.65,0.04,1.0959,29080.0,10679.068,0.73,13.86,3.59,3.72,3.98,4.5,5.41,4.21,7.64
20191113,3.68,3.7,3.64,3.65,3.71,-0.06,-1.6173,25333.0,9295.388,0.73,13.86,3.59,3.72,3.98,4.5,5.41,4.21,6.95
20191112,3.74,3.74,3.6,3.71,3.74,-0.03,-0.8021,44998.76,16513.937,0.73,13.86,3.59,3.72,3.98,4.5,5.41,4.21,6.34
20191111,3.76,3.84,3.69,3.74,3.79,-0.05,-1.3193,48450.16,18222.494,0.73,13.86,3.59,3.72,3.98,4.5,5.41,4.22,17.65
20191108,3.88,3.9,3.79,3.79,3.84,-0.05,-1.3021,69647.0,26726.07,0.73,13.86,3.59,3.72,3.98,4.5,5.41,4.23,16.47
20191107,3.71,3.93,3.67,3.84,3.75,0.09,2.4,111200.3,42608.447,0.73,13.86,3.59,3.72,3.98,4.5,5.41,4.23,15.8
20191106,3.91,4.0,3.74,3.75,4.12,-0.37,-8.9806,185687.42,72016.587,0.73,13.86,3.59,3.85,3.98,4.5,5.41,4.25,13.93
20191105,4.35,4.69,4.09,4.12,4.27,-0.15,-3.5129,289106.92,126498.249,0.73,13.86,3.59,3.85,3.98,4.63,5.41,4.27,66.12
20191104,4.11,4.27,4.11,4.27,3.88,0.39,10.0515,66988.03,28406.688,0.73,13.86,3.59,3.72,3.98,4.63,5.41,4.24,78.64
20191101,3.78,3.93,3.73,3.88,3.8,0.08,2.1053,36560.7,14007.348,0.73,13.86,3.59,3.72,3.98,4.63,5.54,4.24,32.75
20191031,3.87,3.91,3.79,3.8,3.85,-0.05,-1.2987,38585.13,14822.567,0.73,13.86,3.59,3.72,3.98,4.63,5.54,4.24,15.9
20191030,3.92,3.99,3.85,3.85,3.96,-0.11,-2.7778,29146.0,11374.037,0.73,13.86,3.59,3.72,3.98,4.63,5.54,4.25,15.52
20191029,4.04,4.1,3.9,3.96,4.06,-0.1,-2.4631,27141.78,10880.726,0.73,13.86,3.59,3.72,3.98,4.63,5.54,4.25,31.01
20191028,4.03,4.1,3.99,4.06,3.99,0.07,1.7544,32629.0,13244.48,0.73,13.86,3.59,3.72,3.98,4.63,5.54,4.25,57.27
20191025,4.03,4.05,3.97,3.99,4.04,-0.05,-1.2376,31098.03,12436.121,0.73,13.86,3.59,3.72,3.98,4.63,5.54,4.25,57.07
20191024,4.07,4.12,4.01,4.04,4.04,0.0,0.0,38294.79,15484.004,0.73,13.86,3.59,3.72,3.98,4.63,5.54,4.26,56.75
20191023,4.01,4.08,4.0,4.04,4.02,0.02,0.4975,37055.0,14965.521,0.73,13.86,3.59,3.72,3.98,4.63,5.54,4.26,56.96
20191022,4.0,4.05,3.97,4.02,4.04,-0.02,-0.495,42759.78,17141.755,0.73,13.86,3.59,3.72,3.98,4.63,5.54,4.26,56.75
20191021,3.89,4.1,3.88,4.04,3.85,0.19,4.9351,65091.06,26076.839,0.73,13.86,3.59,3.72,3.98,4.63,5.54,4.26,56.31
20191018,3.94,3.98,3.83,3.85,3.95,-0.1,-2.5316,42806.12,16693.412,0.73,13.86,3.59,3.72,3.98,4.63,5.54,4.26,17.23
20191017,4.04,4.04,3.92,3.95,4.0,-0.05,-1.25,25834.69,10252.014,0.73,13.86,3.59,3.72,3.98,4.76,5.54,4.27,32.61
20191016,4.07,4.12,3.99,4.0,4.09,-0.09,-2.2005,25556.0,10359.349,0.73,13.86,3.59,3.72,3.98,4.76,5.54,4.27,54.64
20191015,4.07,4.1,3.98,4.09,4.08,0.01,0.2451,28409.0,11480.703,0.73,13.86,3.59,3.72,3.98,4.76,5.54,4.27,54.75
20191014,4.12,4.12,4.03,4.08,4.11,-0.03,-0.7299,38121.75,15547.666,0.73,13.86,3.59,3.72,3.98,4.76,5.54,4.27,54.57
20191011,4.0,4.15,3.98,4.11,3.98,0.13,3.2663,66673.43,27247.996,0.73,13.86,3.59,3.72,3.98,4.76,5.54,4.27,54.74
20191010,3.88,4.04,3.87,3.98,3.87,0.11,2.8424,44860.02,17853.412,0.73,13.86,3.59,3.72,3.98,4.76,5.54,4.28,34.38
20191009,3.77,3.88,3.74,3.87,3.79,0.08,2.1108,34393.74,13103.905,0.73,13.86,3.59,3.72,3.98,4.76,5.54,4.28,34.73
20191008,3.79,3.89,3.77,3.79,3.82,-0.03,-0.7853,20955.0,8047.788,0.73,13.86,3.59,3.72,3.98,4.89,5.54,4.28,18.43
20190930,3.79,3.82,3.72,3.82,3.78,0.04,1.0582,17748.0,6687.629,0.73,13.86,3.59,3.72,3.98,4.89,5.54,4.29,18.24
20190927,3.66,3.8,3.64,3.78,3.65,0.13,3.5616,35679.73,13364.789,0.73,13.86,3.59,3.72,3.98,4.89,5.54,4.29,17.89
20190926,3.79,3.82,3.63,3.65,3.79,-0.14,-3.6939,36188.73,13404.095,0.73,13.86,3.59,3.72,3.98,4.89,5.54,4.29,8.46
20190925,3.96,3.96,3.76,3.79,3.93,-0.14,-3.5623,37883.0,14540.593,0.73,13.86,3.59,3.72,3.98,4.89,5.54,4.3,16.04
20190924,3.93,3.98,3.9,3.93,3.92,0.01,0.2551,30407.0,11970.541,0.73,13.86,3.59,3.72,3.98,4.89,5.54,4.31,30.71
20190923,3.98,4.0,3.87,3.92,4.0,-0.08,-2.0,38114.0,14970.479,0.73,13.86,3.59,3.72,3.98,5.02,5.54,4.31,30.26
20190920,3.91,4.13,3.9,4.0,3.94,0.06,1.5228,58881.54,23586.957,0.73,13.86,3.59,3.72,3.98,5.02,5.54,4.31,50.63
20190919,3.91,3.96,3.86,3.94,3.97,-0.03,-0.7557,53288.37,20806.659,0.73,13.86,3.59,3.72,3.98,5.02,5.54,4.32,30.54
20190918,3.92,4.21,3.88,3.97,3.89,0.08,2.0566,90305.04,36167.936,0.73,13.86,3.59,3.72,4.11,5.02,5.54,4.32,29.71
20190917,4.0,4.03,3.8,3.89,3.99,-0.1,-2.5063,34554.0,13524.768,0.73,13.86,3.59,3.72,4.11,5.02,5.54,4.33,30.42
20190916,4.04,4.05,3.98,3.99,4.02,-0.03,-0.7463,23038.0,9234.626,0.73,13.86,3.59,3.72,4.11,5.02,5.54,4.33,48.59
20190912,3.98,4.03,3.93,4.02,3.97,0.05,1.2594,26436.16,10533.469,0.73,13.86,3.59,3.72,4.11,5.02,5.54,4.33,48.39
20190911,4.03,4.05,3.95,3.97,4.03,-0.06,-1.4888,31205.0,12479.538,0.73,13.86,3.59,3.72,4.11,5.02,5.54,4.33,30.45
20190910,4.01,4.04,3.94,4.03,4.01,0.02,0.4988,25558.0,10185.424,0.73,13.86,3.59,3.72,4.11,5.02,5.54,4.34,47.63
20190909,3.99,4.06,3.91,4.01,3.96,0.05,1.2626,31242.0,12458.291,0.73,13.86,3.59,3.72,4.11,5.15,5.54,4.34,47.3
20190906,3.93,3.97,3.91,3.96,3.92,0.04,1.0204,24728.66,9758.777,0.73,13.86,3.59,3.72,4.11,5.15,5.54,4.34,31.01
20190905,3.94,3.99,3.89,3.92,3.92,0.0,0.0,40113.0,15846.32,0.73,13.86,3.59,3.72,4.11,5.15,5.54,4.35,30.64
20190904,3.92,3.93,3.83,3.92,3.93,-0.01,-0.2545,32072.0,12474.085,0.73,13.86,3.59,3.72,4.11,5.15,5.54,4.35,30.46
20190903,3.93,3.96,3.89,3.93,3.89,0.04,1.0283,22976.01,9009.52,0.73,13.86,3.59,3.72,4.11,5.15,5.54,4.35,29.83
20190902,3.82,3.94,3.76,3.89,3.79,0.1,2.6385,26682.0,10350.686,0.73,13.86,3.59,3.72,4.11,5.15,5.54,4.36,29.47
20190830,3.9,3.92,3.75,3.79,3.88,-0.09,-2.3196,29532.51,11301.336,0.73,13.86,3.59,3.72,4.11,5.15,5.54,4.36,18.79
20190829,3.87,3.93,3.85,3.88,3.87,0.01,0.2584,26410.0,10277.278,0.73,13.86,3.59,3.72,4.11,5.15,5.54,4.36,28.27
20190828,3.81,3.92,3.79,3.87,3.81,0.06,1.5748,36409.0,14085.07,0.73,13.86,3.59,3.72,4.11,5.15,5.54,4.37,27.85
20190827,3.77,3.84,3.75,3.81,3.75,0.06,1.6,26197.0,9986.913,0.73,13.86,3.59,3.72,4.11,5.15,5.54,4.37,18.78
20190826,3.78,3.79,3.73,3.75,3.84,-0.09,-2.3438,25742.32,9671.46,0.73,13.86,3.59,3.72,4.11,5.15,5.54,4.38,18.28
20190823,3.8,3.85,3.77,3.84,3.8,0.04,1.0526,28267.97,10756.163,0.73,13.86,3.59,3.72,4.11,5.15,5.54,4.38,17.77
20190822,3.75,3.83,3.72,3.8,3.75,0.05,1.3333,29603.0,11171.699,0.73,13.86,3.59,3.72,4.11,5.15,5.54,4.39,17.21
20190821,3.73,3.78,3.73,3.75,3.71,0.04,1.0782,25747.5,9670.0,0.73,13.86,3.59,3.72,4.11,5.15,5.54,4.39,16.6
20190820,3.75,3.76,3.71,3.71,3.71,0.0,0.0,35413.04,13218.203,0.73,13.86,3.59,3.72,4.11,5.15,5.54,4.4,10.5
20190819,3.61,3.72,3.61,3.71,3.6,0.11,3.0556,35873.93,13194.585,0.73,13.86,3.59,3.72,4.11,5.15,5.54,4.4,10.46
20190816,3.6,3.65,3.58,3.6,3.61,-0.01,-0.277,24755.0,8947.619,0.73,13.86,3.59,3.85,4.11,5.15,5.54,4.41,9.65
20190815,3.56,3.62,3.47,3.61,3.59,0.02,0.5571,27848.93,9884.609,0.73,13.86,3.59,3.85,4.11,5.15,5.54,4.42,8.97
20190814,3.6,3.63,3.55,3.59,3.55,0.04,1.1268,28096.0,10095.935,0.73,13.86,3.59,3.85,4.11,5.15,5.54,4.43,3.71
20190813,3.56,3.56,3.5,3.55,3.58,-0.03,-0.838,21860.95,7718.269,0.73,13.86,3.59,3.85,4.11,5.28,5.54,4.43,3.62
20190812,3.5,3.58,3.48,3.58,3.49,0.09,2.5788,23591.27,8342.355,0.73,13.86,3.59,3.85,4.11,5.28,5.54,4.44,3.07
20190809,3.6,3.64,3.49,3.49,3.58,-0.09,-2.514,34116.0,12153.534,0.73,13.86,3.59,3.85,4.11,5.28,5.54,4.45,2.48
20190808,3.6,3.64,3.55,3.58,3.59,-0.01,-0.2786,30053.0,10839.788,0.73,13.86,3.72,3.85,4.11,5.28,5.54,4.46,1.98
20190807,3.59,3.64,3.57,3.59,3.57,0.02,0.5602,31092.0,11192.861,0.73,13.86,3.72,3.85,4.11,5.28,5.54,4.46,1.86
20190806,3.6,3.65,3.45,3.57,3.73,-0.16,-4.2895,54111.51,19276.729,0.73,13.86,3.72,3.85,4.11,5.28,5.54,4.47,1.74
20190805,3.77,3.81,3.71,3.73,3.76,-0.03,-0.7979,34420.0,12945.827,0.73,13.86,3.72,3.98,4.11,5.28,5.54,4.49,5.44
20190802,3.8,3.8,3.71,3.76,3.9,-0.14,-3.5897,75132.0,28267.567,0.73,13.86,3.85,3.98,4.24,5.28,5.54,4.5,4.45
20190801,4.0,4.04,3.87,3.9,4.0,-0.1,-2.5,108880.15,42742.982,0.73,13.86,3.85,3.98,4.24,5.28,5.54,4.51,10.51
20190731,4.08,4.12,3.95,4.0,4.17,-0.17,-4.0767,158325.0,63478.347,0.73,13.86,3.85,3.98,4.24,5.28,5.54,4.53,27.11
20190730,4.02,4.19,4.02,4.17,4.24,-0.07,-1.6509,246219.53,100456.541,0.73,13.86,3.85,3.98,4.24,5.28,5.54,4.55,43.71
20190729,4.63,4.76,4.23,4.24,4.33,-0.09,-2.0785,325602.4,150594.633,0.73,13.86,3.85,3.98,4.37,5.28,5.67,4.59,39.14
20190726,3.95,4.33,3.9,4.33,3.94,0.39,9.8985,76388.6,32127.787,0.73,13.86,3.85,3.98,4.24,5.41,5.67,4.59,54.54
20190725,3.96,3.99,3.91,3.94,3.94,0.0,0.0,21115.0,8339.414,0.73,13.86,3.85,3.98,4.24,5.41,5.67,4.6,11.56
20190724,3.93,4.0,3.93,3.94,3.94,0.0,0.0,32485.0,12878.101,0.73,13.86,3.85,3.98,4.24,5.41,5.67,4.61,11.31
20190723,3.86,3.96,3.81,3.94,3.84,0.1,2.6042,24674.0,9565.665,0.73,13.86,3.85,3.98,4.24,5.41,5.67,4.61,10.94
20190722,4.01,4.01,3.83,3.84,3.99,-0.15,-3.7594,38907.0,15178.482,0.73,13.86,3.85,3.98,4.24,5.41,5.67,4.62,2.9
20190719,3.85,4.11,3.85,3.99,3.87,0.12,3.1008,51168.97,20461.135,0.73,13.86,3.85,3.98,4.24,5.41,5.67,4.63,23.44
20190718,3.94,3.96,3.85,3.87,3.93,-0.06,-1.5267,33757.97,13128.474,0.73,13.86,3.85,3.98,4.24,5.41,5.67,4.64,9.51
20190717,3.97,4.03,3.92,3.93,3.97,-0.04,-1.0076,39995.01,15907.714,0.73,13.86,3.85,3.98,4.24,5.41,5.67,4.64,8.73
20190716,3.97,4.01,3.94,3.97,4.01,-0.04,-0.9975,23973.94,9531.327,0.73,13.86,3.85,3.98,4.37,5.41,5.67,4.65,8.68
20190715,4.04,4.05,3.89,4.01,4.04,-0.03,-0.7426,33094.94,13137.644,0.73,13.86,3.85,3.98,4.37,5.41,5.67,4.66,19.91
20190712,3.94,4.07,3.93,4.04,3.93,0.11,2.799,31341.17,12520.998,0.73,13.86,3.85,3.98,4.37,5.41,5.67,4.66,19.05
20190711,3.91,4.02,3.91,3.93,3.95,-0.02,-0.5063,22981.03,9127.882,0.73,13.86,3.85,3.98,4.37,5.41,5.67,4.67,8.16
20190710,3.96,3.99,3.93,3.95,3.97,-0.02,-0.5038,21575.5,8537.826,0.73,13.86,3.85,3.98,4.37,5.41,5.67,4.67,7.87
20190709,3.91,3.99,3.85,3.97,3.91,0.06,1.5345,27750.0,10901.877,0.73,13.86,3.85,3.98,4.37,5.41,5.67,4.68,7.59
20190708,4.16,4.16,3.9,3.91,4.15,-0.24,-5.7831,61161.5,24213.149,0.73,13.86,3.85,3.98,4.37,5.41,5.67,4.68,7.23
20190705,4.1,4.18,4.08,4.15,4.14,0.01,0.2415,29017.01,11996.879,0.73,13.86,3.85,3.98,4.37,5.41,5.67,4.7,33.61
20190704,4.13,4.19,4.07,4.14,4.13,0.01,0.2421,34277.42,14218.01,0.73,13.86,3.85,3.98,4.37,5.41,5.67,4.7,33.08
20190703,4.15,4.3,4.12,4.13,4.12,0.01,0.2427,47115.0,19697.66,0.73,13.86,3.85,3.98,4.37,5.41,5.67,4.71,32.43
20190702,4.15,4.18,4.11,4.12,4.14,-0.02,-0.4831,31508.01,13070.466,0.73,13.86,3.85,3.98,4.37,5.41,5.67,4.71,32.26
20190701,4.12,4.17,4.08,4.14,4.02,0.12,2.9851,56055.61,23186.32,0.73,13.86,3.85,3.98,4.37,5.41,5.67,4.72,31.79
20190628,4.13,4.16,4.01,4.02,4.14,-0.12,-2.8986,35912.96,14548.597,0.73,13.86,3.85,3.98,4.5,5.41,5.67,4.73,15.63
20190627,4.11,4.16,4.08,4.14,4.09,0.05,1.2225,42735.59,17626.184,0.73,13.86,3.85,3.98,4.5,5.41,5.67,4.74,29.92
20190626,4.12,4.17,4.04,4.09,4.13,-0.04,-0.9685,48489.59,19971.051,0.73,13.86,3.85,3.98,4.5,5.41,5.67,4.75,15.32
20190625,4.23,4.33,4.07,4.13,4.25,-0.12,-2.8235,97085.85,40019.288,0.73,13.86,3.85,3.98,4.5,5.41,5.67,4.75,28.08
20190624,4.58,4.77,4.25,4.25,4.49,-0.24,-5.3452,151843.7,67185.922,0.73,13.86,3.85,3.98,4.5,5.41,5.67,4.77,37.42
20190621,4.37,4.49,4.37,4.49,4.08,0.41,10.049,62793.07,28096.773,0.73,13.86,3.85,3.98,4.5,5.41,5.67,4.78,46.32
20190620,4.06,4.12,3.99,4.08,4.06,0.02,0.4926,30151.0,12233.302,0.73,13.86,3.85,3.98,4.63,5.41,5.67,4.79,16.8
20190619,4.12,4.14,4.03,4.06,4.04,0.02,0.495,33810.2,13881.218,0.73,13.86,3.85,3.98,4.63,5.41,5.67,4.79,16.52
20190618,3.93,4.08,3.93,4.04,3.94,0.1,2.5381,30086.16,12105.949,0.73,13.86,3.85,3.98,4.63,5.41,5.67,4.8,16.56
20190617,3.92,3.99,3.89,3.94,3.95,-0.01,-0.2532,25951.14,10243.606,0.73,13.86,3.85,3.98,4.63,5.41,5.67,4.81,8.33
20190614,4.06,4.11,3.91,3.95,4.03,-0.08,-1.9851,33715.02,13516.686,0.73,13.86,3.85,3.98,4.76,5.41,5.67,4.81,8.0
20190613,3.96,4.08,3.95,4.03,3.96,0.07,1.7677,34620.78,13947.056,0.73,13.86,3.85,4.11,4.76,5.41,5.67,4.82,14.25
20190612,4.03,4.07,3.94,3.96,3.99,-0.03,-0.7519,33962.02,13564.641,0.73,13.86,3.85,4.11,4.76,5.41,5.67,4.83,7.87
20190611,3.86,4.02,3.82,3.99,3.87,0.12,3.1008,36668.92,14487.182,0.73,13.86,3.85,4.11,4.76,5.41,5.67,4.84,12.48
20190610,3.64,3.9,3.64,3.87,3.67,0.2,5.4496,47752.02,18156.448,0.73,13.86,3.85,4.11,4.76,5.54,5.67,4.85,7.11
20190606,3.83,3.85,3.6,3.67,3.86,-0.19,-4.9223,34925.0,13037.189,0.73,13.86,3.85,4.11,4.89,5.54,5.67,4.87,1.0
20190605,3.85,3.9,3.8,3.86,3.83,0.03,0.7833,28948.0,11134.227,0.73,13.86,3.98,4.11,4.89,5.54,5.67,4.88,4.46
20190604,3.89,3.92,3.79,3.83,3.89,-0.06,-1.5424,34726.0,13323.062,0.73,13.86,3.98,4.11,4.89,5.54,5.67,4.89,1.66
20190603,4.09,4.11,3.85,3.89,4.09,-0.2,-4.89,48516.0,19187.798,0.73,13.86,3.98,4.11,4.89,5.54,5.67,4.9,2.51
20190531,4.08,4.16,4.02,4.09,4.08,0.01,0.2451,30124.0,12363.361,0.73,13.86,3.98,4.11,5.02,5.54,5.67,4.92,5.26
20190530,4.15,4.16,3.98,4.08,4.16,-0.08,-1.9231,37183.0,15094.021,0.73,13.86,4.11,4.11,5.02,5.54,5.67,4.93,4.85
20190529,4.15,4.24,4.12,4.16,4.16,0.0,0.0,47970.0,20036.443,0.73,13.86,4.11,4.11,5.02,5.54,5.67,4.94,15.38
20190528,4.28,4.34,4.13,4.16,4.26,-0.1,-2.3474,57446.2,24412.431,0.73,13.86,4.11,4.24,5.02,5.54,5.67,4.95,14.37
20190527,4.2,4.3,4.07,4.26,4.23,0.03,0.7092,52697.57,22109.42,0.73,13.86,4.11,4.24,5.02,5.54,5.67,4.96,26.02
20190524,4.15,4.23,4.08,4.23,4.2,0.03,0.7143,29004.01,12000.377,0.73,13.86,4.11,4.24,5.02,5.54,5.67,4.97,13.5
20190523,4.3,4.3,4.07,4.2,4.28,-0.08,-1.8692,40162.43,16763.902,0.73,13.86,4.11,4.24,5.02,5.54,5.67,4.98,12.76
20190522,4.24,4.42,4.2,4.28,4.23,0.05,1.182,61945.91,26607.38,0.73,13.86,4.11,4.24,5.02,5.54,5.67,4.99,22.97
20190521,4.03,4.24,4.03,4.23,4.08,0.15,3.6765,34591.54,14418.053,0.73,13.86,4.11,4.24,5.02,5.54,5.67,5.01,12.13
20190520,4.1,4.11,3.93,4.08,4.11,-0.03,-0.7299,37735.9,15204.852,0.73,13.86,4.11,4.24,5.15,5.54,5.67,5.02,4.17
20190517,4.36,4.41,4.08,4.11,4.35,-0.24,-5.5172,55992.44,23726.564,0.73,13.86,4.11,4.24,5.15,5.54,5.67,5.03,3.06
20190516,4.3,4.35,4.29,4.35,4.28,0.07,1.6355,33649.62,14544.301,0.73,13.86,4.11,4.24,5.15,5.54,5.67,5.04,19.12
20190515,4.22,4.3,4.22,4.28,4.2,0.08,1.9048,33180.0,14158.618,0.73,13.86,4.11,4.24,5.15,5.54,5.67,5.05,18.46
20190514,4.2,4.26,4.16,4.2,4.22,-0.02,-0.4739,36086.02,15208.296,0.73,13.86,4.11,4.24,5.15,5.54,5.67,5.06,9.72
20190513,4.25,4.3,4.19,4.22,4.3,-0.08,-1.8605,38603.28,16382.622,0.73,13.86,4.11,4.24,5.15,5.54,5.67,5.07,9.28
20190510,4.3,4.33,4.14,4.3,4.16,0.14,3.3654,54996.03,23279.214,0.73,13.86,4.11,4.24,5.15,5.54,5.67,5.08,15.73
20190509,4.17,4.35,4.13,4.16,4.2,-0.04,-0.9524,32350.0,13619.807,0.73,13.86,4.11,4.37,5.15,5.54,5.67,5.1,8.54
20190508,4.11,4.3,4.06,4.2,4.14,0.06,1.4493,39841.02,16755.919,0.73,13.86,4.11,4.37,5.15,5.54,5.67,5.11,8.14
20190507,4.09,4.21,4.04,4.14,4.05,0.09,2.2222,53255.02,21942.803,0.73,13.86,4.11,4.37,5.15,5.54,5.8,5.12,7.37
20190506,4.38,4.38,3.99,4.05,4.43,-0.38,-8.5779,58327.57,24113.805,0.73,13.86,4.11,4.37,5.15,5.54,5.8,5.14,2.94
20190430,4.25,4.44,4.18,4.43,4.26,0.17,3.9906,50625.98,22144.05,0.73,13.86,4.24,4.5,5.15,5.54,5.8,5.15,14.69
20190429,4.71,4.71,4.26,4.26,4.73,-0.47,-9.9366,97210.0,42334.224,0.73,13.86,4.24,4.5,5.28,5.54,5.8,5.17,8.52
20190426,4.96,4.96,4.72,4.73,4.94,-0.21,-4.251,45196.0,21645.401,0.73,13.86,4.11,4.5,5.28,5.54,5.8,5.19,19.95
20190425,5.15,5.17,4.84,4.94,5.18,-0.24,-4.6332,48917.0,24449.773,0.73,13.86,4.11,4.5,5.28,5.54,5.8,5.19,27.65
20190424,5.15,5.2,5.02,5.18,5.15,0.03,0.5825,44536.72,22751.92,0.73,13.86,4.11,4.5,5.28,5.54,5.8,5.2,46.03
20190423,5.29,5.35,5.07,5.15,5.32,-0.17,-3.1955,58413.27,30333.022,0.73,13.86,4.11,4.5,5.28,5.54,5.8,5.2,35.31
20190422,5.41,5.55,5.29,5.32,5.39,-0.07,-1.2987,54397.95,29366.52,0.73,13.86,4.11,4.5,5.28,5.54,5.8,5.2,58.95
20190419,5.43,5.45,5.32,5.39,5.43,-0.04,-0.7366,41361.95,22271.239,0.73,13.86,4.11,4.5,5.28,5.54,5.8,5.19,59.5
20190418,5.44,5.5,5.38,5.43,5.44,-0.01,-0.1838,44533.45,24224.434,0.73,13.86,4.11,4.5,5.28,5.54,5.8,5.19,76.52
20190417,5.36,5.45,5.32,5.44,5.39,0.05,0.9276,73971.72,39829.349,0.73,13.86,4.11,4.5,5.28,5.54,5.8,5.18,76.37
20190416,5.39,5.4,5.21,5.39,5.4,-0.01,-0.1852,74071.57,39189.774,0.73,13.86,4.11,4.5,5.28,5.54,5.8,5.18,60.94
20190415,5.56,5.62,5.36,5.4,5.55,-0.15,-2.7027,93567.04,51200.738,0.73,13.86,4.11,4.5,5.28,5.54,5.8,5.17,60.27
20190412,5.6,5.65,5.47,5.55,5.69,-0.14,-2.4605,99071.83,55156.103,0.73,13.86,4.11,4.5,5.15,5.54,5.8,5.16,88.08
20190411,5.52,5.92,5.37,5.69,5.6,0.09,1.6071,147644.88,82373.897,0.73,13.86,4.11,4.5,5.15,5.54,5.8,5.14,93.93
20190410,5.54,5.93,5.53,5.6,5.51,0.09,1.6334,173898.31,99094.679,0.73,13.86,4.11,4.37,5.15,5.54,5.8,5.11,89.87
20190409,5.35,5.62,5.35,5.51,5.4,0.11,2.037,84682.72,46650.285,0.73,13.86,4.11,4.37,5.15,5.41,5.67,5.07,86.29
20190408,5.53,5.54,5.27,5.4,5.48,-0.08,-1.4599,71139.33,38450.664,0.73,13.86,4.11,4.37,5.15,5.41,5.67,5.06,74.01
20190404,5.48,5.55,5.41,5.48,5.5,-0.02,-0.3636,84664.22,46178.861,0.73,13.86,4.11,4.37,5.02,5.41,5.67,5.05,86.91
20190403,5.26,5.54,5.25,5.5,5.3,0.2,3.7736,119018.37,64555.179,0.73,13.86,4.11,4.37,5.02,5.41,5.67,5.03,88.25
20190402,5.32,5.42,5.26,5.3,5.29,0.01,0.189,102480.0,54836.249,0.73,13.86,4.11,4.37,5.02,5.41,5.67,5.01,78.34
20190401,5.14,5.37,5.12,5.29,5.14,0.15,2.9183,96024.3,50634.648,0.73,13.86,4.11,4.37,5.02,5.41,5.67,5.0,78.98
20190329,5.02,5.19,4.93,5.14,5.03,0.11,2.1869,86248.33,43708.35,0.73,13.86,4.11,4.37,5.02,5.41,5.67,4.99,57.83
20190328,5.11,5.28,5.01,5.03,5.22,-0.19,-3.6398,89331.5,46005.447,0.73,13.86,4.11,4.37,5.02,5.41,5.67,4.99,57.71
20190327,5.31,5.4,5.06,5.22,5.28,-0.06,-1.1364,104748.54,54113.776,0.73,13.86,4.11,4.37,5.02,5.41,5.67,4.98,68.19
20190326,5.5,5.59,5.21,5.28,5.68,-0.4,-7.0423,174676.43,94804.741,0.73,13.86,3.98,4.37,4.89,5.41,5.67,4.97,68.47
20190325,5.38,5.95,5.27,5.68,5.61,0.07,1.2478,322792.32,178412.773,0.73,13.86,3.98,4.24,4.89,5.41,5.67,4.94,95.38
20190322,5.1,5.61,5.1,5.61,5.1,0.51,10.0,309636.61,170985.678,0.73,13.86,3.98,4.24,4.76,5.28,5.54,4.85,96.55
20190321,5.1,5.17,5.05,5.1,5.09,0.01,0.1965,88201.72,45098.742,0.73,13.86,3.98,4.24,4.63,5.15,5.41,4.78,80.9
20190320,5.09,5.15,4.97,5.09,5.1,-0.01,-0.1961,90233.0,45752.996,0.73,13.86,3.98,4.24,4.63,5.15,5.41,4.77,82.14
20190319,5.18,5.2,5.04,5.1,5.22,-0.12,-2.2989,126241.75,64572.395,0.73,13.86,3.98,4.24,4.63,5.15,5.41,4.76,82.03
20190318,5.51,5.63,5.1,5.22,5.36,-0.14,-2.6119,193839.01,102504.862,0.73,13.86,3.98,4.24,4.63,5.15,5.41,4.74,89.37
20190315,4.87,5.36,4.87,5.36,4.87,0.49,10.0616,101833.74,53060.923,0.73,13.86,3.98,4.24,4.63,5.02,5.28,4.69,95.65
20190314,4.96,5.09,4.78,4.87,4.99,-0.12,-2.4048,64901.96,31995.698,0.73,13.86,3.98,4.11,4.5,5.02,5.28,4.67,73.02
20190313,5.07,5.12,4.91,4.99,5.01,-0.02,-0.3992,90227.01,45416.786,0.73,13.86,3.85,4.11,4.5,5.02,5.28,4.66,82.99
20190312,5.08,5.14,4.88,5.01,4.95,0.06,1.2121,94309.66,47417.835,0.73,13.86,3.85,4.11,4.5,4.89,5.28,4.65,85.33
20190311,4.8,4.98,4.75,4.95,4.71,0.24,5.0955,81759.65,40023.814,0.73,13.86,3.85,4.11,4.5,4.89,5.28,4.63,87.01
20190308,4.99,5.16,4.65,4.71,5.12,-0.41,-8.0078,110148.5,53872.381,0.73,13.86,3.85,4.11,4.5,4.89,5.28,4.62,70.58
20190307,4.94,5.22,4.9,5.12,4.95,0.17,3.4343,95259.56,48224.295,0.73,13.86,3.85,4.11,4.5,4.89,5.28,4.61,92.13
20190306,4.82,4.96,4.77,4.95,4.85,0.1,2.0619,91037.55,44256.58,0.73,13.86,3.85,4.11,4.5,4.76,5.28,4.59,90.93
20190305,4.73,4.86,4.7,4.85,4.71,0.14,2.9724,92727.56,44323.793,0.73,13.86,3.85,4.11,4.5,4.76,5.28,4.57,87.49
20190304,4.64,4.83,4.62,4.71,4.65,0.06,1.2903,93164.16,43920.473,0.73,13.86,3.85,4.11,4.5,4.76,5.28,4.56,80.63
20190301,4.63,4.7,4.6,4.65,4.65,0.0,0.0,56899.0,26412.463,0.73,13.86,3.85,4.11,4.5,4.76,5.28,4.56,81.3
20190228,4.56,4.74,4.56,4.65,4.56,0.09,1.9737,97187.0,45209.054,0.73,13.86,3.85,4.11,4.5,4.76,5.28,4.56,81.24
20190227,4.55,4.65,4.5,4.56,4.59,-0.03,-0.6536,82491.0,37850.134,0.73,13.86,3.85,4.11,4.37,4.76,5.41,4.55,69.67
20190226,4.68,4.7,4.5,4.59,4.61,-0.02,-0.4338,102344.98,47009.427,0.73,13.86,3.85,4.11,4.37,4.76,5.41,4.54,70.47
20190225,4.49,4.62,4.43,4.61,4.43,0.18,4.0632,111225.35,50516.291,0.73,13.86,3.85,4.11,4.37,4.76,5.41,4.54,71.52
20190222,4.35,4.49,4.33,4.43,4.34,0.09,2.0737,73114.3,32258.008,0.73,13.86,3.85,4.11,4.37,4.76,5.41,4.54,56.19
20190221,4.38,4.56,4.26,4.34,4.38,-0.04,-0.9132,99671.7,44218.412,0.73,13.86,3.85,4.11,4.37,4.76,5.41,4.54,38.41
20190220,4.44,4.44,4.3,4.38,4.44,-0.06,-1.3514,56411.29,24675.937,0.73,13.86,3.85,4.11,4.37,4.89,5.41,4.54,55.2
20190219,4.35,4.44,4.31,4.44,4.35,0.09,2.069,76061.59,33294.487,0.73,13.86,3.85,4.11,4.37,4.89,5.41,4.54,54.59
20190218,4.23,4.36,4.22,4.35,4.23,0.12,2.8369,60879.3,26164.04,0.73,13.86,3.85,4.11,4.37,4.89,5.41,4.54,40.81
20190215,4.29,4.3,4.19,4.23,4.31,-0.08,-1.8561,62704.78,26543.176,0.73,13.86,3.85,4.11,4.37,4.89,5.54,4.54,26.15
20190214,4.16,4.41,4.13,4.31,4.17,0.14,3.3573,83726.28,35770.634,0.73,13.86,3.85,4.11,4.37,4.89,5.54,4.55,38.64
20190213,4.16,4.19,4.11,4.17,4.12,0.05,1.2136,43745.28,18169.464,0.73,13.86,3.85,4.11,4.37,4.89,5.54,4.55,26.27
20190212,4.1,4.18,4.06,4.12,4.07,0.05,1.2285,48345.29,19900.572,0.73,13.86,3.85,4.11,4.5,4.89,5.54,4.56,25.52
20190211,4.05,4.09,3.99,4.07,3.99,0.08,2.005,36377.0,14750.488,0.73,13.86,3.85,4.11,4.5,4.89,5.54,4.56,14.94
20190201,3.82,4.05,3.8,3.99,3.77,0.22,5.8355,45729.0,18135.36,0.73,13.86,3.85,4.11,4.5,4.89,5.54,4.57,14.17
20190131,3.96,4.02,3.71,3.77,3.98,-0.21,-5.2764,45108.0,17450.331,0.73,13.86,3.85,4.11,4.5,4.89,5.54,4.58,4.53
20190130,3.98,4.1,3.91,3.98,4.01,-0.03,-0.7481,29419.0,11758.46,0.73,13.86,3.85,4.11,4.5,4.89,5.54,4.59,7.13
20190129,4.11,4.13,3.86,4.01,4.11,-0.1,-2.4331,44579.01,17732.909,0.73,13.86,3.85,4.11,4.5,4.89,5.54,4.59,10.74
20190128,4.1,4.18,4.08,4.11,4.06,0.05,1.2315,47264.61,19488.695,0.73,13.86,3.85,4.11,4.5,4.89,5.54,4.6,9.93
20190125,4.22,4.24,4.04,4.06,4.22,-0.16,-3.7915,53568.51,22127.554,0.73,13.86,3.85,4.11,4.5,4.89,5.54,4.61,9.88
20190124,4.2,4.26,4.17,4.22,4.2,0.02,0.4762,31730.0,13384.826,0.73,13.86,3.85,4.11,4.5,4.89,5.54,4.62,16.63
20190123,4.19,4.25,4.17,4.2,4.17,0.03,0.7194,33606.01,14147.138,0.73,13.86,3.85,4.11,4.5,4.89,5.54,4.62,16.32
20190122,4.25,4.25,4.16,4.17,4.25,-0.08,-1.8824,31947.01,13430.594,0.73,13.86,3.85,4.11,4.5,4.89,5.54,4.62,15.98
20190121,4.23,4.28,4.2,4.25,4.24,0.01,0.2358,29001.01,12301.876,0.73,13.86,3.85,4.11,4.5,4.89,5.54,4.63,26.67
20190118,4.21,4.26,4.15,4.24,4.21,0.03,0.7126,38174.0,16073.711,0.73,13.86,3.85,4.11,4.5,4.89,5.54,4.63,15.67
20190117,4.34,4.34,4.19,4.21,4.34,-0.13,-2.9954,46333.0,19761.743,0.73,13.86,3.85,4.11,4.5,4.89,5.54,4.63,15.28
20190116,4.44,4.44,4.32,4.34,4.43,-0.09,-2.0316,53496.0,23368.617,0.73,13.86,3.85,4.11,4.5,4.89,5.67,4.64,24.13
20190115,4.39,4.43,4.35,4.43,4.4,0.03,0.6818,41465.5,18227.849,0.73,13.86,3.85,4.11,4.5,4.89,5.67,4.64,38.16
20190114,4.43,4.48,4.37,4.4,4.45,-0.05,-1.1236,36509.0,16119.268,0.73,13.86,3.85,4.11,4.5,5.02,5.67,4.64,37.46
20190111,4.45,4.47,4.35,4.45,4.43,0.02,0.4515,52349.95,23117.044,0.73,13.86,3.85,4.11,4.5,5.02,5.67,4.65,36.98
20190110,4.5,4.57,4.43,4.43,4.55,-0.12,-2.6374,65865.0,29507.843,0.73,13.86,3.85,4.11,4.5,5.02,5.67,4.65,36.06
20190109,4.56,4.63,4.52,4.55,4.5,0.05,1.1111,77275.5,35434.03,0.73,13.86,3.85,4.11,4.5,5.02,5.67,4.65,54.55
20190108,4.64,4.64,4.48,4.5,4.64,-0.14,-3.0172,71620.0,32516.027,0.73,13.86,3.72,4.11,4.5,5.02,5.67,4.65,36.88
20190107,4.57,4.72,4.52,4.64,4.54,0.1,2.2026,87712.0,40462.6,0.73,13.86,3.72,4.11,4.5,5.02,5.67,4.65,67.07
20190104,4.44,4.59,4.39,4.54,4.49,0.05,1.1136,71766.5,32414.819,0.73,13.86,3.72,4.11,4.5,5.02,5.67,4.65,54.18
20190103,4.54,4.65,4.41,4.49,4.61,-0.12,-2.603,90907.01,40944.286,0.73,13.86,3.72,4.11,4.5,5.02,5.67,4.65,39.47
20190102,4.9,4.95,4.59,4.61,4.58,0.03,0.655,159308.5,75813.543,0.73,13.86,3.72,4.11,4.5,5.02,5.67,4.65,53.09
20181228,4.5,4.61,4.43,4.58,4.53,0.05,1.1038,83359.5,37653.226,0.73,13.86,3.72,4.11,4.5,5.02,5.67,4.64,56.06
20181227,4.7,4.76,4.46,4.53,4.66,-0.13,-2.7897,105834.5,48706.084,0.73,13.86,3.72,4.11,4.5,5.02,5.67,4.64,55.19
20181226,4.63,4.8,4.63,4.66,4.76,-0.1,-2.1008,131510.5,62073.084,0.73,13.86,3.72,4.11,4.5,5.02,5.67,4.64,64.74
20181225,4.66,4.85,4.38,4.76,4.67,0.09,1.9272,202477.5,93432.36,0.73,13.86,3.72,3.98,4.5,5.02,5.8,4.63,65.81
20181224,4.7,5.08,4.59,4.67,4.82,-0.15,-3.112,279779.12,133456.139,0.73,13.86,3.72,3.98,4.37,5.15,5.8,4.63,64.76
20181221,4.33,4.82,4.3,4.82,4.38,0.44,10.0457,255643.2,116690.56,0.73,13.86,3.72,3.98,4.37,5.15,5.8,4.6,73.1
20181220,4.23,4.42,4.19,4.38,4.27,0.11,2.5761,115479.0,50083.132,0.73,13.86,3.72,3.98,4.37,5.15,5.8,4.59,59.32
20181219,4.24,4.42,4.21,4.27,4.15,0.12,2.8916,104182.11,44760.048,0.73,13.86,3.72,3.85,4.37,5.15,5.93,4.6,44.88
20181218,4.15,4.22,4.09,4.15,4.17,-0.02,-0.4796,55575.5,23082.855,0.73,13.86,3.72,3.85,4.37,5.15,5.93,4.61,31.35
20181217,4.0,4.22,3.98,4.17,4.06,0.11,2.7094,68506.64,28346.769,0.73,13.86,3.72,3.85,4.37,5.15,5.93,4.62,30.25
20181214,4.3,4.3,4.04,4.06,4.27,-0.21,-4.918,62665.0,26058.62,0.73,13.86,3.72,3.85,4.37,5.15,5.93,4.63,22.03
20181213,4.34,4.38,4.27,4.27,4.34,-0.07,-1.6129,77988.64,33616.586,0.73,13.86,3.72,3.85,4.37,5.15,5.93,4.63,40.72
20181212,4.28,4.48,4.19,4.34,4.27,0.07,1.6393,112728.75,48701.548,0.73,13.86,3.72,3.85,4.37,5.28,5.93,4.64,40.66
20181211,4.21,4.29,4.15,4.27,4.21,0.06,1.4252,48528.84,20549.408,0.73,13.86,3.72,3.85,4.37,5.28,5.93,4.65,39.83
20181210,4.21,4.28,4.14,4.21,4.23,-0.02,-0.4728,42964.0,18060.19,0.73,13.86,3.59,3.85,4.37,5.28,5.93,4.65,29.59
20181207,4.2,4.29,4.19,4.23,4.22,0.01,0.237,45577.61,19358.199,0.73,13.86,3.59,3.85,4.5,5.28,5.93,4.66,29.4
20181206,4.33,4.34,4.19,4.22,4.29,-0.07,-1.6317,62961.61,26829.747,0.73,13.86,3.59,3.85,4.5,5.28,5.93,4.66,29.68
20181205,4.36,4.42,4.28,4.29,4.49,-0.2,-4.4543,95395.5,41385.692,0.73,13.86,3.59,3.85,4.5,5.28,5.93,4.67,36.26
20181204,4.39,4.55,4.35,4.49,4.38,0.11,2.5114,121277.0,54101.354,0.73,13.86,3.59,3.85,4.5,5.28,5.93,4.68,46.02
20181203,4.37,4.49,4.31,4.38,4.28,0.1,2.3364,100692.5,44370.323,0.73,13.86,3.59,3.85,4.5,5.28,5.93,4.69,45.35
20181130,4.25,4.29,4.09,4.28,4.23,0.05,1.182,99865.5,41992.277,0.73,13.86,3.59,3.85,4.63,5.28,5.93,4.69,38.2
20181129,4.47,4.48,4.19,4.23,4.48,-0.25,-5.5804,111031.2,48386.935,0.73,13.86,3.59,3.85,4.63,5.41,5.93,4.71,32.72
20181128,4.46,4.66,4.24,4.48,4.45,0.03,0.6742,126649.7,56026.219,0.73,13.86,3.59,3.85,4.63,5.41,5.93,4.72,39.84
20181127,4.51,4.55,4.37,4.45,4.51,-0.06,-1.3304,76448.7,34133.188,0.73,13.86,3.59,3.85,4.76,5.41,6.06,4.73,39.51
20181126,4.48,4.54,4.37,4.51,4.43,0.08,1.8059,89087.2,39787.508,0.73,13.86,3.59,3.85,4.76,5.41,6.06,4.73,43.02
20181123,4.87,4.9,4.41,4.43,4.87,-0.44,-9.0349,155428.75,71368.477,0.73,13.86,3.59,3.85,4.89,5.41,6.06,4.74,39.28
20181122,4.97,4.98,4.78,4.87,4.88,-0.01,-0.2049,104584.1,50883.087,0.73,13.86,3.59,3.72,4.89,5.41,6.06,4.74,47.78
20181121,4.77,5.03,4.77,4.88,4.75,0.13,2.7368,148287.51,72640.437,0.73,13.86,3.59,3.72,4.89,5.54,6.06,4.73,47.96
20181120,5.1,5.15,4.7,4.75,5.18,-0.43,-8.3012,197250.5,96871.54,0.73,13.86,3.59,3.72,4.76,5.54,6.06,4.71,47.84
20181119,5.25,5.28,5.01,5.18,5.46,-0.28,-5.1282,228814.52,117959.305,0.73,13.86,3.59,3.72,4.63,5.54,6.06,4.69,73.93
20181116,5.1,5.47,4.95,5.46,5.13,0.33,6.4327,382280.15,200710.828,0.73,13.86,3.59,3.72,4.11,5.67,6.06,4.65,81.55
20181115,5.05,5.25,4.92,5.13,5.31,-0.18,-3.3898,277337.02,141038.028,0.73,13.86,3.59,3.72,3.98,5.67,6.19,4.57,70.91
20181114,6.24,6.24,5.18,5.31,5.67,-0.36,-6.3492,495605.2,278147.818,0.73,13.86,3.59,3.72,3.98,5.67,6.19,4.51,73.93
20181113,5.67,5.67,5.67,5.67,5.15,0.52,10.0971,55778.62,31626.477,0.73,13.86,3.46,3.72,3.85,4.63,6.45,4.29,88.21
20181112,5.15,5.15,5.15,5.15,4.68,0.47,10.0427,11655.0,6002.325,0.73,13.86,3.46,3.72,3.85,4.63,6.45,4.25,88.26
20181109,4.68,4.68,4.54,4.68,4.25,0.43,10.1176,124560.24,58174.137,0.73,13.86,3.46,3.72,3.85,4.63,6.45,4.25,87.33
20181108,3.98,4.25,3.92,4.25,3.86,0.39,10.1036,98717.84,41021.037,0.73,13.86,3.46,3.59,3.85,4.24,6.45,4.22,86.04
20181107,3.96,3.96,3.85,3.86,3.96,-0.1,-2.5253,81956.36,31890.549,0.73,13.86,3.46,3.59,3.85,4.24,6.45,4.22,59.32
20181106,3.95,4.04,3.85,3.96,4.03,-0.07,-1.737,143948.84,56735.464,0.73,13.86,3.46,3.59,3.85,4.24,6.45,4.23,58.92
20181105,3.95,4.15,3.86,4.03,3.88,0.15,3.866,208133.89,83121.208,0.73,13.86,3.46,3.59,3.85,4.37,6.45,4.24,76.0
20181102,3.82,4.02,3.82,3.88,3.82,0.06,1.5707,137572.84,53224.619,0.73,13.86,3.46,3.59,3.85,4.63,6.58,4.26,63.7
20181101,3.75,3.93,3.7,3.82,3.82,0.0,0.0,156148.65,59702.497,0.73,13.86,3.46,3.59,3.85,4.76,6.71,4.27,41.23
20181031,3.68,4.1,3.67,3.82,3.76,0.06,1.5957,300184.0,116686.905,0.73,13.86,3.46,3.59,3.85,5.15,6.84,4.29,40.08
20181030,3.72,3.92,3.58,3.76,3.98,-0.22,-5.5276,295169.0,109073.222,0.73,13.86,3.33,3.59,3.85,5.54,7.1,4.34,41.42
20181029,3.99,4.27,3.93,3.98,3.88,0.1,2.5773,381335.98,155277.551,0.73,13.86,3.33,3.59,3.85,5.8,7.36,4.41,56.81
20181026,3.6,3.88,3.53,3.88,3.53,0.35,9.915,193421.5,74757.48,0.73,13.86,3.33,3.59,3.85,5.93,7.62,4.46,64.42
20181025,3.38,3.65,3.29,3.53,3.5,0.03,0.8571,61428.0,21777.971,0.73,13.86,3.33,3.59,3.85,6.06,7.75,4.51,11.31
20181024,3.5,3.61,3.48,3.5,3.61,-0.11,-3.0471,67058.93,23673.486,0.73,13.86,3.33,3.59,3.85,6.06,7.75,4.53,9.98
20181023,3.45,3.77,3.4,3.61,3.43,0.18,5.2478,140513.0,51507.151,0.73,13.86,3.33,3.59,3.85,6.06,7.75,4.55,18.19
20181022,3.31,3.43,3.26,3.43,3.12,0.31,9.9359,51115.24,17361.74,0.73,13.86,3.33,3.59,3.85,6.06,7.88,4.6,6.58
20181019,3.04,3.18,2.91,3.12,3.05,0.07,2.2951,25863.61,7909.068,0.73,13.86,3.33,3.72,3.85,6.06,7.88,4.62,2.5
20181018,3.2,3.2,3.04,3.05,3.19,-0.14,-4.3887,12833.5,3981.69,0.73,13.86,3.46,3.72,3.85,6.06,7.88,4.63,0.46
20181017,3.24,3.25,3.15,3.19,3.18,0.01,0.3145,13235.3,4231.791,0.73,13.86,3.46,3.72,3.85,6.06,7.88,4.63,1.28
20181016,3.24,3.28,3.1,3.18,3.22,-0.04,-1.2422,16816.0,5380.822,0.73,13.86,3.59,3.72,3.85,6.06,7.88,4.64,1.23
20181015,3.24,3.31,3.16,3.22,3.26,-0.04,-1.227,21857.0,7080.041,0.73,13.86,3.59,3.72,3.85,6.06,7.88,4.65,2.2
20181012,3.32,3.32,2.98,3.26,3.31,-0.05,-1.5106,34356.36,10831.402,0.73,13.86,3.59,3.72,3.85,6.19,7.88,4.65,1.55
20181011,3.61,3.61,3.31,3.31,3.68,-0.37,-10.0543,33553.0,11371.932,0.73,13.86,3.59,3.72,3.85,6.19,7.88,4.67,0.42
20181010,3.7,3.71,3.6,3.68,3.69,-0.01,-0.271,20003.0,7319.314,0.73,13.86,3.59,3.72,3.85,6.19,7.88,4.68,9.16
20181009,3.66,3.69,3.63,3.69,3.68,0.01,0.2717,12387.0,4538.756,0.73,13.86,3.59,3.72,3.85,6.19,7.88,4.68,8.71
20181008,3.72,3.72,3.61,3.68,3.76,-0.08,-2.1277,20278.0,7420.802,0.73,13.86,3.59,3.72,3.85,6.19,7.88,4.68,8.43
20180928,3.77,3.79,3.68,3.76,3.75,0.01,0.2667,29894.51,11143.72,0.73,13.86,3.59,3.72,3.85,6.19,7.88,4.69,30.47
20180927,3.76,3.84,3.71,3.75,3.75,0.0,0.0,20145.0,7568.891,0.73,13.86,3.59,3.72,3.85,6.19,7.88,4.69,29.9
20180926,3.82,3.82,3.75,3.75,3.79,-0.04,-1.0554,13093.0,4970.897,0.73,13.86,3.59,3.72,3.85,6.19,7.88,4.7,29.53
20180925,3.81,3.83,3.76,3.79,3.81,-0.02,-0.5249,19912.73,7564.958,0.73,13.86,3.59,3.72,3.85,6.19,7.88,4.7,29.35
20180921,3.72,3.87,3.71,3.81,3.71,0.1,2.6954,35800.0,13608.441,0.73,13.86,3.59,3.72,3.85,6.19,7.88,4.7,29.06
20180920,3.71,3.74,3.67,3.71,3.7,0.01,0.2703,16362.0,6061.505,0.73,13.86,3.59,3.72,3.85,6.19,7.88,4.71,8.01
20180919,3.68,3.75,3.64,3.7,3.71,-0.01,-0.2695,25017.0,9253.239,0.73,13.86,3.59,3.72,3.85,6.19,7.88,4.71,7.82
20180918,3.6,3.89,3.55,3.71,3.56,0.15,4.2135,43156.51,15918.098,0.73,13.86,3.59,3.72,3.85,6.19,7.88,4.72,7.51
20180917,3.67,3.67,3.56,3.56,3.68,-0.12,-3.2609,19803.0,7117.827,0.73,13.86,3.59,3.72,3.85,6.19,7.88,4.73,1.49
20180914,3.76,3.76,3.65,3.68,3.75,-0.07,-1.8667,26892.39,9946.942,0.73,13.86,3.59,3.72,3.85,6.19,7.88,4.74,6.35
20180913,3.78,3.82,3.7,3.75,3.8,-0.05,-1.3158,33983.0,12731.91,0.73,13.86,3.59,3.72,3.85,6.19,7.88,4.74,25.92
20180912,3.87,3.87,3.75,3.8,3.84,-0.04,-1.0417,25721.42,9779.169,0.73,13.86,3.59,3.72,3.85,6.19,7.88,4.75,25.21
20180911,3.89,3.89,3.8,3.84,3.9,-0.06,-1.5385,28319.41,10865.717,0.73,13.86,3.59,3.72,3.85,6.19,7.88,4.76,25.06
20180910,3.88,4.01,3.88,3.9,3.89,0.01,0.2571,61157.0,24101.239,0.73,13.86,3.59,3.72,3.85,6.19,7.88,4.76,50.78
20180907,3.82,4.07,3.82,3.89,3.85,0.04,1.039,53104.07,20855.608,0.73,13.86,3.59,3.72,3.85,6.19,7.88,4.77,50.99
20180906,3.85,3.87,3.8,3.85,3.84,0.01,0.2604,16529.0,6347.577,0.73,13.86,3.59,3.72,3.85,6.19,7.88,4.78,25.82
20180905,3.83,3.86,3.81,3.84,3.83,0.01,0.2611,18904.0,7249.389,0.73,13.86,3.59,3.72,3.85,6.19,7.88,4.79,25.74
20180904,3.83,3.84,3.78,3.83,3.82,0.01,0.2618,17199.0,6572.593,0.73,13.86,3.59,3.72,3.85,6.19,7.88,4.79,25.64
20180903,3.82,3.83,3.74,3.82,3.84,-0.02,-0.5208,15593.0,5891.114,0.73,13.86,3.59,3.72,3.85,6.19,7.88,4.8,25.38
20180831,3.83,3.84,3.74,3.84,3.85,-0.01,-0.2597,29789.0,11299.492,0.73,13.86,3.59,3.72,3.98,6.19,7.88,4.8,25.14
20180830,3.92,3.94,3.85,3.85,3.92,-0.07,-1.7857,29448.0,11519.883,0.73,13.86,3.59,3.72,3.98,6.19,7.88,4.81,24.65
20180829,3.83,3.95,3.83,3.92,3.86,0.06,1.5544,36376.0,14142.816,0.73,13.86,3.59,3.72,3.98,6.19,7.88,4.81,49.31
20180828,3.83,3.89,3.83,3.86,3.84,0.02,0.5208,34614.0,13369.497,0.73,13.86,3.59,3.72,3.98,6.19,7.88,4.82,48.89
20180827,3.87,3.89,3.82,3.84,3.87,-0.03,-0.7752,31970.0,12315.428,0.73,13.86,3.59,3.72,3.98,6.19,7.88,4.83,25.3
20180824,3.84,3.94,3.8,3.87,3.87,0.0,0.0,35908.0,13891.945,0.73,13.86,3.59,3.72,3.98,6.32,7.88,4.83,48.08
20180823,3.82,3.87,3.77,3.87,3.85,0.02,0.5195,28989.0,11071.785,0.73,13.86,3.59,3.72,3.98,6.32,7.88,4.84,47.64
20180822,3.82,3.87,3.76,3.85,3.85,0.0,0.0,20179.0,7699.945,0.73,13.86,3.59,3.72,3.98,6.32,7.88,4.85,25.5
20180821,3.8,3.85,3.74,3.85,3.82,0.03,0.7853,21980.78,8372.958,0.73,13.86,3.59,3.72,3.98,6.32,7.88,4.85,25.39
20180820,3.74,3.84,3.66,3.82,3.76,0.06,1.5957,35827.78,13387.73,0.73,13.86,3.59,3.72,3.98,6.32,7.88,4.86,25.04
20180817,3.8,3.85,3.69,3.76,3.79,-0.03,-0.7916,56316.01,21184.585,0.73,13.86,3.59,3.72,3.98,6.32,7.88,4.87,24.29
20180816,3.77,3.84,3.69,3.79,3.81,-0.02,-0.5249,44177.5,16727.705,0.73,13.86,3.59,3.72,3.98,6.32,7.88,4.89,23.08
20180815,3.82,3.87,3.74,3.81,3.83,-0.02,-0.5222,35597.0,13514.63,0.73,13.86,3.59,3.72,3.98,6.32,7.88,4.9,22.11
20180814,3.85,3.9,3.81,3.83,3.85,-0.02,-0.5195,42891.59,16480.422,0.73,13.86,3.59,3.72,3.98,6.32,7.88,4.91,21.87
20180813,3.7,3.91,3.64,3.85,3.77,0.08,2.122,79170.41,30047.934,0.73,13.86,3.59,3.72,3.98,6.32,7.88,4.92,21.57
20180810,3.65,3.85,3.62,3.77,3.64,0.13,3.5714,58431.99,21962.468,0.73,13.86,3.59,3.72,3.98,6.32,7.88,4.95,20.46
20180809,3.56,3.68,3.52,3.64,3.58,0.06,1.676,34307.21,12434.366,0.73,13.86,3.59,3.72,3.98,6.32,7.88,4.97,6.93
20180808,3.63,3.7,3.53,3.58,3.61,-0.03,-0.831,34537.82,12451.37,0.73,13.86,3.59,3.72,3.98,6.32,7.88,4.98,1.69
20180807,3.53,3.64,3.49,3.61,3.51,0.1,2.849,39243.18,13986.838,0.73,13.86,3.72,3.72,3.98,6.32,7.88,5.0,4.98
20180806,3.66,3.68,3.51,3.51,3.67,-0.16,-4.3597,28733.81,10297.292,0.73,13.86,3.72,3.72,4.11,6.32,7.88,5.01,0.98
20180803,3.68,3.74,3.65,3.67,3.7,-0.03,-0.8108,22762.0,8396.383,0.73,13.86,3.72,3.72,4.11,6.32,7.88,5.02,2.86
20180802,3.8,3.83,3.5,3.7,3.8,-0.1,-2.6316,54715.81,19927.365,0.73,13.86,3.72,3.85,4.11,6.32,7.88,5.03,2.53
20180801,3.92,3.95,3.8,3.8,3.94,-0.14,-3.5533,46794.0,18103.091,0.73,13.86,3.72,3.85,4.11,6.32,7.88,5.05,13.05
20180731,3.86,3.95,3.78,3.94,3.85,0.09,2.3377,60112.01,23268.943,0.73,13.86,3.72,3.85,4.24,6.32,7.88,5.07,35.1
20180730,4.0,4.02,3.82,3.85,3.98,-0.13,-3.2663,67562.0,26558.935,0.73,13.86,3.72,3.85,4.24,6.32,7.88,5.09,13.09
20180727,4.0,4.06,3.95,3.98,3.99,-0.01,-0.2506,69103.0,27646.193,0.73,13.86,3.72,3.85,4.37,6.45,7.88,5.11,33.4
20180726,3.95,4.08,3.9,3.99,3.91,0.08,2.046,109067.03,43493.934,0.73,13.86,3.72,3.85,4.5,6.45,7.88,5.13,44.29
20180725,3.82,4.17,3.82,3.91,3.8,0.11,2.8947,106480.83,42178.381,0.73,13.86,3.72,3.85,4.63,6.45,7.88,5.17,34.83
20180724,3.79,3.85,3.76,3.8,3.78,0.02,0.5291,45559.01,17376.099,0.73,13.86,3.72,3.85,4.76,6.45,8.01,5.21,14.38
20180723,3.77,3.79,3.73,3.78,3.75,0.03,0.8,38343.01,14437.15,0.73,13.86,3.72,3.85,4.76,6.45,8.01,5.23,13.43
20180720,3.71,3.78,3.67,3.75,3.73,0.02,0.5362,37496.0,13992.122,0.73,13.86,3.72,3.85,4.76,6.45,8.01,5.25,12.62
20180719,3.85,3.85,3.66,3.73,3.85,-0.12,-3.12,72913.0,27297.4,0.73,13.86,3.72,3.85,4.76,6.45,8.01,5.27,11.64
20180718,3.93,3.99,3.81,3.85,3.95,-0.1,-2.53,84544.0,32883.109,0.73,13.86,3.72,3.85,5.15,6.45,8.01,5.3,9.7
20180717,3.95,4.0,3.85,3.95,3.95,0.0,0.0,84631.0,33080.098,0.73,13.86,3.72,3.85,5.28,6.45,8.01,5.34,28.95
20180716,3.97,3.97,3.9,3.95,3.98,-0.03,-0.75,45308.0,17797.821,0.73,13.86,3.72,3.85,5.41,6.45,8.01,5.37,28.53
20180713,3.92,3.98,3.88,3.98,3.94,0.04,1.02,43629.77,17122.868,0.73,13.86,3.72,3.85,5.41,6.45,8.01,5.39,27.82
20180712,3.83,3.96,3.83,3.94,3.89,0.05,1.29,67064.77,26180.693,0.73,13.86,3.72,3.85,5.41,6.58,8.01,5.41,27.13
20180711,3.87,3.89,3.71,3.89,3.92,-0.03,-0.77,44924.0,17128.868,0.73,13.86,3.72,3.85,5.54,6.58,8.01,5.44,25.72
20180710,3.93,3.94,3.85,3.92,3.92,0.0,0.0,30446.0,11843.05,0.73,13.86,3.72,3.85,5.54,6.58,8.01,5.47,24.64
20180709,3.83,3.95,3.79,3.92,3.86,0.06,1.55,57932.0,22502.914,0.73,13.86,3.72,3.85,5.54,6.58,8.01,5.48,24.13
20180706,3.8,3.86,3.64,3.86,3.89,-0.03,-0.77,78773.18,29545.324,0.73,13.86,3.72,3.85,5.67,6.58,8.01,5.51,22.86
20180705,3.91,3.93,3.78,3.89,3.98,-0.09,-2.26,50083.76,19357.072,0.73,13.86,3.72,3.85,5.67,6.58,8.01,5.55,20.85
20180704,3.97,3.99,3.8,3.98,3.97,0.01,0.25,54932.0,21395.555,0.73,13.86,3.72,3.85,5.67,6.58,8.01,5.58,19.71
20180703,3.86,4.02,3.85,3.97,3.86,0.11,2.85,54005.0,21188.876,0.73,13.86,3.72,3.85,5.67,6.58,8.01,5.61,18.9
20180702,3.88,3.92,3.78,3.86,3.89,-0.03,-0.77,52733.42,20308.434,0.73,13.86,3.72,3.85,5.67,6.58,8.01,5.63,18.44
20180629,3.83,3.95,3.77,3.89,3.81,0.08,2.1,75189.0,29095.318,0.73,13.86,3.72,3.85,5.8,6.71,8.01,5.66,17.17
20180628,3.83,3.91,3.8,3.81,3.85,-0.04,-1.04,55605.42,21427.595,0.73,13.86,3.72,3.85,5.8,6.71,8.01,5.7,7.94
20180627,3.82,3.86,3.79,3.85,3.82,0.03,0.79,73206.0,28021.879,0.73,13.86,3.72,3.98,5.8,6.71,8.01,5.74,7.85
20180626,3.73,3.84,3.64,3.82,3.8,0.02,0.53,60338.0,22724.921,0.73,13.86,3.72,4.24,5.8,6.84,8.01,5.78,6.92
20180625,3.88,3.89,3.66,3.8,3.85,-0.05,-1.3,109987.0,41599.856,0.73,13.86,3.72,4.24,5.93,6.84,8.01,5.82,5.22
20180622,4.0,4.04,3.79,3.85,4.21,-0.36,-8.55,237560.42,91060.346,0.73,13.86,3.85,4.5,5.93,6.97,8.14,5.9,2.95
20180621,4.54,4.54,4.21,4.21,4.68,-0.47,-10.04,234871.0,100703.591,0.73,13.86,4.37,4.76,6.06,7.1,8.4,6.08,1.04
20180620,4.68,4.81,4.68,4.68,5.2,-0.52,-10.0,329828.39,154513.945,0.73,13.86,4.63,5.28,6.06,7.23,8.66,6.23,5.61
20180619,5.78,5.9,5.2,5.2,5.78,-0.58,-10.03,44342.1,24840.426,0.73,13.86,5.28,5.54,6.06,7.23,9.05,6.42,3.68
20180615,5.84,5.84,5.65,5.78,5.87,-0.09,-1.53,48335.76,27689.315,0.73,13.86,5.28,5.67,6.19,7.23,9.05,6.43,22.52
20180614,5.71,5.88,5.67,5.87,5.75,0.12,2.09,65697.3,37867.841,0.73,13.86,5.28,5.67,6.19,7.36,9.05,6.44,28.12
20180613,5.75,5.77,5.68,5.75,5.78,-0.03,-0.52,20425.0,11676.206,0.73,13.86,5.28,5.67,6.19,7.36,9.05,6.46,21.33
20180612,5.82,5.83,5.64,5.78,5.78,0.0,0.0,57697.0,33037.542,0.73,13.86,5.28,5.54,6.19,7.36,9.05,6.46,20.95
20180611,5.51,5.8,5.5,5.78,5.8,-0.02,-0.34,56621.58,32181.534,0.73,13.86,5.28,5.54,6.19,7.36,9.05,6.47,20.1
20180608,5.57,5.81,5.42,5.8,5.62,0.18,3.2,86870.1,49126.047,0.73,13.86,5.28,5.67,6.19,7.36,9.18,6.48,18.65
20180607,5.4,5.68,5.38,5.62,5.7,-0.08,-1.4,101348.1,55524.434,0.73,13.86,5.28,5.67,6.19,7.36,9.18,6.52,13.61
20180606,5.14,5.7,5.14,5.7,5.71,-0.01,-0.18,201994.1,106545.617,0.73,13.86,5.28,5.8,6.19,7.36,9.18,6.56,13.72
20180605,6.32,6.32,5.71,5.71,6.34,-0.63,-9.94,211598.71,121337.957,0.73,13.86,5.67,5.93,6.32,7.49,9.31,6.64,7.29
20180604,6.46,6.46,6.25,6.34,6.45,-0.11,-1.71,92306.31,58225.867,0.73,13.86,5.54,5.93,6.32,7.49,9.44,6.7,56.97
20180601,6.49,6.51,6.26,6.45,6.53,-0.08,-1.23,75678.0,47932.197,0.73,13.86,5.54,5.93,6.32,7.62,9.44,6.71,56.35
20180531,6.48,6.67,6.47,6.53,6.52,0.01,0.15,45738.0,30059.082,0.73,13.86,5.54,5.93,6.32,7.62,9.57,6.73,63.68
20180530,6.31,6.84,6.24,6.52,6.41,0.11,1.72,64901.25,42081.306,0.73,13.86,5.54,5.93,6.32,7.62,9.57,6.73,64.05
20180529,6.31,6.49,6.25,6.41,6.31,0.1,1.58,45653.83,29064.919,0.73,13.86,5.54,5.93,6.32,7.62,9.57,6.73,57.89
20180528,6.37,6.43,6.29,6.31,6.41,-0.1,-1.56,21051.11,13398.074,0.73,13.86,5.54,5.93,6.32,7.62,9.57,6.74,49.08
20180525,6.36,6.45,6.25,6.41,6.46,-0.05,-0.77,65620.63,41653.205,0.73,13.86,5.54,5.93,6.32,7.62,9.57,6.73,57.7
20180524,6.06,6.5,6.06,6.46,6.09,0.37,6.08,108916.0,68663.598,0.73,13.86,5.54,5.93,6.19,7.62,9.7,6.75,62.67
20180523,6.11,6.15,6.04,6.09,6.14,-0.05,-0.81,48302.32,29388.243,0.73,13.86,5.54,5.93,6.19,7.62,9.83,6.76,39.26
20180522,6.09,6.2,6.0,6.14,6.06,0.08,1.32,139231.23,84985.455,0.73,13.86,5.41,5.93,6.32,7.75,9.83,6.77,38.49
20180521,6.08,6.13,6.0,6.06,6.12,-0.06,-0.98,19867.21,12054.346,0.73,13.86,5.41,5.93,6.32,7.75,9.83,6.8,21.92
20180518,6.06,6.15,6.04,6.12,6.06,0.06,0.99,44095.85,27055.234,0.73,13.86,5.41,5.93,6.32,7.75,9.83,6.81,37.0
20180517,6.05,6.08,6.0,6.06,6.05,0.01,0.17,13542.0,8151.797,0.73,13.86,5.41,5.93,6.32,7.75,9.83,6.81,22.15
20180516,6.02,6.11,5.97,6.05,6.05,0.0,0.0,15147.0,9135.726,0.73,13.86,5.41,5.93,6.32,7.75,9.83,6.82,22.07
20180515,6.0,6.12,5.96,6.05,6.0,0.05,0.83,36428.91,22107.736,0.73,13.86,5.41,5.93,6.32,7.75,9.83,6.82,21.98
20180514,5.95,6.07,5.92,6.0,5.93,0.07,1.18,17540.86,10507.766,0.73,13.86,5.41,5.93,6.32,7.75,9.96,6.83,22.11
20180511,5.98,6.03,5.91,5.93,5.98,-0.05,-0.84,30093.0,17943.993,0.73,13.86,5.41,5.93,6.32,7.75,9.83,6.83,11.37
20180510,6.05,6.09,5.86,5.98,6.0,-0.02,-0.33,29188.0,17448.408,0.73,13.86,5.41,5.93,6.32,7.75,9.83,6.84,21.19
20180509,6.14,6.16,6.0,6.0,6.13,-0.13,-2.12,23507.06,14203.741,0.73,13.86,5.41,5.93,6.32,7.75,9.83,6.84,20.78
20180508,6.18,6.2,6.11,6.13,6.18,-0.05,-0.81,17159.38,10540.971,0.73,13.86,5.41,5.93,6.45,7.75,9.83,6.85,33.02
20180507,6.2,6.23,6.13,6.18,6.22,-0.04,-0.64,24951.38,15365.25,0.73,13.86,5.41,5.93,6.45,7.75,9.83,6.85,32.97
20180504,6.16,6.35,6.1,6.22,6.25,-0.03,-0.48,27374.39,16935.932,0.73,13.86,5.41,5.93,6.45,7.75,9.96,6.85,42.56
20180503,6.22,6.36,6.03,6.25,6.2,0.05,0.81,33948.0,21001.602,0.73,13.86,5.41,5.93,6.45,7.75,9.96,6.85,42.4
20180502,6.51,6.58,6.14,6.2,6.4,-0.2,-3.13,47877.17,30238.502,0.73,13.86,5.41,5.93,6.45,7.75,9.96,6.86,42.08
20180427,5.81,6.4,5.75,6.4,5.82,0.58,9.97,50113.4,30570.652,0.73,13.86,5.41,5.93,6.45,7.75,9.96,6.87,47.83
20180426,5.87,5.92,5.75,5.82,5.89,-0.07,-1.19,26960.02,15752.564,0.73,13.86,5.41,5.93,6.45,7.75,9.96,6.88,12.0
20180425,5.92,5.97,5.88,5.89,5.92,-0.03,-0.51,23667.0,14055.581,0.73,13.86,5.41,5.93,6.45,7.75,9.96,6.89,11.3
20180424,5.94,6.01,5.9,5.92,5.96,-0.04,-0.67,20784.0,12414.239,0.73,13.86,5.41,5.93,6.45,7.75,9.96,6.89,11.29
20180423,5.95,5.97,5.71,5.96,5.98,-0.02,-0.33,28649.21,16763.084,0.73,13.86,5.41,5.93,6.45,7.88,9.96,6.9,19.67
20180420,5.99,6.02,5.91,5.98,6.03,-0.05,-0.83,20265.01,12064.804,0.73,13.86,5.41,5.93,6.45,7.88,9.96,6.9,18.91
20180419,6.0,6.05,5.93,6.03,6.01,0.02,0.33,22575.0,13505.884,0.73,13.86,5.41,5.93,6.45,7.88,9.96,6.91,18.42
20180418,5.97,6.08,5.93,6.01,6.08,-0.07,-1.15,50828.01,30336.377,0.73,13.86,5.41,5.93,6.45,7.88,9.96,6.91,17.97
20180417,6.39,6.39,5.96,6.08,6.39,-0.31,-4.85,90267.47,55287.775,0.73,13.86,5.41,5.93,6.45,7.88,9.96,6.93,28.77
20180416,6.45,6.68,6.33,6.39,6.08,0.31,5.1,156780.61,102089.683,0.73,13.86,5.41,5.93,6.58,7.88,9.96,6.96,41.76
20180413,6.05,6.09,6.0,6.08,6.09,-0.01,-0.16,24598.01,14844.696,0.73,13.86,5.41,5.93,6.58,7.88,10.09,6.98,29.72
20180412,6.12,6.17,6.0,6.09,6.15,-0.06,-0.98,40269.52,24464.879,0.73,13.86,5.41,5.93,6.58,7.88,10.09,6.99,29.19
20180411,6.09,6.3,6.08,6.15,6.1,0.05,0.82,35831.0,22128.771,0.73,13.86,5.41,5.93,6.71,7.88,10.09,7.0,28.37
20180410,6.22,6.32,6.04,6.1,6.21,-0.11,-1.77,17433.0,10784.905,0.73,13.86,5.41,5.93,6.71,7.88,10.09,7.01,28.19
20180409,6.02,6.36,6.01,6.21,6.03,0.18,2.99,28178.0,17363.207,0.73,13.86,5.41,5.93,6.71,7.88,10.09,7.01,35.96
20180404,6.06,6.09,6.02,6.03,6.03,0.0,0.0,10215.0,6189.368,0.73,13.86,5.41,5.93,6.71,7.88,10.09,7.02,19.12
20180403,6.1,6.14,6.0,6.03,6.15,-0.12,-1.95,15576.0,9430.123,0.73,13.86,5.41,5.93,6.84,7.88,10.09,7.02,19.16
20180402,6.19,6.25,6.11,6.15,6.19,-0.04,-0.65,16229.92,9973.676,0.73,13.86,5.41,5.93,6.84,7.88,10.09,7.02,27.43
20180330,6.12,6.4,6.08,6.19,6.1,0.09,1.48,37383.0,23149.843,0.73,13.86,5.41,5.93,6.84,7.88,10.09,7.02,27.35
20180329,6.15,6.18,6.04,6.1,6.15,-0.05,-0.81,13215.0,8063.03,0.73,13.86,5.41,5.93,6.84,7.88,10.22,7.03,27.61
20180328,5.99,6.21,5.94,6.15,6.06,0.09,1.49,25931.52,15843.211,0.73,13.86,5.28,5.93,6.84,7.88,10.22,7.03,27.35
20180327,6.16,6.25,6.02,6.06,6.16,-0.1,-1.62,17314.51,10553.746,0.73,13.86,5.28,5.93,6.84,8.01,10.22,7.04,19.53
20180326,5.72,6.2,5.51,6.16,5.86,0.3,5.12,28572.54,16957.944,0.73,13.86,5.28,5.93,6.84,8.01,10.22,7.04,26.83
20180323,5.85,5.86,5.31,5.86,5.87,-0.01,-0.17,42744.29,24125.177,0.73,13.86,5.28,5.93,6.97,8.01,10.22,7.06,12.7
20180322,6.01,6.03,5.85,5.87,5.95,-0.08,-1.34,14889.38,8778.992,0.73,13.86,5.28,5.93,6.97,8.01,10.22,7.07,11.41
20180321,6.03,6.11,5.94,5.95,6.01,-0.06,-1.0,15945.0,9601.209,0.73,13.86,5.28,5.93,6.97,8.01,10.22,7.08,17.49
20180320,6.0,6.01,5.94,6.01,6.0,0.01,0.17,12458.46,7465.385,0.73,13.86,5.28,5.93,6.97,8.01,10.22,7.08,17.35
20180319,5.92,6.02,5.91,6.0,5.97,0.03,0.5,19828.1,11860.851,0.73,13.86,5.28,5.93,6.97,8.01,10.22,7.09,17.11
20180316,6.04,6.06,5.95,5.97,6.02,-0.05,-0.83,13195.02,7914.456,0.73,13.86,5.28,5.93,6.97,8.01,10.22,7.09,16.62
20180315,6.12,6.17,5.95,6.02,6.12,-0.1,-1.63,18990.21,11449.701,0.73,13.86,5.28,5.93,6.97,8.01,10.22,7.1,16.37
20180314,6.14,6.24,6.08,6.12,6.2,-0.08,-1.29,21162.0,12999.292,0.73,13.86,5.28,5.93,6.97,8.01,10.22,7.1,22.77
20180313,6.06,6.21,6.02,6.2,6.05,0.15,2.48,43325.37,26661.968,0.73,13.86,5.28,5.93,6.97,8.01,10.22,7.11,28.94
20180312,5.97,6.08,5.97,6.05,5.96,0.09,1.51,29436.04,17761.68,0.73,13.86,5.28,5.93,6.97,8.01,10.22,7.12,16.41
20180309,6.01,6.08,5.96,5.96,6.0,-0.04,-0.67,19457.0,11672.855,0.73,13.86,5.28,5.93,7.1,8.01,10.22,7.13,16.12
20180308,5.95,6.01,5.92,6.0,6.0,0.0,0.0,23539.0,14109.39,0.73,13.86,5.28,5.93,7.1,8.01,10.22,7.14,15.94
20180307,6.08,6.08,5.96,6.0,6.08,-0.08,-1.32,29269.0,17559.897,0.73,13.86,5.28,5.93,7.1,8.01,10.22,7.14,15.35
20180306,6.02,6.08,5.9,6.08,6.02,0.06,1.0,61997.0,37012.67,0.73,13.86,5.28,5.93,7.1,8.01,10.22,7.15,19.41
20180305,6.04,6.15,5.96,6.02,6.15,-0.13,-2.11,31497.8,19011.148,0.73,13.86,5.28,6.06,7.1,8.01,10.22,7.18,14.01
20180302,6.55,6.55,6.1,6.15,6.58,-0.43,-6.54,134521.97,83404.757,0.73,13.86,5.28,6.06,7.1,8.01,10.22,7.19,16.89
20180301,6.24,6.68,6.2,6.58,6.3,0.28,4.44,134781.58,87330.947,0.73,13.86,5.28,6.06,7.1,8.01,10.35,7.23,31.03
20180228,6.2,6.42,6.17,6.3,6.24,0.06,0.96,70549.78,44436.232,0.73,13.86,5.28,6.06,7.23,8.14,10.35,7.27,22.56
20180227,6.46,6.51,6.2,6.24,6.46,-0.22,-3.41,22799.85,14476.304,0.73,13.86,5.28,5.93,7.23,8.27,10.35,7.3,21.54
20180226,6.16,6.77,6.13,6.46,6.15,0.31,5.04,71241.0,46984.527,0.73,13.86,5.28,5.93,7.23,8.27,10.35,7.3,26.7
20180223,6.11,6.21,5.98,6.15,6.1,0.05,0.82,23479.0,14316.266,0.73,13.86,5.28,5.93,7.23,8.4,10.35,7.32,18.97
20180222,6.19,6.23,6.07,6.1,6.25,-0.15,-2.4,32184.0,19798.373,0.73,13.86,5.28,5.93,7.23,8.4,10.35,7.33,18.61
20180214,5.85,6.38,5.75,6.25,5.92,0.33,5.57,54844.93,33211.382,0.73,13.86,5.28,5.93,7.23,8.4,10.35,7.34,20.49
20180213,6.29,6.39,5.92,5.92,5.96,-0.04,-0.67,104840.29,64508.965,0.73,13.86,5.28,5.93,7.23,8.53,10.35,7.37,14.34
20180212,5.2,5.96,5.1,5.96,5.42,0.54,9.96,110350.48,60220.116,0.73,13.86,5.28,5.93,7.36,8.66,10.48,7.41,15.38
20180209,4.96,6.0,4.96,5.42,5.51,-0.09,-1.63,297576.3,154183.986,0.73,13.86,5.28,6.45,7.36,8.79,10.48,7.49,8.36
20180208,5.51,5.51,5.51,5.51,6.12,-0.61,-9.97,21846.0,12037.146,0.73,13.86,6.32,6.84,7.36,9.05,10.61,7.74,1.49
20180207,6.77,6.8,6.12,6.12,6.8,-0.68,-10.0,40498.0,25520.542,0.73,13.86,6.45,6.84,7.36,9.05,10.61,7.75,1.68
20180206,6.9,6.99,6.65,6.8,7.05,-0.25,-3.55,24504.0,16706.768,0.73,13.86,6.45,6.97,7.36,9.05,10.61,7.77,10.63
20180205,7.08,7.1,6.7,7.05,7.1,-0.05,-0.7,35874.47,24750.539,0.73,13.86,6.45,6.97,7.36,9.05,10.61,7.78,20.44
20180202,7.1,7.15,6.9,7.1,7.18,-0.08,-1.11,17576.01,12354.15,0.73,13.86,6.45,6.97,7.36,9.05,10.61,7.79,19.49
20180201,7.25,7.3,6.95,7.18,7.29,-0.11,-1.51,30399.0,21593.452,0.73,13.86,6.45,6.97,7.36,9.05,10.61,7.79,27.12
20180131,7.16,7.35,7.14,7.29,7.23,0.06,0.83,28697.0,20838.328,0.73,13.86,6.45,6.97,7.49,9.05,10.61,7.8,38.43
20180130,7.21,7.31,7.14,7.23,7.31,-0.08,-1.09,19118.0,13769.098,0.73,13.86,6.45,6.97,7.49,9.18,10.61,7.81,26.77
20180129,7.35,7.37,7.2,7.31,7.37,-0.06,-0.81,23390.5,16984.278,0.73,13.86,6.45,6.97,7.49,9.18,10.61,7.81,37.58
20180126,7.22,7.4,7.13,7.37,7.36,0.01,0.14,27901.11,20285.742,0.73,13.86,6.45,6.97,7.49,9.18,10.61,7.81,48.43
20180125,7.38,7.38,6.91,7.36,7.41,-0.05,-0.67,34167.87,24653.65,0.73,13.86,6.45,6.97,7.49,9.18,10.61,7.81,37.15
20180124,7.44,7.47,7.3,7.41,7.45,-0.04,-0.54,23620.0,17416.733,0.73,13.86,6.45,6.97,7.49,9.18,10.61,7.82,47.4
20180123,7.44,7.5,7.32,7.45,7.44,0.01,0.13,22840.87,16925.769,0.73,13.86,6.45,6.97,7.49,9.18,10.61,7.82,47.08
20180122,7.35,7.49,7.3,7.44,7.42,0.02,0.27,8719.0,6452.567,0.73,13.86,6.45,6.97,7.49,9.18,10.61,7.83,46.97
20180119,7.32,7.45,7.2,7.42,7.36,0.06,0.82,19912.85,14494.707,0.73,13.86,6.45,6.97,7.49,9.18,10.61,7.83,46.87
20180118,7.25,7.37,7.12,7.36,7.33,0.03,0.41,21029.54,15258.371,0.73,13.86,6.45,6.97,7.49,9.18,10.61,7.83,36.96
20180117,7.41,7.41,7.2,7.33,7.43,-0.1,-1.35,20655.0,15007.283,0.73,13.86,6.45,6.97,7.49,9.18,10.61,7.83,36.79
20180116,7.43,7.5,7.25,7.43,7.5,-0.07,-0.93,21411.0,15776.528,0.73,13.86,6.45,6.97,7.49,9.18,10.61,7.83,45.92
20180115,7.56,7.63,7.37,7.5,7.64,-0.14,-1.83,20875.0,15581.67,0.73,13.86,6.45,6.97,7.49,9.18,10.61,7.83,53.32
20180112,7.6,7.7,7.57,7.64,7.66,-0.02,-0.26,11081.49,8473.483,0.73,13.86,6.45,6.97,7.49,9.18,10.61,7.83,60.91
20180111,7.65,7.7,7.56,7.66,7.7,-0.04,-0.52,12169.96,9284.555,0.73,13.86,6.45,6.97,7.49,9.18,10.61,7.83,60.85
20180110,7.62,7.72,7.52,7.7,7.57,0.13,1.72,18612.6,14182.506,0.73,13.86,6.45,6.97,7.49,9.18,10.61,7.83,60.8
20180109,7.69,7.73,7.5,7.57,7.74,-0.17,-2.2,24817.24,18847.99,0.73,13.86,6.45,6.97,7.49,9.18,10.61,7.84,53.93
20180108,8.04,8.1,7.72,7.74,8.06,-0.32,-3.97,32771.24,25762.113,0.73,13.86,6.45,6.97,7.49,9.18,10.61,7.83,60.38
20180105,7.99,8.08,7.94,8.06,8.05,0.01,0.12,18611.5,14921.974,0.73,13.86,6.45,6.97,7.49,9.18,10.61,7.83,76.22
20180104,7.93,8.06,7.9,8.05,7.89,0.16,2.03,25777.98,20573.244,0.73,13.86,6.45,6.97,7.49,9.18,10.61,7.83,76.22
20180103,7.85,7.96,7.8,7.89,7.89,0.0,0.0,18945.1,14921.046,0.73,13.86,6.45,6.84,7.49,9.18,10.61,7.83,73.0
20180102,7.75,7.94,7.67,7.89,7.83,0.06,0.77,24863.5,19417.314,0.73,13.86,6.45,6.84,7.49,9.18,10.61,7.83,72.96
20171229,7.68,7.86,7.47,7.83,7.7,0.13,1.69,29419.61,22548.625,0.73,13.86,6.45,6.84,7.49,9.18,10.61,7.83,68.45
20171228,7.6,7.76,7.47,7.7,7.72,-0.02,-0.26,23560.11,17925.869,0.73,13.86,6.45,6.84,7.49,9.18,10.61,7.83,62.98
20171227,7.73,7.8,7.5,7.72,7.85,-0.13,-1.66,29053.56,22166.518,0.73,13.86,6.45,6.84,7.36,9.18,10.61,7.83,62.82
20171226,7.78,8.02,7.74,7.85,7.85,0.0,0.0,26162.0,20649.429,0.73,13.86,6.45,6.84,7.36,9.18,10.61,7.83,67.75
20171225,7.69,7.88,7.5,7.85,7.76,0.09,1.16,27702.95,21412.253,0.73,13.86,6.45,6.84,7.36,9.18,10.61,7.83,68.15
20171222,7.61,7.85,7.42,7.76,7.69,0.07,0.91,21117.1,16137.612,0.73,13.86,6.45,6.84,7.36,9.31,10.61,7.83,67.92
20171221,7.78,7.82,7.46,7.69,7.81,-0.12,-1.54,35569.5,27200.86,0.73,13.86,6.45,6.84,7.36,9.31,10.61,7.83,63.44
20171220,7.66,7.94,7.58,7.81,7.69,0.12,1.56,32770.27,25483.002,0.73,13.86,6.45,6.84,7.36,9.31,10.61,7.83,67.32
20171219,7.44,7.69,7.35,7.69,7.49,0.2,2.67,33150.33,25018.799,0.73,13.86,6.45,6.84,7.36,9.31,10.61,7.83,63.72
20171218,7.54,7.66,7.38,7.49,7.55,-0.06,-0.79,30474.27,22873.769,0.73,13.86,6.45,6.84,7.36,9.31,10.61,7.83,53.54
20171215,7.38,7.7,7.22,7.55,7.43,0.12,1.62,45882.27,34087.678,0.73,13.86,6.45,6.84,7.36,9.31,10.61,7.83,59.59
20171214,7.4,7.48,7.21,7.43,7.37,0.06,0.81,26148.0,19236.514,0.73,13.86,6.45,6.84,7.36,9.31,10.61,7.84,53.99
20171213,7.02,7.54,7.0,7.37,7.06,0.31,4.39,44167.3,32089.22,0.73,13.86,6.45,6.84,7.36,9.31,10.61,7.85,53.68
20171212,7.05,7.08,6.94,7.06,7.06,0.0,0.0,33480.3,23576.635,0.73,13.86,6.45,6.84,7.36,9.31,10.61,7.85,25.35
20171211,6.97,7.06,6.81,7.06,6.97,0.09,1.29,42308.19,29647.716,0.73,13.86,6.45,6.84,7.36,9.31,10.61,7.87,24.62
20171208,6.93,7.03,6.89,6.97,6.95,0.02,0.29,23039.0,16025.256,0.73,13.86,6.45,6.84,7.36,9.31,10.74,7.88,17.08
20171207,7.11,7.15,6.95,6.95,7.18,-0.23,-3.2,25887.01,18179.742,0.73,13.86,6.45,6.84,7.36,9.31,10.74,7.89,16.87
20171206,7.2,7.24,6.81,7.18,7.25,-0.07,-0.97,35872.11,25402.99,0.73,13.86,6.45,6.84,7.36,9.31,10.74,7.89,31.12
20171205,7.2,7.42,7.03,7.25,7.34,-0.09,-1.23,61406.94,44416.033,0.73,13.86,6.45,6.84,7.36,9.31,10.74,7.91,41.09
20171204,7.07,7.5,7.02,7.34,7.3,0.04,0.55,81055.1,58925.612,0.73,13.86,6.45,6.84,7.49,9.31,10.74,7.92,40.42
20171201,7.45,7.45,7.0,7.3,7.46,-0.16,-2.14,116306.25,83530.854,0.73,13.86,6.45,6.84,7.49,9.44,10.74,7.94,39.9
20171130,7.28,7.48,7.09,7.46,7.66,-0.2,-2.61,147193.87,106887.075,0.73,13.86,6.32,6.71,7.49,9.44,10.74,7.97,46.53
20171129,7.39,8.13,7.25,7.66,7.39,0.27,3.65,260446.1,206105.387,0.73,13.86,6.32,6.71,7.62,9.57,10.87,8.01,53.35
20171127,7.29,7.49,7.26,7.39,7.38,0.01,0.14,35090.0,25947.829,0.73,13.86,6.32,6.71,7.49,9.83,11.0,8.04,47.47
20171124,7.23,7.47,7.21,7.38,7.3,0.08,1.1,55983.62,41086.608,0.73,13.86,6.32,6.71,7.49,9.83,11.0,8.05,47.0
20171123,6.92,7.34,6.91,7.3,6.99,0.31,4.43,86701.47,62961.989,0.73,13.86,6.32,6.71,7.49,9.83,11.0,8.06,39.74
20171122,7.01,7.08,6.89,6.99,6.92,0.07,1.01,50728.34,35426.501,0.73,13.86,6.32,6.71,7.62,9.96,11.0,8.09,28.44
20171121,6.92,6.92,6.92,6.92,6.59,0.33,5.01,2024.0,1400.608,0.73,13.86,6.32,6.58,7.62,9.96,11.0,8.11,22.45
20171120,6.65,6.66,6.42,6.59,6.74,-0.15,-2.23,20199.42,13178.852,0.73,13.86,6.32,6.58,7.62,9.96,11.0,8.11,15.02
20171117,7.03,7.14,6.63,6.74,6.98,-0.24,-3.44,23527.35,16073.566,0.73,13.86,6.32,6.71,7.62,9.96,11.0,8.12,18.4
20171116,6.98,7.04,6.9,6.98,6.93,0.05,0.72,15164.51,10618.282,0.73,13.86,6.32,6.71,7.62,9.96,11.13,8.13,26.33
20171115,6.93,7.04,6.9,6.93,6.95,-0.02,-0.29,12359.0,8615.08,0.73,13.86,6.32,6.71,7.62,9.96,11.13,8.14,21.5
20171114,7.09,7.13,6.95,6.95,7.1,-0.15,-2.11,13420.99,9421.848,0.73,13.86,6.32,6.71,7.62,9.96,11.13,8.14,21.54
20171113,7.31,7.36,7.02,7.1,7.38,-0.28,-3.79,26573.0,19062.493,0.73,13.86,6.32,6.71,7.62,9.96,11.13,8.14,25.56
20171110,7.26,7.46,7.22,7.38,7.27,0.11,1.51,14637.21,10794.856,0.73,13.86,6.32,6.71,7.75,9.96,11.13,8.15,41.24
20171109,7.19,7.27,7.13,7.27,7.22,0.05,0.69,11101.87,8006.24,0.73,13.86,6.32,6.71,7.75,9.96,11.13,8.16,34.49
20171108,7.1,7.24,7.1,7.22,7.08,0.14,1.98,12342.5,8880.024,0.73,13.86,6.32,6.71,7.75,9.96,11.13,8.16,29.82
20171107,7.08,7.13,6.98,7.08,7.07,0.01,0.14,14680.81,10347.211,0.73,13.86,6.32,6.58,7.75,9.96,11.13,8.16,26.08
20171106,6.79,7.13,6.75,7.07,6.79,0.28,4.12,15071.82,10448.334,0.73,13.86,6.32,6.58,7.75,9.96,11.13,8.17,25.98
20171103,6.92,6.92,6.72,6.79,6.89,-0.1,-1.45,15285.0,10420.869,0.73,13.86,6.32,6.58,7.75,9.96,11.13,8.18,19.03
20171102,6.92,6.96,6.86,6.89,6.91,-0.02,-0.29,13124.67,9064.802,0.73,13.86,6.32,6.58,7.75,9.96,11.13,8.18,21.67
20171101,7.11,7.15,6.91,6.91,7.11,-0.2,-2.81,14958.22,10512.303,0.73,13.86,6.32,6.58,7.75,10.09,11.13,8.19,21.43
20171031,7.05,7.16,7.01,7.11,7.13,-0.02,-0.28,10699.0,7575.801,0.73,13.86,6.32,6.58,7.75,10.09,11.13,8.19,28.01
20171030,7.4,7.4,7.12,7.13,7.42,-0.29,-3.91,12487.01,9067.389,0.73,13.86,6.32,6.58,7.75,10.09,11.13,8.19,27.8
20171027,7.4,7.43,7.35,7.42,7.39,0.03,0.41,6272.5,4637.918,0.73,13.86,6.32,6.58,7.75,10.09,11.13,8.2,38.67
20171026,7.35,7.5,7.31,7.39,7.36,0.03,0.41,14394.0,10654.748,0.73,13.86,6.32,6.58,7.75,10.09,11.13,8.2,38.59
20171025,7.28,7.38,7.21,7.36,7.28,0.08,1.1,11151.01,8127.038,0.73,13.86,6.32,6.58,7.75,10.09,11.13,8.2,32.2
20171024,7.32,7.44,7.23,7.28,7.43,-0.15,-2.02,14300.23,10453.586,0.73,13.86,6.32,6.58,7.75,10.09,11.13,8.2,32.09
20171023,7.38,7.51,7.3,7.43,7.46,-0.03,-0.4,19866.4,14790.883,0.73,13.86,6.32,6.58,7.88,10.09,11.13,8.2,37.98
20171020,7.25,7.47,7.16,7.46,7.37,0.09,1.22,9335.68,6917.903,0.73,13.86,6.32,6.58,7.88,10.09,11.13,8.21,37.8
20171019,7.45,7.45,7.25,7.37,7.46,-0.09,-1.21,11777.0,8665.745,0.73,13.86,6.32,6.58,7.88,10.09,11.13,8.21,37.69
20171018,7.48,7.53,7.44,7.46,7.48,-0.02,-0.27,9161.0,6853.047,0.73,13.86,6.32,6.58,7.88,10.09,11.13,8.21,37.48
20171017,7.49,7.51,7.36,7.48,7.48,0.0,0.0,10160.0,7568.059,0.73,13.86,6.32,6.58,7.88,10.09,11.13,8.22,37.49
20171016,7.56,7.68,7.48,7.48,7.57,-0.09,-1.19,12458.0,9436.952,0.73,13.86,6.32,6.58,7.88,10.09,11.13,8.22,37.5
20171013,7.48,7.58,7.48,7.57,7.54,0.03,0.4,9808.51,7381.382,0.73,13.86,6.32,6.58,7.88,10.09,11.13,8.22,42.3
20171012,7.47,7.57,7.44,7.54,7.47,0.07,0.94,14083.0,10580.701,0.73,13.86,6.32,6.58,7.88,10.09,11.13,8.22,42.2
20171011,7.41,7.67,7.36,7.47,7.39,0.08,1.08,27179.5,20383.221,0.73,13.86,6.32,6.58,7.88,10.09,11.13,8.22,37.89
20171010,7.34,7.44,7.26,7.39,7.32,0.07,0.96,20876.5,15338.391,0.73,13.86,6.32,6.58,7.88,10.09,11.13,8.23,38.19
20171009,7.37,7.45,7.3,7.32,7.35,-0.03,-0.41,12524.0,9211.486,0.73,13.86,6.32,6.58,7.88,10.09,11.13,8.24,33.23
20170929,7.35,7.41,7.3,7.35,7.35,0.0,0.0,13321.21,9784.874,0.73,13.86,6.32,6.58,7.88,10.09,11.13,8.24,33.32
20170928,7.49,7.52,7.32,7.35,7.49,-0.14,-1.87,20146.36,15005.491,0.73,13.86,6.32,6.58,7.88,10.09,11.13,8.24,33.27
20170927,7.51,7.59,7.41,7.49,7.55,-0.06,-0.79,12111.01,9077.912,0.73,13.86,6.32,6.58,7.88,10.09,11.13,8.25,37.11
20170926,7.55,7.68,7.5,7.55,7.61,-0.06,-0.79,8618.15,6521.052,0.73,13.86,6.32,6.58,7.88,10.09,11.13,8.25,40.25
20170925,7.79,7.84,7.5,7.61,7.88,-0.27,-3.43,19494.57,14924.522,0.73,13.86,6.32,6.58,8.01,10.09,11.13,8.25,40.3
20170922,7.55,7.94,7.55,7.88,7.65,0.23,3.01,19736.74,15319.216,0.73,13.86,6.32,6.58,8.01,10.09,11.13,8.26,45.95
20170921,7.9,7.95,7.65,7.65,7.93,-0.28,-3.53,21982.45,17125.096,0.73,13.86,6.32,6.58,8.01,10.09,11.13,8.26,42.91
20170920,7.97,7.99,7.87,7.93,7.94,-0.01,-0.13,13049.24,10337.588,0.73,13.86,6.32,6.58,8.01,10.22,11.13,8.26,48.96
20170919,7.96,8.0,7.88,7.94,7.97,-0.03,-0.38,13505.06,10711.489,0.73,13.86,6.32,6.58,8.01,10.22,11.13,8.26,48.8
20170918,8.01,8.1,7.93,7.97,8.08,-0.11,-1.36,14603.0,11709.624,0.73,13.86,6.32,6.58,8.01,10.22,11.13,8.26,48.7
20170915,8.07,8.15,7.91,8.08,8.09,-0.01,-0.12,21874.01,17558.525,0.73,13.86,6.32,6.58,8.01,10.22,11.13,8.26,52.1
20170914,8.04,8.16,7.9,8.09,8.04,0.05,0.62,34771.03,27921.648,0.73,13.86,6.32,6.58,8.01,10.22,11.13,8.26,52.04
20170913,8.09,8.16,8.02,8.04,8.12,-0.08,-0.99,22150.42,17902.814,0.73,13.86,6.32,6.58,8.01,10.22,11.13,8.27,51.9
20170912,7.79,8.22,7.7,8.12,7.83,0.29,3.7,55101.49,43994.774,0.73,13.86,6.32,6.58,7.88,10.22,11.13,8.27,51.97
20170911,7.48,7.86,7.48,7.83,7.49,0.34,4.54,49788.49,38666.286,0.73,13.86,6.32,6.58,8.01,10.22,11.13,8.27,48.09
20170908,7.44,7.5,7.39,7.49,7.42,0.07,0.94,16513.0,12312.313,0.73,13.86,6.32,6.58,8.01,10.22,11.13,8.29,41.33
20170907,7.48,7.55,7.41,7.42,7.52,-0.1,-1.33,13458.0,10075.666,0.73,13.86,6.32,6.58,8.01,10.22,11.13,8.29,41.31
20170906,7.38,7.54,7.33,7.52,7.38,0.14,1.9,16275.69,12097.484,0.73,13.86,6.32,6.58,8.01,10.22,11.13,8.29,43.72
20170905,7.36,7.4,7.31,7.38,7.37,0.01,0.14,12351.76,9092.041,0.73,13.86,6.32,6.58,8.14,10.22,11.13,8.3,41.37
20170904,7.35,7.41,7.27,7.37,7.37,0.0,0.0,24772.73,18153.47,0.73,13.86,6.32,6.58,8.14,10.22,11.13,8.3,41.19
20170901,7.44,7.48,7.31,7.37,7.48,-0.11,-1.47,25174.5,18559.777,0.73,13.86,6.32,6.58,8.27,10.22,11.13,8.31,40.75
20170831,7.42,7.52,7.34,7.48,7.39,0.09,1.22,16129.81,11960.467,0.73,13.86,6.32,6.58,8.27,10.22,11.26,8.32,40.33
20170830,7.48,7.65,7.34,7.39,7.54,-0.15,-1.99,40975.24,30639.505,0.73,13.86,6.32,6.58,8.27,10.22,11.26,8.32,40.21
20170829,7.25,7.56,7.22,7.54,7.25,0.29,4.0,27838.6,20650.065,0.73,13.86,6.32,6.58,8.27,10.35,11.26,8.33,41.34
20170828,7.29,7.36,7.21,7.25,7.15,0.1,1.4,26796.14,19478.475,0.73,13.86,6.32,6.58,8.4,10.35,11.26,8.34,38.89
20170825,7.15,7.2,7.1,7.15,7.14,0.01,0.14,14464.01,10343.853,0.73,13.86,6.32,6.58,8.4,10.35,11.26,8.35,36.43
20170824,7.09,7.35,7.02,7.14,7.08,0.06,0.85,50899.01,36508.141,0.73,13.86,6.32,6.58,8.4,10.35,11.26,8.36,36.25
20170823,6.96,7.18,6.91,7.08,6.97,0.11,1.58,38258.55,26875.789,0.73,13.86,6.32,6.58,8.53,10.35,11.26,8.38,33.19
20170822,6.94,7.01,6.9,6.97,6.98,-0.01,-0.14,12985.0,9048.865,0.73,13.86,6.32,6.58,8.53,10.35,11.26,8.4,29.45
20170821,7.01,7.04,6.92,6.98,7.01,-0.03,-0.43,8221.0,5736.07,0.73,13.86,6.32,6.58,8.53,10.35,11.26,8.4,32.59
20170818,6.96,7.05,6.91,7.01,6.99,0.02,0.29,9575.98,6671.593,0.73,13.86,6.32,6.58,8.53,10.35,11.26,8.41,32.46
20170817,6.85,7.09,6.85,6.99,6.87,0.12,1.75,19523.0,13644.935,0.73,13.86,6.32,6.58,8.53,10.35,11.26,8.41,32.27
20170816,6.87,6.95,6.75,6.87,6.78,0.09,1.33,19868.02,13576.255,0.73,13.86,6.32,6.58,8.53,10.35,11.26,8.42,29.81
20170815,6.71,6.83,6.7,6.78,6.76,0.02,0.3,9718.44,6581.266,0.73,13.86,6.32,6.58,8.66,10.35,11.26,8.43,26.69
20170814,6.46,6.77,6.35,6.76,6.5,0.26,4.0,18564.41,12327.942,0.73,13.86,6.32,6.58,8.66,10.35,11.26,8.43,26.48
20170811,6.62,6.72,6.41,6.5,6.66,-0.16,-2.4,18032.44,11923.304,0.73,13.86,6.32,6.58,8.66,10.35,11.26,8.45,14.68
20170810,6.67,6.98,6.61,6.66,6.67,-0.01,-0.15,14224.1,9585.494,0.73,13.86,6.32,6.58,8.66,10.35,11.26,8.46,21.01
20170809,6.68,6.71,6.5,6.67,6.62,0.05,0.76,17187.0,11413.116,0.73,13.86,6.32,6.58,8.66,10.35,11.26,8.46,21.09
20170808,6.68,6.71,6.58,6.62,6.62,0.0,0.0,16487.5,10919.236,0.73,13.86,6.32,6.58,8.66,10.35,11.26,8.48,20.7
20170807,6.71,6.75,6.41,6.62,6.75,-0.13,-1.93,21268.0,14071.976,0.73,13.86,6.32,6.58,8.79,10.35,11.26,8.48,20.38
20170804,6.69,6.82,6.69,6.75,6.68,0.07,1.05,16905.0,11416.469,0.73,13.86,6.32,6.58,8.79,10.35,11.26,8.5,24.1
20170803,6.7,6.87,6.67,6.68,6.7,-0.02,-0.3,11317.0,7628.96,0.73,13.86,6.32,6.58,8.79,10.35,11.26,8.51,20.06
20170802,6.6,6.76,6.56,6.7,6.61,0.09,1.36,24041.05,16083.375,0.73,13.86,6.32,6.58,8.79,10.35,11.26,8.52,20.11
20170801,6.52,6.63,6.44,6.61,6.52,0.09,1.38,15834.06,10342.429,0.73,13.86,6.32,6.58,8.79,10.35,11.26,8.53,19.74
20170731,6.46,6.54,6.45,6.52,6.45,0.07,1.09,12141.36,7892.533,0.73,13.86,6.32,6.58,8.79,10.35,11.26,8.54,14.58
20170728,6.45,6.54,6.42,6.45,6.49,-0.04,-0.62,9545.61,6171.87,0.73,13.86,6.32,6.58,8.79,10.35,11.26,8.55,8.61
20170727,6.47,6.52,6.39,6.49,6.47,0.02,0.31,16414.59,10584.693,0.73,13.86,6.32,6.58,8.79,10.35,11.26,8.56,14.09
20170726,6.59,6.66,6.38,6.47,6.59,-0.12,-1.82,13904.52,8991.584,0.73,13.86,6.32,6.58,8.92,10.35,11.26,8.57,13.67
20170725,6.55,6.66,6.54,6.59,6.62,-0.03,-0.45,13564.0,8945.449,0.73,13.86,6.32,6.58,8.92,10.35,11.26,8.58,17.86
20170724,6.3,6.65,6.3,6.62,6.34,0.28,4.42,22284.02,14494.731,0.73,13.86,6.32,6.58,8.92,10.35,11.26,8.59,17.52
20170721,6.25,6.38,6.25,6.34,6.35,-0.01,-0.16,10255.8,6483.162,0.73,13.86,6.32,6.58,8.92,10.35,11.26,8.6,8.42
20170720,6.45,6.45,6.33,6.35,6.3,0.05,0.79,22815.0,14516.804,0.73,13.86,6.32,6.58,8.92,10.35,11.26,8.61,8.13
20170719,6.22,6.31,6.12,6.3,6.21,0.09,1.45,14616.93,9090.129,0.73,13.86,6.32,6.58,8.92,10.35,11.26,8.63,4.44
20170718,6.2,6.38,6.13,6.21,6.45,-0.24,-3.72,45164.34,27858.273,0.73,13.86,6.32,6.58,8.92,10.35,11.26,8.65,4.01
20170717,6.79,6.83,6.45,6.45,6.79,-0.34,-5.01,19021.0,12340.852,0.73,13.86,6.32,6.71,8.92,10.35,11.26,8.68,5.68
20170714,6.96,6.97,6.73,6.79,6.93,-0.14,-2.02,13440.67,9202.389,0.73,13.86,6.32,6.71,8.92,10.35,11.39,8.7,16.94
20170713,6.85,6.97,6.79,6.93,6.85,0.08,1.17,15391.66,10643.552,0.73,13.86,6.32,6.71,8.92,10.35,11.39,8.71,19.13
20170712,6.9,6.96,6.65,6.85,6.87,-0.02,-0.29,34114.34,23149.703,0.73,13.86,6.32,6.71,8.92,10.35,11.39,8.72,18.76
20170711,7.01,7.08,6.87,6.87,7.04,-0.17,-2.41,14467.0,10145.986,0.73,13.86,6.32,6.71,9.05,10.35,11.39,8.74,17.82
20170710,6.96,7.11,6.92,7.04,6.98,0.06,0.86,19042.0,13432.155,0.73,13.86,6.32,6.71,9.05,10.48,11.39,8.75,19.61
20170707,6.89,7.0,6.78,6.98,6.89,0.09,1.31,16894.45,11664.816,0.73,13.86,6.32,6.71,9.05,10.48,11.39,8.76,19.32
20170706,6.63,6.96,6.6,6.89,6.63,0.26,3.92,29383.14,19990.179,0.73,13.86,6.32,6.71,9.05,10.48,11.39,8.77,17.63
20170705,6.63,6.67,6.6,6.63,6.61,0.02,0.3,8170.01,5425.01,0.73,13.86,6.32,6.71,9.05,10.48,11.39,8.79,14.19
20170704,6.62,6.75,6.58,6.61,6.65,-0.04,-0.6,14690.02,9768.225,0.73,13.86,6.32,6.71,9.05,10.48,11.39,8.8,14.01
20170703,6.48,6.72,6.42,6.65,6.48,0.17,2.62,18935.92,12449.182,0.73,13.86,6.32,6.71,9.05,10.48,11.39,8.81,13.86
20170630,6.37,6.48,6.36,6.48,6.4,0.08,1.25,8380.0,5373.684,0.73,13.86,6.32,6.84,9.05,10.48,11.39,8.82,10.19
20170629,6.33,6.62,6.33,6.4,6.31,0.09,1.43,19566.0,12636.239,0.73,13.86,6.32,6.84,9.05,10.48,11.39,8.83,5.83
20170628,6.41,6.45,6.28,6.31,6.45,-0.14,-2.17,19904.01,12616.631,0.73,13.86,6.32,6.97,9.05,10.48,11.39,8.85,2.98
20170627,6.52,6.54,6.36,6.45,6.53,-0.08,-1.23,11449.43,7428.155,0.73,13.86,6.32,6.97,9.05,10.48,11.39,8.86,5.22
20170626,6.5,6.53,6.43,6.53,6.5,0.03,0.46,12079.03,7847.207,0.73,13.86,6.32,6.97,9.05,10.48,11.39,8.87,8.61
20170623,6.51,6.52,6.24,6.5,6.46,0.04,0.62,14455.01,9272.378,0.73,13.86,6.32,7.1,9.05,10.48,11.39,8.89,8.28
20170622,6.68,6.76,6.36,6.46,6.68,-0.22,-3.29,25804.42,17233.817,0.73,13.86,6.45,7.1,9.05,10.48,11.39,8.9,7.83
20170621,6.69,6.71,6.58,6.68,6.7,-0.02,-0.3,17335.01,11523.782,0.73,13.86,6.45,7.1,9.05,10.48,11.39,8.92,10.2
20170620,6.74,6.79,6.68,6.7,6.71,-0.01,-0.15,11111.02,7473.31,0.73,13.86,6.45,7.1,9.05,10.48,11.39,8.93,9.81
20170619,6.68,6.76,6.63,6.71,6.61,0.1,1.51,14642.01,9817.684,0.73,13.86,6.45,7.23,9.18,10.48,11.39,8.94,9.79
20170616,6.63,6.68,6.58,6.61,6.6,0.01,0.15,9389.0,6216.6,0.73,13.86,6.45,7.23,9.18,10.48,11.39,8.95,9.77
20170615,6.42,6.64,6.41,6.6,6.45,0.15,2.33,16914.0,11083.655,0.73,13.86,6.45,7.23,9.18,10.48,11.39,8.96,9.55
20170614,6.46,6.63,6.42,6.45,6.53,-0.08,-1.23,14957.52,9746.811,0.73,13.86,6.45,7.23,9.18,10.48,11.39,8.97,4.88
20170613,6.4,6.58,6.25,6.53,6.46,0.07,1.08,12378.51,7972.021,0.73,13.86,6.45,7.36,9.18,10.48,11.39,8.98,7.12
20170612,6.39,6.49,6.26,6.46,6.54,-0.08,-1.22,14176.0,8997.195,0.73,13.86,6.45,7.36,9.18,10.48,11.39,9.0,6.74
20170609,6.5,6.57,6.45,6.54,6.55,-0.01,-0.15,9951.02,6469.932,0.73,13.86,6.45,7.36,9.18,10.48,11.39,9.01,6.3
20170608,6.59,6.68,6.54,6.55,6.61,-0.06,-0.91,12442.0,8223.371,0.73,13.86,6.45,7.49,9.18,10.48,11.39,9.02,6.06
20170607,6.41,6.64,6.41,6.61,6.45,0.16,2.48,17956.01,11772.308,0.73,13.86,6.45,7.49,9.18,10.48,11.39,9.03,7.08
20170606,6.35,6.52,6.33,6.45,6.38,0.07,1.1,11310.01,7279.674,0.73,13.86,6.45,7.49,9.18,10.48,11.39,9.04,4.32
20170605,6.3,6.38,6.28,6.38,6.29,0.09,1.43,9311.02,5908.586,0.73,13.86,6.45,7.49,9.18,10.48,11.39,9.05,4.15
20170602,5.99,6.36,5.92,6.29,6.14,0.15,2.44,19141.96,11653.088,0.73,13.86,6.58,7.62,9.18,10.48,11.39,9.06,2.84
20170601,6.4,6.41,6.13,6.14,6.45,-0.31,-4.81,22805.02,14187.535,0.73,13.86,6.58,7.62,9.18,10.48,11.39,9.08,1.31
20170531,6.6,6.62,6.45,6.45,6.5,-0.05,-0.77,16657.71,10896.131,0.73,13.86,6.84,7.62,9.18,10.48,11.39,9.1,2.5
20170526,6.47,6.53,6.43,6.5,6.44,0.06,0.93,12068.0,7820.934,0.73,13.86,6.97,7.75,9.18,10.48,11.39,9.12,3.35
20170525,6.32,6.48,6.2,6.44,6.34,0.1,1.58,16044.01,10187.783,0.73,13.86,6.97,7.75,9.18,10.48,11.39,9.13,2.45
20170524,6.35,6.38,6.14,6.34,6.46,-0.12,-1.86,25434.01,15873.391,0.73,13.86,6.97,7.75,9.18,10.48,11.39,9.14,2.11
20170523,6.88,6.9,6.46,6.46,6.8,-0.34,-5.0,34814.0,22863.058,0.73,13.86,7.1,7.75,9.18,10.48,11.39,9.17,1.61
20170522,7.14,7.18,6.8,6.8,7.16,-0.36,-5.03,17060.35,11897.281,0.73,13.86,7.1,7.88,9.18,10.48,11.39,9.2,1.45
20170519,7.12,7.17,7.07,7.16,7.14,0.02,0.28,17309.52,12320.348,0.73,13.86,7.1,7.88,9.18,10.48,11.39,9.21,5.12
20170518,7.04,7.23,7.03,7.14,7.18,-0.04,-0.56,23332.95,16575.736,0.73,13.86,7.23,7.88,9.18,10.48,11.39,9.23,4.61
20170517,7.3,7.35,7.18,7.18,7.26,-0.08,-1.1,16749.57,12182.666,0.73,13.86,7.23,7.88,9.18,10.48,11.39,9.24,3.93
20170516,7.17,7.28,7.12,7.26,7.16,0.1,1.4,21596.76,15518.927,0.73,13.86,7.23,7.88,9.18,10.48,11.39,9.26,5.22
20170515,7.01,7.19,7.01,7.16,7.06,0.1,1.42,12260.01,8741.572,0.73,13.86,7.36,8.01,9.18,10.48,11.39,9.28,3.57
20170512,7.01,7.1,6.9,7.06,7.05,0.01,0.14,14447.75,10119.713,0.73,13.86,7.36,8.01,9.18,10.48,11.39,9.29,2.61
20170511,7.2,7.2,6.89,7.05,7.25,-0.2,-2.76,27188.6,18973.031,0.73,13.86,7.49,8.01,9.18,10.48,11.39,9.3,2.18
20170510,7.23,7.34,7.18,7.25,7.24,0.01,0.14,16511.0,12022.631,0.73,13.86,7.49,8.01,9.31,10.48,11.39,9.32,2.72
20170509,7.4,7.51,7.23,7.24,7.46,-0.22,-2.95,23967.25,17553.428,0.73,13.86,7.62,8.14,9.31,10.48,11.39,9.33,2.23
20170508,7.83,7.93,7.45,7.46,7.84,-0.38,-4.85,24573.0,18907.257,0.73,13.86,7.62,8.14,9.31,10.48,11.39,9.35,2.44
20170505,7.96,8.08,7.84,7.84,7.95,-0.11,-1.38,11412.81,9077.249,0.73,13.86,7.62,8.27,9.31,10.48,11.39,9.36,7.99
20170504,8.03,8.03,7.86,7.95,8.06,-0.11,-1.36,22625.0,17978.719,0.73,13.86,7.62,8.27,9.31,10.48,11.39,9.37,10.84
20170503,7.69,8.06,7.66,8.06,7.68,0.38,4.95,41244.61,32957.934,0.73,13.86,7.62,8.27,9.31,10.48,11.39,9.38,12.5
20170502,7.4,7.8,7.4,7.68,7.59,0.09,1.19,21535.0,16506.437,0.73,13.86,7.62,8.27,9.31,10.48,11.39,9.4,5.76
20170427,7.58,7.65,7.4,7.59,7.62,-0.03,-0.39,16491.0,12398.188,0.73,13.86,7.62,8.4,9.31,10.61,11.39,9.41,3.69
20170426,7.55,7.63,7.4,7.62,7.55,0.07,0.93,16552.0,12441.801,0.73,13.86,7.75,8.4,9.31,10.61,11.39,9.42,3.34
20170425,7.55,7.71,7.5,7.55,7.7,-0.15,-1.95,15757.0,11936.55,0.73,13.86,7.75,8.4,9.31,10.61,11.39,9.43,2.99
20170424,7.97,7.97,7.65,7.7,7.98,-0.28,-3.51,16903.5,13145.676,0.73,13.86,7.75,8.4,9.31,10.61,11.39,9.45,3.69
20170421,7.96,8.06,7.8,7.98,7.98,0.0,0.0,24317.29,19242.114,0.73,13.86,7.75,8.4,9.31,10.61,11.39,9.46,6.71
20170420,8.19,8.27,7.83,7.98,8.19,-0.21,-2.56,17201.0,13902.99,0.73,13.86,7.88,8.53,9.31,10.61,11.39,9.47,6.22
20170419,8.45,8.45,8.17,8.19,8.49,-0.3,-3.53,21882.93,18081.683,0.73,13.86,7.88,8.53,9.31,10.61,11.39,9.48,8.65
20170418,8.66,8.74,8.4,8.49,8.73,-0.24,-2.75,14828.42,12731.42,0.73,13.86,7.88,8.53,9.31,10.61,11.39,9.49,13.78
20170417,8.46,8.77,8.21,8.73,8.64,0.09,1.04,60804.23,51703.256,0.73,13.86,7.88,8.53,9.31,10.61,11.39,9.5,19.35
20170414,8.8,8.8,8.55,8.64,8.87,-0.23,-2.59,20999.69,18092.985,0.73,13.86,7.75,8.53,9.31,10.61,11.52,9.52,15.02
20170413,8.9,8.97,8.67,8.87,8.9,-0.03,-0.34,34835.5,30521.812,0.73,13.86,7.75,8.66,9.31,10.61,11.52,9.52,20.54
20170412,9.01,9.1,8.88,8.9,9.02,-0.12,-1.33,42061.39,37839.326,0.73,13.86,7.75,8.53,9.31,10.61,11.52,9.53,19.85
20170411,8.9,9.2,8.84,9.02,8.95,0.07,0.78,50078.01,45388.45,0.73,13.86,7.75,8.53,9.31,10.61,11.52,9.54,24.9
20170410,8.58,9.05,8.55,8.95,8.62,0.33,3.83,82386.0,73491.678,0.73,13.86,7.75,8.53,9.31,10.61,11.52,9.55,24.82
20170407,8.64,8.68,8.55,8.62,8.68,-0.06,-0.69,17426.0,15002.387,0.73,13.86,7.75,8.53,9.44,10.61,11.52,9.58,15.81
20170406,8.47,8.74,8.42,8.68,8.45,0.23,2.72,30559.11,26250.7,0.73,13.86,7.75,8.53,9.44,10.61,11.52,9.58,16.96
20170405,8.34,8.47,8.25,8.45,8.33,0.12,1.44,20066.51,16840.85,0.73,13.86,7.75,8.53,9.44,10.61,11.52,9.59,13.84
20170331,8.24,8.38,8.2,8.33,8.32,0.01,0.12,20151.0,16760.386,0.73,13.86,7.75,8.66,9.44,10.61,11.52,9.6,11.12
20170330,8.75,8.76,8.32,8.32,8.76,-0.44,-5.02,54879.0,46133.384,0.73,13.86,7.75,8.79,9.44,10.61,11.52,9.61,10.57
20170329,9.03,9.03,8.74,8.76,9.01,-0.25,-2.77,35726.0,31594.022,0.73,13.86,7.75,8.79,9.44,10.61,11.52,9.63,13.27
20170328,8.94,9.04,8.87,9.01,8.93,0.08,0.9,16170.0,14505.526,0.73,13.86,7.75,8.92,9.44,10.74,11.52,9.64,17.77
20170327,9.08,9.09,8.9,8.93,9.05,-0.12,-1.33,25917.98,23258.181,0.73,13.86,7.75,8.92,9.44,10.74,11.52,9.65,17.38
20170324,9.21,9.22,8.98,9.05,9.2,-0.15,-1.63,56244.5,50932.084,0.73,13.86,7.75,8.92,9.44,10.74,11.52,9.65,16.94
20170323,9.27,9.34,9.17,9.2,9.27,-0.07,-0.76,36253.01,33533.505,0.73,13.86,7.75,8.92,9.44,10.74,11.52,9.67,31.73
20170322,9.31,9.35,9.22,9.27,9.34,-0.07,-0.75,26230.65,24367.262,0.73,13.86,7.75,8.92,9.57,10.74,11.52,9.67,31.32
20170321,9.42,9.46,9.32,9.34,9.44,-0.1,-1.06,30191.35,28281.966,0.73,13.86,7.75,8.79,9.57,10.74,11.52,9.68,42.71
20170320,9.45,9.48,9.3,9.44,9.43,0.01,0.11,41513.0,38979.542,0.73,13.86,7.75,8.79,9.57,10.74,11.52,9.68,42.69
20170317,9.45,9.58,9.37,9.43,9.43,0.0,0.0,64390.65,61035.039,0.73,13.86,7.75,8.79,9.57,10.74,11.52,9.69,42.4
20170316,9.31,9.45,9.28,9.43,9.31,0.12,1.29,29841.37,28043.823,0.73,13.86,7.75,8.79,9.7,10.74,11.52,9.69,43.16
20170315,9.34,9.37,9.25,9.31,9.34,-0.03,-0.32,20916.15,19496.269,0.73,13.86,7.75,8.79,9.7,10.74,11.52,9.7,32.77
20170314,9.27,9.43,9.25,9.34,9.24,0.1,1.08,30154.05,28146.664,0.73,13.86,7.75,8.79,9.7,10.74,11.52,9.7,42.66
20170313,9.19,9.28,9.15,9.24,9.18,0.06,0.65,15333.4,14162.327,0.73,13.86,7.75,8.79,9.7,10.87,11.52,9.7,33.12
20170310,9.25,9.28,9.18,9.18,9.26,-0.08,-0.86,21261.0,19622.688,0.73,13.86,7.75,8.79,9.7,10.87,11.52,9.71,23.76
20170309,9.29,9.31,9.18,9.26,9.29,-0.03,-0.32,22018.01,20363.073,0.73,13.86,7.75,8.66,9.83,10.87,11.52,9.71,32.51
20170308,9.39,9.42,9.24,9.29,9.39,-0.1,-1.07,26612.28,24803.626,0.73,13.86,7.75,8.66,9.83,10.87,11.52,9.72,32.17
20170307,9.44,9.5,9.37,9.39,9.44,-0.05,-0.53,27712.0,26119.689,0.73,13.86,7.75,8.66,9.83,10.87,11.52,9.72,40.57
20170306,9.46,9.52,9.31,9.44,9.34,0.1,1.07,23210.89,21885.087,0.73,13.86,7.75,8.66,9.83,10.87,11.52,9.72,40.55
20170303,9.25,9.35,9.2,9.34,9.25,0.09,0.97,15833.67,14685.039,0.73,13.86,7.75,8.66,9.83,10.87,11.52,9.73,40.52
20170302,9.5,9.56,9.23,9.25,9.4,-0.15,-1.6,32639.07,30616.587,0.73,13.86,7.75,8.66,9.83,10.87,11.52,9.73,32.84
20170301,9.23,9.45,9.21,9.4,9.2,0.2,2.17,42840.62,40093.811,0.73,13.86,7.75,8.66,9.96,10.87,11.52,9.73,39.96
20170228,9.25,9.3,9.17,9.2,9.24,-0.04,-0.43,20192.0,18620.134,0.73,13.86,7.75,8.53,9.96,10.87,11.52,9.74,33.45
20170227,9.21,9.36,9.15,9.24,9.21,0.03,0.33,26730.01,24712.534,0.73,13.86,7.75,8.53,9.96,10.87,11.52,9.75,33.06
20170224,9.2,9.25,9.15,9.21,9.23,-0.02,-0.22,29248.99,26874.931,0.73,13.86,7.75,8.53,9.96,10.87,11.52,9.75,32.78
20170223,9.23,9.3,9.17,9.23,9.27,-0.04,-0.43,14666.5,13526.017,0.73,13.86,7.75,8.53,9.96,10.87,11.52,9.76,32.22
20170222,9.24,9.28,9.2,9.27,9.33,-0.06,-0.64,20062.77,18508.869,0.73,13.86,7.75,8.53,9.96,10.87,11.52,9.76,31.93
20170221,9.31,9.35,9.2,9.33,9.38,-0.05,-0.53,24377.01,22600.585,0.73,13.86,7.75,8.53,9.96,11.0,11.52,9.77,37.27
20170220,9.05,9.44,8.94,9.38,9.17,0.21,2.29,40133.11,37107.775,0.73,13.86,7.75,8.53,9.96,11.0,11.52,9.77,36.78
20170217,9.3,9.37,9.12,9.17,9.33,-0.16,-1.71,19069.76,17606.075,0.73,13.86,7.75,8.4,9.96,11.0,11.52,9.78,26.08
20170216,9.28,9.34,9.22,9.33,9.28,0.05,0.54,10655.0,9907.343,0.73,13.86,7.75,8.4,9.96,11.0,11.52,9.78,35.51
20170215,9.3,9.36,9.21,9.28,9.31,-0.03,-0.32,15421.0,14331.263,0.73,13.86,7.75,8.4,9.96,11.0,11.52,9.79,30.64
20170214,9.31,9.41,9.23,9.31,9.41,-0.1,-1.06,18982.55,17689.169,0.73,13.86,7.75,8.4,10.09,11.0,11.52,9.79,30.56
20170213,9.42,9.49,9.32,9.41,9.58,-0.17,-1.77,17790.81,16745.302,0.73,13.86,7.75,8.4,10.09,11.0,11.52,9.79,34.62
20170210,9.38,9.68,9.28,9.58,9.42,0.16,1.7,39152.74,37241.676,0.73,13.86,7.75,8.4,10.09,11.0,11.52,9.8,38.79
20170209,9.29,9.47,9.29,9.42,9.33,0.09,0.96,15678.82,14751.98,0.73,13.86,7.75,8.4,10.09,11.0,11.52,9.8,34.6
20170208,9.33,9.34,9.2,9.33,9.34,-0.01,-0.11,15923.64,14799.607,0.73,13.86,7.75,8.4,10.09,11.0,11.52,9.81,34.44
20170207,9.29,9.36,9.22,9.34,9.3,0.04,0.43,13779.64,12806.233,0.73,13.86,7.75,8.4,10.09,11.0,11.52,9.81,34.1
20170206,9.33,9.38,9.16,9.3,9.32,-0.02,-0.21,17750.0,16415.064,0.73,13.86,7.75,8.4,10.09,11.0,11.52,9.81,31.15
20170203,9.38,9.5,9.3,9.32,9.43,-0.11,-1.17,13702.14,12889.793,0.73,13.86,7.75,8.4,10.09,11.0,11.52,9.82,33.41
20170126,9.12,9.58,9.1,9.43,9.14,0.29,3.17,31070.02,29001.101,0.73,13.86,7.75,8.4,10.09,11.0,11.52,9.82,33.26
20170125,9.05,9.15,8.97,9.14,9.02,0.12,1.33,27770.71,25198.017,0.73,13.86,7.75,8.4,10.09,11.0,11.52,9.83,27.91
20170124,9.01,9.08,8.9,9.02,9.0,0.02,0.22,20380.75,18323.46,0.73,13.86,7.75,8.4,10.09,11.0,11.52,9.83,22.62
20170123,9.15,9.25,8.9,9.0,9.14,-0.14,-1.53,49408.08,44719.633,0.73,13.86,7.75,8.4,10.09,11.0,11.52,9.84,22.33
20170120,8.99,9.19,8.86,9.14,8.99,0.15,1.67,29091.99,26321.647,0.73,13.86,7.75,8.4,10.22,11.13,11.65,9.85,26.02
20170119,9.05,9.14,8.74,8.99,9.07,-0.08,-0.88,25620.51,22986.984,0.73,13.86,7.75,8.4,10.22,11.13,11.65,9.86,22.12
20170118,9.24,9.24,9.03,9.07,9.15,-0.08,-0.87,18908.13,17272.347,0.73,13.86,7.75,8.4,10.22,11.13,11.65,9.87,24.89
20170117,9.43,9.43,8.95,9.15,9.42,-0.27,-2.87,45670.33,41741.134,0.73,13.86,7.75,8.4,10.22,11.13,11.65,9.88,24.64
20170116,9.76,9.9,9.42,9.42,9.92,-0.5,-5.04,51104.64,48429.966,0.73,13.86,7.75,8.27,10.22,11.13,11.65,9.89,27.66
20170113,10.41,10.41,9.89,9.92,10.41,-0.49,-4.71,97072.87,96795.149,0.73,13.86,7.75,8.27,10.22,11.13,11.65,9.9,35.4
20170112,10.38,10.58,10.33,10.41,10.42,-0.01,-0.1,42997.0,45001.937,0.73,13.86,7.62,8.27,10.22,11.13,11.65,9.89,61.07
20170111,10.4,10.6,10.39,10.42,10.39,0.03,0.29,56544.6,59334.992,0.73,13.86,7.62,8.27,10.22,11.13,11.65,9.89,61.05
20170110,10.39,10.59,10.35,10.39,10.4,-0.01,-0.1,69628.5,72846.523,0.73,13.86,7.62,8.27,10.22,11.13,11.65,9.88,62.03
20170109,10.45,10.57,10.37,10.4,10.58,-0.18,-1.7,46941.91,49063.267,0.73,13.86,7.62,8.27,10.22,11.26,11.65,9.86,62.46
20170106,10.6,10.68,10.51,10.58,10.67,-0.09,-0.84,28722.51,30431.024,0.73,13.86,7.62,8.27,10.22,11.26,11.65,9.85,69.42
20170105,10.69,10.84,10.62,10.67,10.8,-0.13,-1.2,46147.51,49417.255,0.73,13.86,7.62,8.14,10.22,11.26,11.65,9.85,74.39
20170104,10.71,10.8,10.3,10.8,10.78,0.02,0.19,95076.0,100228.858,0.73,13.86,7.62,8.14,10.09,11.26,11.65,9.84,77.29
20170103,10.57,10.8,10.51,10.78,10.65,0.13,1.22,59865.41,63736.178,0.73,13.86,7.62,8.14,10.09,11.26,11.65,9.82,76.6
20161230,10.39,10.7,10.39,10.65,10.35,0.3,2.9,70699.47,74765.679,0.73,13.86,7.62,8.14,10.09,11.26,11.65,9.8,74.84
20161229,10.19,10.48,10.1,10.35,10.21,0.14,1.37,41604.73,43036.835,0.73,13.86,7.62,8.14,10.09,11.26,11.65,9.78,61.81
20161228,10.32,10.42,10.18,10.21,10.29,-0.08,-0.78,19196.0,19789.414,0.73,13.86,7.62,8.14,10.09,11.26,11.65,9.78,55.36
20161227,10.29,10.39,10.2,10.29,10.29,0.0,0.0,16583.64,17077.055,0.73,13.86,7.62,8.14,9.96,11.26,11.65,9.77,61.8
20161226,10.03,10.3,9.95,10.29,10.13,0.16,1.58,25191.19,25546.698,0.73,13.86,7.62,8.14,9.96,11.26,11.65,9.77,61.8
20161223,10.48,10.54,10.13,10.13,10.45,-0.32,-3.06,24149.12,24735.147,0.73,13.86,7.62,8.14,9.96,11.26,11.65,9.77,55.8
20161222,10.3,10.5,10.25,10.45,10.35,0.1,0.97,39044.89,40705.65,0.73,13.86,7.62,8.14,9.96,11.26,11.65,9.77,67.61
20161221,10.31,10.42,10.18,10.35,10.31,0.04,0.39,51689.31,53171.741,0.73,13.86,7.62,8.14,9.96,11.26,11.65,9.76,62.34
20161220,10.4,10.4,10.25,10.31,10.36,-0.05,-0.48,24518.9,25274.022,0.73,13.86,7.62,8.01,9.96,11.39,11.65,9.75,62.35
20161219,10.35,10.56,10.25,10.36,10.33,0.03,0.29,36249.76,37874.822,0.73,13.86,7.62,8.01,9.96,11.39,11.65,9.75,66.98
20161216,9.99,10.54,9.99,10.33,10.05,0.28,2.79,33095.36,33950.047,0.73,13.86,7.62,8.01,9.96,11.39,11.65,9.74,63.2
20161215,9.96,10.18,9.95,10.05,9.96,0.09,0.9,29207.05,29375.694,0.73,13.86,7.62,8.01,9.96,11.39,11.65,9.74,54.21
20161214,9.88,10.1,9.8,9.96,9.84,0.12,1.22,39329.82,39284.565,0.73,13.86,7.62,8.01,9.96,11.39,11.65,9.73,48.4
20161213,9.65,10.02,9.65,9.84,9.98,-0.14,-1.4,29752.0,29125.195,0.73,13.86,7.62,8.01,9.96,11.39,11.65,9.73,48.64
20161212,10.45,10.55,9.98,9.98,10.5,-0.52,-4.95,88533.02,89030.662,0.73,13.86,7.62,8.01,9.96,11.39,11.65,9.72,53.36
20161209,10.35,10.58,10.35,10.5,10.4,0.1,0.96,40653.33,42674.478,0.73,13.86,7.62,8.01,9.96,11.39,11.65,9.72,68.02
20161208,10.36,10.49,10.3,10.4,10.4,0.0,0.0,30584.98,31802.684,0.73,13.86,7.62,8.01,9.83,11.39,11.65,9.71,65.65
20161207,10.02,10.45,10.02,10.4,10.11,0.29,2.87,40406.02,41541.062,0.73,13.86,7.62,8.01,9.83,11.39,11.65,9.7,65.68
20161206,9.88,10.4,9.88,10.11,10.06,0.05,0.5,43019.01,43660.433,0.73,13.86,7.62,8.01,9.83,11.39,11.65,9.69,60.33
20161205,10.0,10.16,9.53,10.06,10.03,0.03,0.3,70392.01,69375.133,0.73,13.86,7.62,8.01,9.83,11.39,11.65,9.69,57.02
20161202,10.09,10.16,9.85,10.03,10.09,-0.06,-0.59,73368.67,73294.998,0.73,13.86,7.62,8.01,9.83,11.39,11.65,9.69,56.27
20161201,9.76,10.17,9.75,10.09,9.85,0.24,2.44,55736.42,55732.346,0.73,13.86,7.62,8.01,9.7,11.39,11.65,9.68,56.08
20161130,9.74,10.29,9.66,9.85,10.17,-0.32,-3.15,155494.89,152488.613,0.73,13.86,7.62,8.01,9.7,11.39,11.65,9.67,53.68
20161129,10.85,10.85,10.17,10.17,10.7,-0.53,-4.95,119786.6,124021.302,0.73,13.86,7.62,7.88,9.57,11.39,11.65,9.66,55.64
20161128,11.09,11.28,10.7,10.7,11.19,-0.49,-4.38,75245.03,82525.899,0.73,13.86,7.62,7.88,9.31,11.39,11.65,9.63,62.38
20161125,11.4,11.41,10.85,11.19,11.42,-0.23,-2.01,163213.0,178983.813,0.73,13.86,7.62,7.88,9.31,11.52,11.65,9.6,74.18
20161124,11.58,11.87,11.27,11.42,11.82,-0.4,-3.38,71371.43,82574.452,0.73,13.86,7.62,7.88,9.18,11.52,11.78,9.52,84.16
20161123,11.74,12.04,11.63,11.82,11.89,-0.07,-0.59,66272.31,78869.196,0.73,13.86,7.62,7.88,9.18,11.39,11.65,9.46,97.95
20161122,11.4,11.93,11.01,11.89,11.39,0.5,4.39,79398.08,90673.592,0.73,13.86,7.49,7.88,9.05,11.39,11.65,9.42,98.63
20161121,11.6,11.65,11.25,11.39,11.6,-0.21,-1.81,86409.5,98768.25,0.73,13.86,7.49,7.88,9.05,11.39,11.65,9.35,83.22
20161118,11.42,11.8,11.3,11.6,11.61,-0.01,-0.09,95203.18,109684.74,0.73,13.86,7.49,7.88,9.05,11.39,11.65,9.3,93.66
20161117,11.2,11.84,11.19,11.61,11.28,0.33,2.93,208948.09,244963.571,0.73,13.86,7.49,7.88,9.05,11.26,11.65,9.22,94.81
20161116,11.01,11.5,10.93,11.28,11.1,0.18,1.62,44577.3,50197.045,0.73,13.86,7.49,7.75,8.92,10.74,11.39,9.04,93.83
20161115,10.98,11.25,10.88,11.1,10.99,0.11,1.0,47015.36,52294.25,0.73,13.86,7.49,7.75,8.79,10.61,11.39,9.01,89.75
20161114,11.4,11.56,10.88,10.99,11.36,-0.37,-3.26,62176.21,69075.958,0.73,13.86,7.49,7.75,8.79,10.48,11.39,8.98,88.94
20161111,11.03,11.62,11.03,11.36,11.07,0.29,2.62,141288.68,162262.219,0.73,13.86,7.49,7.75,8.79,10.35,11.39,8.93,94.38
20161110,10.52,11.07,10.51,11.07,10.54,0.53,5.03,73328.0,79048.855,0.73,13.86,7.49,7.75,8.66,10.09,10.87,8.81,96.15
20161109,10.0,10.54,9.92,10.54,10.04,0.5,4.98,107008.81,110392.968,0.73,13.86,7.49,7.75,8.66,9.83,10.74,8.75,94.05
20161108,9.86,10.15,9.78,10.04,9.86,0.18,1.83,55056.84,55188.275,0.73,13.86,7.49,7.75,8.53,9.7,10.74,8.7,89.81
20161107,9.81,9.95,9.67,9.86,9.88,-0.02,-0.2,39602.26,38901.162,0.73,13.86,7.49,7.75,8.53,9.57,10.74,8.67,89.68
20161104,9.73,9.93,9.63,9.88,9.69,0.19,1.96,64946.81,63751.64,0.73,13.86,7.49,7.75,8.4,9.57,10.74,8.66,89.62
20161103,9.26,9.74,9.25,9.69,9.28,0.41,4.42,84447.5,81102.802,0.73,13.86,7.49,7.75,8.4,9.44,10.74,8.63,88.26
20161102,9.31,9.33,9.23,9.28,9.29,-0.01,-0.11,29269.16,27175.511,0.73,13.86,7.49,7.75,8.4,9.31,10.87,8.61,82.2
20161101,9.03,9.31,8.95,9.29,9.04,0.25,2.77,45663.18,41881.13,0.73,13.86,7.49,7.75,8.4,9.31,10.87,8.6,82.6
20161031,9.05,9.14,8.76,9.04,9.11,-0.07,-0.77,45382.02,40549.077,0.73,13.86,7.49,7.75,8.4,9.31,10.87,8.59,70.42
20161028,9.32,9.43,9.09,9.11,9.3,-0.19,-2.04,33055.06,30518.3951,0.73,13.86,7.49,7.75,8.4,9.31,10.87,8.59,77.12
20161027,9.25,9.36,9.24,9.3,9.24,0.06,0.65,25949.5,24139.445,0.73,13.86,7.49,7.75,8.4,9.31,10.87,8.58,82.38
20161026,9.39,9.51,9.23,9.24,9.35,-0.11,-1.18,40491.85,37903.276,0.73,13.86,7.49,7.75,8.4,9.31,10.87,8.57,82.78
20161025,9.44,9.44,9.29,9.35,9.36,-0.01,-0.11,31005.23,28978.1856,0.73,13.86,7.49,7.75,8.27,9.31,10.87,8.56,86.57
20161024,9.13,9.42,9.09,9.36,9.1,0.26,2.86,55618.99,51822.7781,0.73,13.86,7.49,7.75,8.27,9.31,10.87,8.55,86.61
20161021,9.12,9.19,9.02,9.1,9.1,0.0,0.0,28086.1,25531.3337,0.73,13.86,7.49,7.75,8.27,9.18,11.0,8.54,82.16
20161020,9.14,9.18,9.08,9.1,9.13,-0.03,-0.33,26798.01,24428.3661,0.73,13.86,7.49,7.75,8.27,9.18,11.0,8.54,82.41
20161019,9.11,9.26,9.03,9.13,9.08,0.05,0.55,34418.85,31455.474,0.73,13.86,7.49,7.75,8.27,9.18,11.0,8.53,82.48
20161018,8.89,9.11,8.88,9.08,8.93,0.15,1.68,25011.54,22521.0287,0.73,13.86,7.49,7.75,8.27,9.18,11.0,8.52,82.78
20161017,9.08,9.17,8.9,8.93,9.03,-0.1,-1.11,38045.31,34288.0747,0.73,13.86,7.49,7.75,8.27,9.18,11.0,8.52,77.51
20161014,9.18,9.18,8.94,9.03,9.15,-0.12,-1.31,37259.93,33792.1115,0.73,13.86,7.49,7.75,8.27,9.18,11.0,8.51,77.75
20161013,9.17,9.36,8.98,9.15,9.13,0.02,0.22,67586.79,61870.5195,0.73,13.86,7.49,7.75,8.27,9.31,11.0,8.51,82.44
20161012,8.84,9.23,8.78,9.13,8.84,0.29,3.28,90079.57,81296.8216,0.73,13.86,7.49,7.75,8.27,9.31,11.13,8.49,83.29
20161011,8.56,8.97,8.55,8.84,8.54,0.3,3.51,78513.23,69278.623,0.73,13.86,7.36,7.62,8.14,9.31,11.13,8.48,78.5
20161010,8.42,8.61,8.38,8.54,8.38,0.16,1.91,42720.33,36307.8243,0.73,13.86,7.36,7.62,8.14,9.44,11.13,8.47,73.02
20160930,8.34,8.44,8.29,8.38,8.34,0.04,0.48,35454.99,29730.0846,0.73,13.86,7.36,7.62,8.14,9.57,11.13,8.47,60.81
20160929,8.33,8.38,8.28,8.34,8.34,0.0,0.0,48369.85,40242.8564,0.73,13.86,7.36,7.62,8.14,9.57,11.13,8.47,61.02
20160928,8.36,8.4,8.24,8.34,8.38,-0.04,-0.48,28381.0,23609.912,0.73,13.86,7.36,7.62,8.14,9.57,11.13,8.47,60.78
20160927,8.3,8.42,8.17,8.38,8.29,0.09,1.09,38293.03,31847.0248,0.73,13.86,7.36,7.62,8.14,9.7,11.13,8.47,60.53
20160926,8.61,8.65,8.25,8.29,8.57,-0.28,-3.27,44782.91,37904.6988,0.73,13.86,7.36,7.62,8.14,9.7,11.13,8.48,60.52
20160923,8.45,8.72,8.37,8.57,8.42,0.15,1.78,50085.14,42895.9473,0.73,13.86,7.36,7.62,8.14,9.83,11.13,8.48,70.84
20160922,8.42,8.52,8.38,8.42,8.39,0.03,0.36,29401.0,24776.16,0.73,13.86,7.36,7.62,8.14,9.83,11.26,8.48,67.88
20160921,8.39,8.44,8.34,8.39,8.39,0.0,0.0,20572.56,17265.3233,0.73,13.86,7.36,7.62,8.01,9.96,11.26,8.48,62.58
20160920,8.31,8.48,8.31,8.39,8.34,0.05,0.6,33002.51,27782.5799,0.73,13.86,7.36,7.62,8.01,9.96,11.26,8.48,62.73
20160919,8.29,8.43,8.26,8.34,8.29,0.05,0.6,29015.5,24197.7255,0.73,13.86,7.36,7.62,8.01,9.96,11.26,8.48,63.33
20160914,8.11,8.45,8.08,8.29,8.2,0.09,1.1,43568.0,36343.404,0.73,13.86,7.36,7.62,8.01,9.96,11.26,8.48,63.32
20160913,8.03,8.21,7.98,8.2,8.2,0.0,0.0,67578.99,54575.1852,0.73,13.86,7.36,7.62,8.01,10.09,11.26,8.48,59.85
20160912,8.2,8.22,8.2,8.2,8.63,-0.43,-4.98,21816.0,17889.528,0.73,13.86,7.36,7.62,8.01,10.09,11.26,8.49,59.01
20160909,8.59,8.92,8.55,8.63,8.56,0.07,0.82,73121.09,64093.08,0.73,13.86,7.36,7.62,8.01,10.09,11.26,8.49,68.36
20160908,8.3,8.62,8.28,8.56,8.34,0.22,2.64,53700.32,45622.7917,0.73,13.86,7.36,7.62,8.01,10.09,11.26,8.49,69.93
20160907,8.18,8.48,8.17,8.34,8.2,0.14,1.71,55638.96,46340.0987,0.73,13.86,7.36,7.62,8.01,10.22,11.26,8.49,64.76
20160906,8.13,8.23,7.99,8.2,8.13,0.07,0.86,39257.46,31868.375,0.73,13.86,7.36,7.62,8.01,10.22,11.26,8.49,62.67
20160905,8.15,8.22,8.06,8.13,8.19,-0.06,-0.73,45086.35,36767.7527,0.73,13.86,7.36,7.62,8.01,10.22,11.26,8.5,55.84
20160902,8.01,8.2,7.99,8.19,8.05,0.14,1.74,41658.73,33765.861,0.73,13.86,7.36,7.62,8.01,10.22,11.26,8.51,61.85
20160901,8.09,8.23,7.98,8.05,8.1,-0.05,-0.62,36202.25,29330.7124,0.73,13.86,7.36,7.62,8.01,10.22,11.26,8.51,56.47
20160831,7.89,8.25,7.85,8.1,7.89,0.21,2.66,55793.21,45017.0841,0.73,13.86,7.36,7.62,8.01,10.22,11.26,8.52,56.41
20160830,7.94,8.02,7.84,7.89,7.83,0.06,0.77,29952.14,23775.4127,0.73,13.86,7.36,7.62,8.01,10.35,11.26,8.53,46.69
20160829,7.8,7.95,7.77,7.83,7.78,0.05,0.64,32902.82,25889.1274,0.73,13.86,7.36,7.62,8.01,10.35,11.26,8.53,35.77
20160826,7.76,7.85,7.73,7.78,7.73,0.05,0.65,22002.0,17139.9628,0.73,13.86,7.36,7.62,8.01,10.35,11.26,8.54,35.68
20160825,7.76,7.76,7.63,7.73,7.79,-0.06,-0.77,18158.0,13984.602,0.73,13.86,7.36,7.62,8.01,10.35,11.26,8.55,21.64
20160824,7.7,7.8,7.69,7.79,7.72,0.07,0.91,23928.87,18536.1909,0.73,13.86,7.36,7.62,8.01,10.35,11.39,8.55,34.93
20160823,7.64,7.77,7.64,7.72,7.66,0.06,0.78,18298.0,14105.8351,0.73,13.86,7.36,7.62,8.01,10.35,11.39,8.56,21.56
20160822,7.74,7.74,7.64,7.66,7.74,-0.08,-1.03,21983.0,16891.5405,0.73,13.86,7.36,7.62,8.01,10.35,11.39,8.56,21.42
20160819,7.8,7.8,7.69,7.74,7.81,-0.07,-0.9,21510.0,16660.282,0.73,13.86,7.36,7.62,8.01,10.35,11.39,8.57,21.0
20160818,7.69,7.82,7.65,7.81,7.69,0.12,1.56,41624.5,32310.7685,0.73,13.86,7.36,7.62,8.01,10.35,11.39,8.58,33.2
20160817,7.6,7.74,7.57,7.69,7.6,0.09,1.18,41092.67,31467.9559,0.73,13.86,7.36,7.62,8.01,10.35,11.39,8.59,21.17
20160816,7.62,7.64,7.57,7.6,7.61,-0.01,-0.13,25772.72,19597.1412,0.73,13.86,7.36,7.62,8.01,10.35,11.39,8.61,11.67
20160815,7.42,7.64,7.42,7.61,7.51,0.1,1.33,35778.0,27022.962,0.73,13.86,7.36,7.62,8.01,10.35,11.39,8.61,11.37
20160812,7.38,7.55,7.31,7.51,7.46,0.05,0.67,32907.44,24474.7908,0.73,13.86,7.36,7.62,8.01,10.35,11.39,8.63,10.71
20160811,7.62,7.67,7.46,7.46,7.67,-0.21,-2.74,34518.0,26041.57,0.73,13.86,7.36,7.62,8.01,10.35,11.39,8.64,6.35
20160810,7.71,7.73,7.64,7.67,7.71,-0.04,-0.52,22632.6,17408.4127,0.73,13.86,7.36,7.62,8.14,10.35,11.39,8.66,16.64
20160809,7.7,7.75,7.67,7.71,7.69,0.02,0.26,24426.0,18808.77,0.73,13.86,7.36,7.62,8.14,10.35,11.39,8.67,16.17
20160808,7.74,7.81,7.63,7.69,7.78,-0.09,-1.16,42195.88,32504.895,0.73,13.86,7.36,7.62,8.14,10.35,11.39,8.68,15.66
20160805,7.42,7.78,7.4,7.78,7.41,0.37,4.99,117494.66,90182.2154,0.73,13.86,7.36,7.62,8.14,10.48,11.39,8.69,26.07
20160804,7.3,7.46,7.26,7.41,7.3,0.11,1.51,30506.12,22461.5339,0.73,13.86,7.36,7.75,8.14,10.48,11.39,8.73,6.54
20160803,7.24,7.33,7.19,7.3,7.24,0.06,0.83,26765.68,19474.065,0.73,13.86,7.36,7.75,8.14,10.48,11.39,8.74,4.12
20160802,7.11,7.37,7.11,7.24,7.12,0.12,1.69,21766.75,15707.8055,0.73,13.86,7.49,7.75,8.14,10.48,11.39,8.76,3.33
20160801,7.42,7.42,7.04,7.12,7.41,-0.29,-3.91,30321.7,21590.4013,0.73,13.86,7.49,7.75,8.27,10.48,11.39,8.77,2.26
20160729,7.45,7.55,7.4,7.41,7.49,-0.08,-1.07,25676.33,19169.8815,0.73,13.86,7.62,7.75,8.27,10.48,11.39,8.79,3.06
20160728,7.45,7.57,7.38,7.49,7.55,-0.06,-0.79,35013.33,26157.2616,0.73,13.86,7.62,7.75,8.27,10.48,11.39,8.8,2.68
20160727,7.91,7.96,7.52,7.55,7.92,-0.37,-4.67,57413.76,44388.3104,0.73,13.86,7.62,7.75,8.27,10.48,11.39,8.82,2.94
20160726,7.72,7.94,7.72,7.92,7.78,0.14,1.8,43723.7,34223.5635,0.73,13.86,7.62,7.75,8.4,10.48,11.39,8.84,29.47
20160725,7.75,7.88,7.67,7.78,7.75,0.03,0.39,31468.0,24403.999,0.73,13.86,7.62,7.75,8.4,10.48,11.39,8.86,16.35
20160722,7.77,7.77,7.65,7.75,7.76,-0.01,-0.13,38994.0,30034.2845,0.73,13.86,7.62,7.75,8.4,10.48,11.39,8.87,6.42
20160721,7.77,7.8,7.72,7.76,7.78,-0.02,-0.26,35228.15,27349.7793,0.73,13.86,7.62,7.88,8.4,10.48,11.39,8.88,14.47
20160720,7.84,7.91,7.75,7.78,7.84,-0.06,-0.77,43671.81,34101.6438,0.73,13.86,7.62,7.88,8.4,10.48,11.39,8.9,13.55
20160719,7.93,7.95,7.72,7.84,7.93,-0.09,-1.13,33771.0,26380.632,0.73,13.86,7.62,7.88,8.53,10.61,11.39,8.91,13.06
20160718,7.93,7.95,7.87,7.93,7.94,-0.01,-0.13,27410.18,21720.1326,0.73,13.86,7.62,7.88,8.53,10.61,11.39,8.93,23.87
20160715,7.98,8.06,7.91,7.94,7.96,-0.02,-0.25,31435.21,25005.0192,0.73,13.86,7.62,7.88,8.53,10.61,11.39,8.94,23.26
20160714,7.85,8.01,7.82,7.96,7.88,0.08,1.02,34225.03,27061.3607,0.73,13.86,7.62,7.88,8.53,10.61,11.39,8.95,23.03
20160713,7.79,7.88,7.74,7.88,7.79,0.09,1.16,45807.52,35805.8571,0.73,13.86,7.62,7.88,8.53,10.61,11.39,8.96,12.56
20160712,7.74,7.88,7.4,7.79,7.77,0.02,0.26,47927.86,36981.8277,0.73,13.86,7.62,7.88,8.66,10.61,11.39,8.98,11.34
20160711,7.93,8.07,7.71,7.77,8.04,-0.27,-3.36,81262.82,64418.5146,0.73,13.86,7.75,7.88,8.66,10.61,11.39,9.0,9.87
20160708,8.07,8.1,8.0,8.04,8.11,-0.07,-0.86,38966.07,31348.9881,0.73,13.86,7.75,7.88,8.66,10.61,11.39,9.04,30.92
20160707,8.18,8.23,8.03,8.11,8.16,-0.05,-0.61,27225.93,22087.7716,0.73,13.86,7.75,7.88,8.66,10.61,11.39,9.05,30.13
20160706,8.04,8.23,8.02,8.16,8.08,0.08,0.99,33392.77,27158.96,0.73,13.86,7.75,7.88,8.79,10.61,11.39,9.06,36.04
20160705,8.07,8.16,8.0,8.08,8.1,-0.02,-0.25,43850.0,35349.2637,0.73,13.86,7.75,7.88,8.79,10.61,11.39,9.07,29.85
20160704,7.9,8.14,7.87,8.1,7.99,0.11,1.38,42386.85,33993.8007,0.73,13.86,7.75,7.88,8.79,10.61,11.39,9.09,29.33
20160701,8.06,8.1,7.99,7.99,8.06,-0.07,-0.87,34622.01,27806.0421,0.73,13.86,7.75,7.88,8.79,10.61,11.39,9.1,18.36
20160630,8.05,8.08,7.94,8.06,8.04,0.02,0.25,27459.3,22016.0845,0.73,13.86,7.75,7.88,8.79,10.61,11.52,9.12,27.69
20160629,8.08,8.12,7.97,8.04,8.04,0.0,0.0,32860.3,26367.3864,0.73,13.86,7.75,7.88,8.79,10.74,11.52,9.13,27.11
20160628,7.8,8.09,7.75,8.04,7.84,0.2,2.55,50143.99,39729.2299,0.73,13.86,7.75,7.88,8.92,10.74,11.52,9.14,26.43
20160627,7.73,7.89,7.71,7.84,7.77,0.07,0.9,46647.51,36538.1214,0.73,13.86,7.75,7.88,8.92,10.74,11.52,9.16,9.99
20160624,7.95,8.0,7.55,7.77,7.95,-0.18,-2.26,83411.82,64588.2976,0.73,13.86,7.75,7.88,8.92,10.74,11.52,9.18,9.11
20160623,7.81,8.26,7.81,7.95,7.98,-0.03,-0.38,125151.25,100139.6155,0.73,13.86,7.75,8.01,8.92,10.74,11.52,9.23,14.0
20160622,7.98,7.98,7.98,7.98,8.4,-0.42,-5.0,15388.0,12279.624,0.73,13.86,7.75,8.01,9.05,10.74,11.52,9.29,12.44
20160621,8.4,8.4,8.4,8.4,8.84,-0.44,-4.98,5974.0,5018.16,0.73,13.86,7.75,8.01,9.05,10.74,11.52,9.29,26.48
20160620,8.84,8.84,8.84,8.84,9.3,-0.46,-4.95,5019.0,4436.796,0.73,13.86,7.75,8.01,9.05,10.74,11.52,9.3,43.94
20160617,9.07,9.4,9.07,9.3,9.07,0.23,2.54,39602.66,36473.6542,0.73,13.86,7.75,8.01,9.05,10.74,11.52,9.3,58.38
20160616,9.06,9.16,9.03,9.07,9.09,-0.02,-0.22,40808.78,37094.4419,0.73,13.86,7.75,8.01,9.05,10.87,11.52,9.29,55.55
20160615,8.6,9.12,8.53,9.09,8.69,0.4,4.6,57965.39,52210.1402,0.73,13.86,7.75,8.01,8.92,10.87,11.52,9.3,55.14
20160614,8.5,8.76,8.43,8.69,8.64,0.05,0.58,33523.9,28777.3061,0.73,13.86,7.75,8.01,9.05,10.87,11.52,9.31,41.04
20160613,8.96,9.08,8.63,8.64,9.08,-0.44,-4.85,45556.84,40375.7123,0.73,13.86,7.75,8.01,9.05,10.87,11.52,9.32,36.39
20160608,8.85,9.2,8.77,9.08,8.89,0.19,2.14,35922.04,32320.2388,0.73,13.86,7.75,8.01,9.05,10.87,11.52,9.33,53.03
20160607,9.13,9.2,8.67,8.89,9.13,-0.24,-2.63,67286.51,60054.2901,0.73,13.86,7.75,8.01,9.05,10.87,11.52,9.33,44.62
20160606,9.01,9.21,8.91,9.13,9.05,0.08,0.88,63016.41,57359.0245,0.73,13.86,7.75,8.01,9.05,11.0,11.52,9.34,51.89
20160603,8.64,9.06,8.59,9.05,8.63,0.42,4.87,81633.51,72675.1501,0.73,13.86,7.75,8.01,9.05,11.0,11.52,9.35,48.55
20160602,8.45,8.68,8.43,8.63,8.49,0.14,1.65,46792.44,40177.963,0.73,13.86,7.75,8.01,9.05,11.0,11.52,9.36,40.18
20160601,8.5,8.67,8.38,8.49,8.41,0.08,0.95,69000.7,58622.0847,0.73,13.86,7.75,8.01,9.18,11.0,11.52,9.38,36.34
20160531,8.0,8.41,8.0,8.41,8.01,0.4,4.99,75256.02,62295.8686,0.73,13.86,7.75,8.01,9.31,11.0,11.52,9.4,36.05
20160530,7.99,8.14,7.75,8.01,8.0,0.01,0.13,38008.45,30265.1395,0.73,13.86,7.75,8.01,9.44,11.13,11.52,9.43,14.85
20160527,7.85,8.09,7.82,8.0,7.95,0.05,0.63,41368.66,33010.105,0.73,13.86,7.75,8.01,9.44,11.13,11.52,9.45,14.21
20160526,8.01,8.1,7.66,7.95,8.06,-0.11,-1.36,57552.0,44867.0456,0.73,13.86,7.75,8.01,9.44,11.13,11.52,9.47,13.47
20160525,8.11,8.24,8.04,8.06,8.05,0.01,0.12,40100.78,32525.258,0.73,13.86,7.75,8.01,9.57,11.13,11.52,9.51,19.14
20160524,8.18,8.23,7.93,8.05,8.18,-0.13,-1.59,50673.96,40991.512,0.73,13.86,7.75,8.01,9.57,11.13,11.52,9.53,18.79
20160523,7.9,8.25,7.89,8.18,7.94,0.24,3.02,74370.53,60220.7754,0.73,13.86,7.75,8.01,9.7,11.13,11.52,9.55,22.18
20160520,7.78,7.94,7.64,7.94,7.81,0.13,1.66,67224.87,52452.5803,0.73,13.86,7.75,8.01,9.83,11.13,11.52,9.6,12.33
20160519,7.8,7.89,7.56,7.81,7.9,-0.09,-1.14,114903.47,89050.5213,0.73,13.86,7.75,8.14,9.96,11.13,11.52,9.64,6.39
20160518,7.95,8.08,7.9,7.9,8.32,-0.42,-5.05,59405.9,47112.2279,0.73,13.86,7.88,8.27,10.09,11.26,11.52,9.72,6.72
20160517,8.61,8.68,8.32,8.32,8.59,-0.27,-3.14,87256.38,73864.2695,0.73,13.86,7.88,8.27,10.09,11.26,11.52,9.75,16.58
20160516,8.2,8.59,8.18,8.59,8.18,0.41,5.01,96455.19,81252.0201,0.73,13.86,7.88,8.27,10.09,11.26,11.65,9.8,22.21
20160513,7.78,8.36,7.78,8.18,8.19,-0.01,-0.12,202899.8,163576.9141,0.73,13.86,7.88,8.27,10.22,11.26,11.65,9.84,13.82
20160512,8.19,8.19,8.19,8.19,8.62,-0.43,-4.99,11120.0,9107.28,0.73,13.86,8.01,8.66,10.22,11.26,11.65,9.98,8.39
20160511,8.78,8.98,8.62,8.62,9.07,-0.45,-4.96,117992.92,103104.396,0.73,13.86,8.01,8.66,10.22,11.26,11.65,9.99,13.15
20160510,9.07,9.17,9.07,9.07,9.55,-0.48,-5.03,41289.0,37512.4628,0.73,13.86,7.88,8.79,10.35,11.26,11.65,10.04,22.42
20160509,9.58,9.67,9.55,9.55,10.05,-0.5,-4.98,62547.08,59779.1342,0.73,13.86,7.88,8.66,10.35,11.26,11.65,10.06,28.44
20160506,10.58,10.66,10.05,10.05,10.58,-0.53,-5.01,200300.27,204597.7799,0.73,13.86,7.88,8.66,10.35,11.39,11.65,10.08,35.67
20160505,10.31,10.83,10.31,10.58,10.79,-0.21,-1.95,237875.67,251010.4683,0.73,13.86,7.88,8.66,10.35,11.39,11.65,10.06,59.82
20160504,10.79,10.79,10.79,10.79,11.36,-0.57,-5.02,16131.0,17405.349,0.73,13.86,7.88,8.53,10.35,11.39,11.65,10.03,67.78
20160429,11.45,11.64,11.31,11.36,11.64,-0.28,-2.41,83133.84,95304.1149,0.73,13.86,7.88,8.53,10.35,11.39,11.65,10.03,82.04
20160428,11.5,11.75,11.05,11.64,11.59,0.05,0.43,135265.3,154745.7432,0.73,13.86,7.88,8.53,10.22,11.39,11.65,9.99,92.96
20160427,11.01,12.09,11.01,11.59,10.99,0.6,5.46,246182.87,288768.7198,0.73,13.86,7.88,8.53,10.22,11.26,11.65,9.92,93.19
20160426,10.5,11.28,10.42,10.99,10.54,0.45,4.27,119833.7,130508.723,0.73,13.86,7.75,8.4,10.09,11.0,11.39,9.77,82.94
20160425,10.36,10.73,10.25,10.54,10.5,0.04,0.38,92946.78,97769.4033,0.73,13.86,7.75,8.4,9.96,11.0,11.39,9.73,73.72
20160422,10.0,10.55,9.85,10.5,10.25,0.25,2.44,105651.68,106903.0034,0.73,13.86,7.75,8.27,9.96,11.0,11.39,9.7,73.78
20160421,10.3,10.74,10.15,10.25,10.6,-0.35,-3.3,108986.52,114353.7824,0.73,13.86,7.75,8.27,9.83,11.0,11.39,9.69,61.71
20160420,11.36,11.47,10.25,10.6,11.39,-0.79,-6.94,179097.65,191642.1907,0.73,13.86,7.75,8.27,9.7,11.13,11.39,9.66,72.62
20160419,11.46,11.6,11.17,11.39,11.41,-0.02,-0.18,115714.77,131294.9644,0.73,13.86,7.75,8.27,9.57,11.0,11.39,9.59,92.16
20160418,11.0,11.68,10.85,11.41,11.15,0.26,2.33,230033.48,260325.742,0.73,13.86,7.75,8.27,9.57,10.87,11.39,9.51,95.92
20160415,10.58,11.43,10.52,11.15,10.68,0.47,4.4,187169.71,205858.2079,0.73,13.86,7.62,8.14,9.31,10.48,11.13,9.37,95.81
20160414,10.17,10.74,10.14,10.68,10.26,0.42,4.09,140507.49,146465.2091,0.73,13.86,7.62,8.14,9.31,10.35,10.61,9.26,95.08
20160413,10.21,10.56,10.21,10.26,10.22,0.04,0.39,114389.51,118857.4986,0.73,13.86,7.62,8.14,9.18,10.35,10.61,9.21,84.68
20160412,10.54,10.66,10.1,10.22,10.66,-0.44,-4.13,122354.01,126270.5299,0.73,13.86,7.62,8.14,9.18,10.22,10.74,9.16,82.6
20160411,10.55,10.85,10.54,10.66,10.5,0.16,1.52,112971.96,120731.6823,0.73,13.86,7.49,8.14,9.05,10.09,10.74,9.12,94.7
20160408,9.96,10.73,9.81,10.5,10.1,0.4,3.96,164171.33,169061.2394,0.73,13.86,7.49,8.14,9.05,10.09,10.48,9.05,95.49
20160407,10.16,10.44,10.0,10.1,10.1,0.0,0.0,140785.41,143637.9551,0.73,13.86,7.49,8.01,9.05,9.83,10.35,8.99,92.65
20160406,9.75,10.13,9.71,10.1,9.73,0.37,3.8,168757.92,168234.7618,0.73,13.86,7.49,8.01,8.92,9.7,10.09,8.93,95.03
20160405,9.41,10.0,9.26,9.73,9.45,0.28,2.96,148618.72,144839.6609,0.73,13.86,7.49,8.01,8.92,9.57,10.22,8.87,90.43
20160401,9.49,9.5,9.01,9.45,9.53,-0.08,-0.84,138490.21,127796.0032,0.73,13.86,7.36,8.01,8.92,9.57,10.48,8.83,83.48
20160331,9.37,9.9,9.31,9.53,9.36,0.17,1.82,126517.38,121008.8373,0.73,13.86,7.36,8.01,8.79,9.57,10.74,8.81,82.76
20160330,9.13,9.38,9.11,9.36,9.02,0.34,3.77,86223.02,79576.2808,0.73,13.86,7.36,8.01,8.79,9.57,11.0,8.78,81.77
20160329,9.3,9.42,8.91,9.02,9.48,-0.46,-4.85,155616.08,141615.4056,0.73,13.86,7.36,8.01,8.66,9.57,11.26,8.77,63.79
20160328,9.71,9.92,9.35,9.48,9.76,-0.28,-2.87,157758.75,152870.2858,0.73,13.86,7.36,7.88,8.66,9.57,11.39,8.75,83.52
20160325,9.23,9.98,9.2,9.76,9.3,0.46,4.95,154960.94,149868.1412,0.73,13.86,7.36,7.88,8.53,9.44,11.52,8.7,90.94
20160324,9.09,9.65,8.85,9.3,9.13,0.17,1.86,141459.22,131396.7843,0.73,13.86,7.23,7.88,8.53,9.18,11.52,8.66,87.12
20160323,9.08,9.17,9.0,9.13,9.18,-0.05,-0.54,96030.63,87125.1012,0.73,13.86,7.23,7.88,8.53,9.05,11.65,8.63,85.42
20160322,8.83,9.38,8.7,9.18,8.93,0.25,2.8,152785.65,139161.9667,0.73,13.86,7.23,7.88,8.4,9.05,11.65,8.61,85.35
20160321,8.93,9.03,8.73,8.93,8.71,0.22,2.53,113517.03,100667.2199,0.73,13.86,7.23,7.88,8.4,9.05,11.65,8.59,81.76
20160318,8.5,8.83,8.48,8.71,8.52,0.19,2.23,127268.77,110623.1049,0.73,13.86,7.23,7.88,8.4,9.05,11.78,8.59,70.57
20160317,8.25,8.58,8.1,8.52,8.33,0.19,2.28,127492.45,106888.0607,0.73,13.86,7.23,7.88,8.4,9.05,11.78,8.59,57.45
20160316,8.59,8.77,8.32,8.33,8.22,0.11,1.34,163446.95,139660.8265,0.73,13.86,7.23,7.75,8.4,9.18,11.78,8.6,48.7
20160315,8.15,8.55,8.09,8.22,8.13,0.09,1.11,91930.23,76564.4352,0.73,13.86,7.23,7.75,8.27,9.18,11.78,8.61,42.3
20160314,8.06,8.3,7.93,8.13,7.9,0.23,2.91,80519.75,65967.0098,0.73,13.86,7.23,7.75,8.27,9.18,11.91,8.62,33.16
20160311,7.78,8.01,7.65,7.9,7.93,-0.03,-0.38,49851.96,39302.2132,0.73,13.86,7.23,7.75,8.4,9.18,11.91,8.63,24.28
20160310,8.28,8.39,7.85,7.93,8.28,-0.35,-4.23,81590.02,66215.6796,0.73,13.86,7.23,7.75,8.4,9.31,11.91,8.65,23.07
20160309,7.99,8.52,7.84,8.28,8.2,0.08,0.98,112063.85,92750.2822,0.73,13.86,7.1,7.75,8.4,9.31,11.91,8.67,47.53
20160308,8.27,8.28,7.8,8.2,8.3,-0.1,-1.2,79876.28,64431.899,0.73,13.86,7.1,7.75,8.4,9.44,11.91,8.69,39.26
20160307,8.28,8.57,8.13,8.3,8.3,0.0,0.0,97426.47,81148.2817,0.73,13.86,7.1,7.75,8.4,9.57,11.91,8.71,44.66
20160304,8.1,8.42,7.53,8.3,8.2,0.1,1.22,151902.43,121694.9316,0.73,13.86,7.1,7.75,8.53,9.57,12.04,8.72,44.12
20160303,7.84,8.58,7.82,8.2,7.8,0.4,5.13,187073.03,153476.4397,0.73,13.86,7.1,7.62,8.53,9.7,12.04,8.77,36.06
20160302,7.11,7.8,7.03,7.8,7.09,0.71,10.01,123062.79,92163.9244,0.73,13.86,7.1,7.62,8.66,9.83,12.04,8.81,19.81
20160301,7.1,7.27,6.9,7.09,7.02,0.07,1.0,101551.13,72110.3399,0.73,13.86,7.1,7.75,8.66,9.96,12.17,8.87,3.22
20160229,7.76,7.84,7.02,7.02,7.8,-0.78,-10.0,118022.24,85064.7402,0.73,13.86,7.36,7.88,8.66,10.09,12.17,8.94,2.24
20160226,8.19,8.39,7.6,7.8,8.26,-0.46,-5.57,107060.07,85135.2589,0.73,13.86,7.62,8.01,8.79,10.22,12.3,9.01,9.39
20160225,9.18,9.18,8.26,8.26,9.18,-0.92,-10.02,159253.9,137712.9571,0.73,13.86,7.62,8.01,8.79,10.35,12.3,9.05,23.57
20160224,9.12,9.29,9.02,9.18,8.89,0.29,3.26,121878.36,111628.7619,0.73,13.86,7.62,8.01,8.79,10.61,12.43,9.08,72.17
20160223,9.18,9.18,8.78,8.89,9.12,-0.23,-2.52,82596.81,73868.3284,0.73,13.86,7.62,8.01,8.79,10.87,12.43,9.08,55.49
20160222,9.05,9.28,9.02,9.12,8.93,0.19,2.13,102565.54,93824.189,0.73,13.86,7.62,8.01,8.79,11.0,12.43,9.09,71.9
20160219,8.95,9.13,8.86,8.93,9.0,-0.07,-0.78,82841.59,74365.7028,0.73,13.86,7.62,8.01,8.66,11.26,12.43,9.09,67.17
20160218,9.06,9.18,8.85,9.0,8.99,0.01,0.11,108135.37,97465.1958,0.73,13.86,7.62,7.88,8.66,11.39,12.43,9.1,67.3
20160217,8.95,9.06,8.75,8.99,9.03,-0.04,-0.44,92453.78,82433.8402,0.73,13.86,7.62,7.88,8.66,11.39,12.56,9.11,67.51
20160216,8.47,9.18,8.47,9.03,8.44,0.59,6.99,104711.18,92316.2968,0.73,13.86,7.62,7.88,8.66,11.52,12.56,9.11,67.32
20160215,8.0,8.49,7.85,8.44,8.32,0.12,1.44,63669.83,52350.5613,0.73,13.86,7.62,7.88,8.66,11.52,12.56,9.13,42.68
20160205,8.63,8.75,8.3,8.32,8.66,-0.34,-3.93,82473.45,70496.0973,0.73,13.86,7.62,7.88,8.66,11.52,12.56,9.15,35.9
20160204,8.32,8.91,8.31,8.66,8.38,0.28,3.34,120152.32,103352.9153,0.73,13.86,7.62,7.88,8.66,11.65,12.56,9.17,47.49
20160203,7.98,8.48,7.89,8.38,8.1,0.28,3.46,112728.92,93218.8456,0.73,13.86,7.62,7.88,8.66,11.65,12.56,9.2,38.31
20160202,7.93,8.22,7.92,8.1,7.84,0.26,3.32,71110.09,57671.9937,0.73,13.86,7.62,7.88,8.66,11.65,12.69,9.24,26.3
20160201,7.99,8.18,7.48,7.84,8.05,-0.21,-2.61,70040.93,55506.7479,0.73,13.86,7.62,7.88,8.79,11.65,12.69,9.27,12.5
20160129,7.54,8.19,7.54,8.05,7.87,0.18,2.29,97519.68,77044.4845,0.73,13.86,7.62,7.88,8.79,11.78,12.69,9.31,23.75
20160128,8.11,8.35,7.8,7.87,8.33,-0.46,-5.52,106909.59,86889.6811,0.73,13.86,7.62,7.88,8.79,11.78,12.69,9.36,10.86
20160127,7.99,8.35,7.3,8.33,7.93,0.4,5.04,137950.41,109587.714,0.73,13.86,7.62,7.88,8.79,11.78,12.69,9.42,28.6
20160126,8.7,8.79,7.93,7.93,8.81,-0.88,-9.99,127174.29,106427.6156,0.73,13.86,7.62,8.01,8.92,11.78,12.69,9.5,12.87
20160125,8.95,8.99,8.63,8.81,8.85,-0.04,-0.45,113630.11,99910.8093,0.73,13.86,7.62,8.01,8.92,11.91,12.69,9.55,47.32
20160122,8.7,8.99,8.41,8.85,8.48,0.37,4.36,177994.24,154753.6198,0.73,13.86,7.62,8.01,8.92,11.91,12.69,9.59,46.31
20160121,8.41,9.25,8.37,8.48,8.59,-0.11,-1.28,195666.74,172478.1904,0.73,13.86,7.62,8.01,9.05,11.91,12.82,9.65,29.67
20160120,8.61,9.07,8.52,8.59,8.69,-0.1,-1.15,195372.49,171731.8845,0.73,13.86,7.49,7.88,9.31,12.04,12.82,9.71,34.82
20160119,7.84,8.69,7.81,8.69,7.9,0.79,10.0,194565.83,162787.0619,0.73,13.86,7.49,7.88,9.57,12.04,12.82,9.78,38.94
20160118,7.33,8.05,7.33,7.9,7.6,0.3,3.95,113350.91,88715.1492,0.73,13.86,7.49,7.88,9.7,12.17,12.82,9.89,17.56
20160115,8.1,8.13,7.51,7.6,8.14,-0.54,-6.63,113329.81,88464.6193,0.73,13.86,7.49,8.01,9.7,12.17,12.82,9.98,5.24
20160114,7.36,8.15,7.23,8.14,7.72,0.42,5.44,117625.69,91400.77,0.73,13.86,7.49,8.01,9.83,12.17,12.95,10.07,15.5
20160113,8.1,8.39,7.72,7.72,8.11,-0.39,-4.81,128149.88,103857.5089,0.73,13.86,7.62,8.14,9.96,12.3,12.95,10.17,5.19
20160112,7.98,8.34,7.61,8.11,8.1,0.01,0.12,130979.35,105551.5385,0.73,13.86,7.62,8.4,10.09,12.3,12.95,10.27,9.68
20160111,8.75,8.84,8.1,8.1,9.0,-0.9,-10.0,138928.26,117042.4249,0.73,13.86,7.62,8.53,10.22,12.43,12.95,10.39,6.75
20160108,9.2,9.48,8.16,9.0,9.03,-0.03,-0.33,200567.99,178524.1203,0.73,13.86,7.49,8.66,10.35,12.43,12.95,10.48,19.7
20160107,9.65,9.69,9.03,9.03,10.03,-1.0,-9.97,43909.54,40642.1571,0.73,13.86,7.36,8.92,10.74,12.43,12.95,10.61,15.94
20160106,9.78,10.2,9.41,10.03,9.71,0.32,3.3,185290.94,181530.1034,0.73,13.86,7.36,8.92,10.87,12.56,12.95,10.63,39.25
20160105,9.46,10.08,9.14,9.71,10.15,-0.44,-4.34,251076.52,241890.4313,0.73,13.86,7.23,8.79,11.26,12.56,12.95,10.7,29.98
20160104,11.35,11.44,10.15,10.15,11.28,-1.13,-10.02,140877.56,150067.4273,0.73,13.86,7.1,8.66,11.52,12.56,13.08,10.81,32.12
20151231,12.15,12.15,11.18,11.28,12.42,-1.14,-9.18,329957.77,382264.1488,0.73,13.86,6.97,8.53,11.52,12.69,13.08,10.81,42.55
20151230,12.85,12.95,12.42,12.42,13.03,-0.61,-4.68,132694.27,168365.9062,0.73,13.86,6.84,8.4,11.52,12.69,13.08,10.72,75.91
20151229,12.5,13.17,12.05,13.03,12.68,0.35,2.76,221990.76,277040.2137,0.73,13.86,6.84,8.4,11.39,12.69,13.08,10.63,93.28
20151228,13.17,13.78,12.5,12.68,13.26,-0.58,-4.37,275189.1,360224.6289,0.73,13.86,6.71,8.27,10.74,12.43,13.08,10.47,86.63
20151225,12.0,13.26,11.92,13.26,12.05,1.21,10.04,232293.81,300048.6207,0.73,13.73,6.71,8.27,10.22,12.04,12.56,10.2,100.02
20151224,11.2,12.38,11.12,12.05,11.37,0.68,5.98,184345.56,216966.7305,0.73,13.73,6.58,8.14,10.09,11.91,12.04,9.99,95.61
20151223,11.78,11.93,11.29,11.37,11.95,-0.58,-4.85,125466.83,145801.9497,0.73,13.73,6.45,8.14,9.96,11.91,12.04,9.87,66.93
20151222,11.93,12.12,11.52,11.95,12.01,-0.06,-0.5,145836.23,171891.7438,0.73,13.73,6.45,8.01,9.96,11.91,12.04,9.8,90.87
20151221,11.64,12.54,11.52,12.01,11.72,0.29,2.47,221598.43,267604.252,0.73,13.73,6.45,8.01,9.83,11.78,12.04,9.7,91.17
20151218,11.92,12.2,11.7,11.72,12.28,-0.56,-4.56,242990.34,288478.0571,0.73,13.73,6.45,8.01,9.7,11.65,11.91,9.51,85.89
20151217,11.59,12.3,11.3,12.28,11.2,1.08,9.64,392040.97,460729.9663,0.73,13.73,6.32,7.88,9.44,10.87,11.78,9.29,99.97
20151216,10.28,11.2,10.18,11.2,10.18,1.02,10.02,224831.01,242033.4577,0.73,13.73,6.19,7.49,9.05,10.22,10.61,8.91,100.02
20151215,9.8,10.55,9.78,10.18,9.98,0.2,2.0,174160.79,178931.4012,0.73,13.73,6.19,7.36,8.92,10.09,10.35,8.77,89.1
20151214,9.76,10.01,9.32,9.98,9.98,0.0,0.0,145476.33,140557.89,0.73,13.73,6.06,7.23,8.79,9.96,10.22,8.68,85.77
20151211,9.5,10.28,9.45,9.98,9.6,0.38,3.96,171192.13,170040.0337,0.73,13.73,5.93,7.1,8.79,9.96,10.22,8.63,85.05
20151210,10.44,10.44,9.54,9.6,10.3,-0.7,-6.8,173502.0,173328.9917,0.73,13.73,5.93,7.1,8.66,9.96,10.22,8.55,74.71
20151209,9.99,10.33,9.75,10.3,10.03,0.27,2.69,162669.58,163532.9762,0.73,13.73,5.93,6.97,8.66,9.96,10.22,8.47,96.08
20151208,10.0,10.53,9.9,10.03,10.12,-0.09,-0.89,197804.03,201895.7902,0.73,13.73,5.8,6.97,8.53,9.83,10.22,8.38,88.67
20151207,9.55,10.62,9.5,10.12,9.65,0.47,4.87,302202.34,306819.3826,0.73,13.73,5.8,6.84,8.4,9.31,10.09,8.25,95.81
20151204,8.97,9.7,8.85,9.65,9.05,0.6,6.63,198354.14,184480.9669,0.73,13.73,5.8,6.71,8.4,9.05,9.31,8.04,99.65
20151203,8.35,9.2,8.28,9.05,8.38,0.67,8.0,149407.92,131077.6536,0.73,13.73,5.8,6.71,8.27,8.92,9.18,7.95,87.82
20151202,8.68,8.78,8.02,8.38,8.68,-0.3,-3.46,99439.36,83547.9478,0.73,13.73,5.8,6.58,8.27,8.92,9.18,7.91,55.29
20151201,8.39,8.92,8.2,8.68,8.5,0.18,2.12,159377.51,136789.778,0.73,13.73,5.67,6.58,8.27,8.92,9.18,7.9,75.81
20151130,8.69,8.81,7.89,8.5,8.77,-0.27,-3.08,181112.17,151489.9793,0.73,13.73,5.67,6.45,8.14,8.92,9.18,7.86,64.98
20151127,9.28,9.56,8.49,8.77,9.35,-0.58,-6.2,216885.44,197493.3232,0.73,13.73,5.67,6.45,8.14,8.92,9.18,7.83,73.83
20151126,8.9,9.36,8.83,9.35,8.9,0.45,5.06,195745.25,178150.1088,0.73,13.73,5.67,6.45,8.01,8.92,9.18,7.74,99.37
20151125,8.93,9.36,8.79,8.9,9.02,-0.12,-1.33,178175.22,160657.4225,0.73,13.73,5.67,6.32,8.01,8.79,9.05,7.65,89.24
20151124,8.69,9.07,8.59,9.02,8.74,0.28,3.2,100085.31,88447.8537,0.73,13.73,5.67,6.32,7.88,8.66,8.92,7.55,97.77
20151123,8.68,9.18,8.63,8.74,8.78,-0.04,-0.46,128292.08,114292.4684,0.73,13.73,5.67,6.32,7.88,8.53,8.79,7.51,92.21
20151120,8.75,8.97,8.61,8.78,8.78,0.0,0.0,150848.93,131950.3716,0.73,13.73,5.67,6.32,7.75,8.4,8.66,7.45,95.45
20151119,8.42,8.88,8.31,8.78,8.28,0.5,6.04,117620.81,100269.6356,0.73,13.73,5.54,6.19,7.62,8.4,8.53,7.38,98.06
20151118,8.3,8.58,8.19,8.28,8.26,0.02,0.24,99123.35,83124.7433,0.73,13.73,5.54,6.19,7.49,8.27,8.53,7.33,86.6
20151117,8.43,8.68,8.26,8.26,8.39,-0.13,-1.55,139741.55,118690.4845,0.73,13.73,5.54,6.19,7.49,8.27,8.53,7.3,81.45
20151116,8.0,8.44,7.91,8.39,8.18,0.21,2.57,89929.1,73903.6099,0.73,13.73,5.54,6.06,7.36,8.14,8.4,7.24,91.26
20151113,8.36,8.45,8.06,8.18,8.45,-0.27,-3.2,112280.64,92530.1912,0.73,13.73,5.54,6.06,7.23,8.14,8.4,7.21,86.27
20151112,8.24,8.69,8.24,8.45,8.26,0.19,2.3,169662.96,144053.018,0.73,13.73,5.54,6.06,7.23,8.14,8.4,7.17,95.41
20151111,8.08,8.47,8.06,8.26,8.08,0.18,2.23,129807.77,107374.628,0.73,13.73,5.54,5.93,7.1,8.01,8.27,7.1,93.12
20151110,8.01,8.12,7.92,8.08,8.05,0.03,0.37,102283.8,82143.2328,0.73,13.73,5.54,5.93,7.1,8.01,8.14,7.04,89.89
20151109,8.05,8.17,7.93,8.05,8.22,-0.17,-2.07,131342.01,105518.3173,0.73,13.73,5.54,5.93,7.1,8.01,8.14,7.01,89.97
20151106,7.51,8.27,7.51,8.22,7.91,0.31,3.92,151196.37,121521.3225,0.73,13.73,5.54,5.93,6.97,8.01,8.14,6.96,95.97
20151105,8.14,8.25,7.8,7.91,8.14,-0.23,-2.83,170606.76,136703.2909,0.73,13.73,5.41,5.8,6.97,8.01,8.14,6.91,84.81
20151104,8.05,8.24,7.9,8.14,7.95,0.19,2.39,131540.35,106786.9073,0.73,13.73,5.41,5.8,6.84,7.88,8.14,6.84,93.06
20151103,7.89,8.2,7.72,7.95,7.91,0.04,0.51,153626.26,122507.3227,0.73,13.73,5.41,5.8,6.84,7.62,8.14,6.78,92.06
20151102,7.3,8.17,7.21,7.91,7.57,0.34,4.49,199815.52,158086.6727,0.73,13.73,5.41,5.8,6.71,7.49,8.01,6.72,94.0
20151030,7.32,7.78,7.17,7.57,7.3,0.27,3.7,171789.93,129232.5931,0.73,13.73,5.41,5.8,6.71,7.36,7.75,6.64,92.43
20151029,7.25,7.46,7.23,7.3,7.29,0.01,0.14,109281.35,80114.8391,0.73,13.73,5.41,5.67,6.58,7.23,8.01,6.59,87.64
20151028,7.19,7.53,7.11,7.29,7.26,0.03,0.41,164543.92,119866.8021,0.73,13.73,5.41,5.67,6.58,7.23,8.27,6.56,89.32
20151027,7.0,7.29,6.84,7.26,7.16,0.1,1.4,158144.9,110926.4096,0.73,13.73,5.41,5.67,6.45,7.1,8.27,6.52,91.84
20151026,7.16,7.36,7.07,7.16,7.12,0.04,0.56,181867.31,131075.4001,0.73,13.73,5.41,5.67,6.45,7.1,8.27,6.49,89.0
20151023,6.87,7.16,6.74,7.12,6.78,0.34,5.01,212102.81,146981.1971,0.73,13.73,5.41,5.67,6.45,6.97,8.4,6.45,90.76
20151022,6.43,6.8,6.39,6.78,6.46,0.32,4.95,118915.9,78924.4306,0.73,13.73,5.41,5.67,6.32,6.97,8.4,6.41,77.74
20151021,7.03,7.23,6.37,6.46,7.08,-0.62,-8.76,211633.92,144751.8547,0.73,13.73,5.28,5.67,6.32,6.97,8.4,6.41,62.26
20151020,6.78,7.16,6.7,7.08,6.8,0.28,4.12,166683.8,116565.6254,0.73,13.73,5.28,5.67,6.32,6.84,8.53,6.38,87.76
20151019,6.9,6.95,6.61,6.8,6.9,-0.1,-1.45,154291.33,104761.8403,0.73,13.73,5.28,5.54,6.32,6.84,8.53,6.34,83.42
20151016,6.76,6.97,6.68,6.9,6.77,0.13,1.92,201452.77,137419.75,0.73,13.73,5.28,5.54,6.19,6.84,8.66,6.32,87.31
20151015,6.32,6.79,6.29,6.77,6.32,0.45,7.12,245400.22,161182.5333,0.73,13.73,5.28,5.54,6.19,6.71,8.66,6.29,86.28
20151014,6.5,6.58,6.31,6.32,6.51,-0.19,-2.92,148860.22,95810.9871,0.73,13.73,5.28,5.54,6.06,6.71,8.79,6.28,60.65
20151013,6.41,6.57,6.39,6.51,6.5,0.01,0.15,156528.29,101508.7211,0.73,13.73,5.15,5.54,5.93,7.1,8.92,6.27,81.3
20151012,6.3,6.61,6.25,6.5,6.3,0.2,3.17,178447.27,115205.2037,0.73,13.73,5.15,5.54,5.93,7.36,8.92,6.26,80.99
20151009,6.3,6.41,6.16,6.3,6.39,-0.09,-1.41,141464.55,88732.1004,0.73,13.73,5.15,5.54,5.93,7.49,8.92,6.25,71.22
20151008,6.28,6.53,6.18,6.39,6.35,0.04,0.63,306204.09,194522.2878,0.73,13.73,5.15,5.41,5.8,7.49,9.05,6.26,77.68
20150930,5.7,6.35,5.7,6.35,5.79,0.56,9.67,175147.57,104263.8212,0.73,13.73,5.15,5.41,5.8,7.62,9.05,6.25,78.35
20150929,5.71,5.97,5.65,5.79,5.8,-0.01,-0.17,84582.11,49379.3895,0.73,13.73,5.15,5.41,5.8,7.75,9.05,6.27,43.94
20150928,5.6,5.86,5.6,5.8,5.75,0.05,0.87,55768.36,32059.3803,0.73,13.73,5.15,5.41,5.8,8.14,9.18,6.28,44.41
20150925,5.82,6.0,5.62,5.75,5.84,-0.09,-1.54,120676.9,69817.2933,0.73,13.73,5.15,5.41,5.8,8.27,9.18,6.29,44.05
20150924,5.71,5.89,5.69,5.84,5.71,0.13,2.28,110365.4,63889.7692,0.73,13.73,5.15,5.41,5.8,8.27,9.18,6.32,56.68
20150923,5.77,5.85,5.59,5.71,5.8,-0.09,-1.55,105806.9,60538.4476,0.73,13.73,5.15,5.41,5.8,8.27,9.18,6.34,43.85
20150922,5.71,5.9,5.71,5.8,5.79,0.01,0.17,117428.61,68250.6765,0.73,13.73,5.15,5.41,5.8,8.27,9.18,6.36,43.14
20150921,5.55,5.84,5.42,5.79,5.7,0.09,1.58,92768.67,53006.2475,0.73,13.73,5.02,5.41,5.8,8.4,9.18,6.39,44.41
20150918,5.42,5.71,5.32,5.7,5.4,0.3,5.56,130981.95,72204.9513,0.73,13.73,5.02,5.41,5.8,8.4,9.18,6.41,43.5
20150917,5.6,5.86,5.38,5.4,5.8,-0.4,-6.9,174187.01,98842.0315,0.73,13.73,5.02,5.41,5.93,8.4,9.31,6.46,13.04
20150916,5.1,5.8,4.99,5.8,5.27,0.53,10.06,231549.63,125167.004,0.73,13.73,5.02,5.41,5.93,8.4,9.31,6.51,38.59
20150915,4.99,5.44,4.79,5.27,5.28,-0.01,-0.19,284709.06,143968.7556,0.73,13.73,5.02,5.41,5.93,8.53,9.31,6.61,8.16
20150914,5.9,5.99,5.28,5.28,5.87,-0.59,-10.05,228510.98,126161.4642,0.73,13.73,5.41,5.54,6.06,8.66,9.44,6.78,0.93
20150911,5.85,5.98,5.66,5.87,5.8,0.07,1.21,135668.36,79367.259,0.73,13.73,5.41,5.67,6.06,8.66,9.44,6.88,28.98
20150910,6.0,6.16,5.8,5.8,6.11,-0.31,-5.07,109150.49,65645.1493,0.73,13.73,5.41,5.67,6.19,8.79,9.44,6.93,21.11
20150909,5.81,6.23,5.81,6.11,5.85,0.26,4.44,162201.57,98087.073,0.73,13.73,5.41,5.67,6.19,8.79,9.44,6.97,45.81
20150908,5.48,5.86,5.39,5.85,5.44,0.41,7.54,107360.02,60667.0286,0.73,13.73,5.41,5.54,6.32,8.92,9.44,7.03,28.82
20150907,5.45,5.8,5.33,5.44,5.32,0.12,2.26,167386.75,93555.7201,0.73,13.73,5.41,5.67,6.71,8.92,9.57,7.09,6.79
20150902,5.2,5.83,5.19,5.32,5.76,-0.44,-7.64,169050.8,92204.6855,0.73,13.73,5.41,5.67,7.1,8.92,9.57,7.18,2.16
20150901,6.05,6.11,5.61,5.76,6.15,-0.39,-6.34,124140.11,72268.0467,0.73,13.73,5.54,5.8,7.36,9.05,9.57,7.29,11.47
20150831,6.3,6.44,6.06,6.15,6.4,-0.25,-3.91,169896.02,104973.4462,0.73,13.73,5.54,5.93,7.49,9.05,9.57,7.35,31.23
20150828,5.92,6.4,5.83,6.4,5.88,0.52,8.84,269717.05,165336.5257,0.73,13.73,5.54,5.8,7.49,9.05,9.57,7.42,36.3
20150827,5.6,5.95,5.37,5.88,5.44,0.44,8.09,266599.41,152374.2928,0.73,13.73,5.54,5.8,7.62,9.05,9.57,7.56,17.07
20150826,5.9,6.09,5.39,5.44,5.99,-0.55,-9.18,309166.97,177000.1049,0.73,13.73,5.67,5.93,8.01,9.18,9.7,7.76,2.08
20150825,5.99,6.15,5.99,5.99,6.65,-0.66,-9.92,290252.55,174028.6033,0.73,13.73,5.93,6.71,8.27,9.18,9.7,8.01,6.41
20150824,6.86,6.98,6.65,6.65,7.39,-0.74,-10.01,103969.57,69906.3322,0.73,13.73,6.58,7.36,8.4,9.31,9.7,8.23,5.11
20150821,7.59,7.66,7.39,7.39,8.21,-0.82,-9.99,556811.51,413528.1046,0.73,13.73,6.58,7.36,8.4,9.31,9.7,8.29,16.41
20150820,8.21,8.7,8.21,8.21,9.12,-0.91,-9.98,835848.52,692083.7237,0.73,13.73,6.45,7.49,8.53,9.44,9.83,8.48,22.71
20150819,9.12,9.12,9.12,9.12,10.13,-1.01,-9.97,19245.0,17551.44,0.73,13.73,6.19,7.23,8.92,9.57,9.83,8.51,63.28
20150511,9.34,10.13,9.18,10.13,9.21,0.92,9.99,169225.72,165655.7277,0.73,13.73,6.19,7.23,8.92,9.57,9.83,8.51,99.9
20150508,8.92,9.27,8.56,9.21,8.9,0.31,3.48,175352.25,157186.57,0.73,13.73,6.19,7.23,8.92,9.44,9.83,8.44,75.43
20150507,9.75,10.1,8.9,8.9,9.8,-0.9,-9.18,169694.17,163354.5486,0.73,13.73,6.19,7.1,8.92,9.44,9.83,8.41,49.09
20150506,9.7,10.18,9.45,9.8,9.68,0.12,1.24,180689.94,177536.5748,0.73,13.73,6.06,7.1,8.79,9.44,9.7,8.35,95.02
20150505,9.55,9.9,9.36,9.68,9.55,0.13,1.36,196677.39,190578.9342,0.73,13.73,6.06,7.1,8.66,9.31,9.57,8.26,97.08
20150504,9.04,9.58,9.04,9.55,9.1,0.45,4.95,165910.53,156365.45,0.73,13.73,6.06,6.97,8.53,9.18,9.44,8.16,98.53
20150430,9.25,9.58,9.08,9.1,9.23,-0.13,-1.41,120685.34,112396.2724,0.73,13.73,6.06,6.97,8.4,9.18,9.31,8.09,82.94
20150429,8.98,9.25,8.77,9.23,8.98,0.25,2.78,119174.13,108367.2504,0.73,13.73,6.06,6.97,8.4,9.05,9.31,8.04,94.51
20150428,9.15,9.21,8.85,8.98,9.15,-0.17,-1.86,143705.46,130001.4784,0.73,13.73,5.93,6.84,8.27,9.05,9.31,8.01,76.27
20150427,9.35,9.48,9.0,9.15,9.23,-0.08,-0.87,127183.88,117699.6518,0.73,13.73,5.93,6.84,8.27,9.05,9.31,7.96,87.54
20150424,8.91,9.27,8.82,9.23,9.09,0.14,1.54,128324.36,117041.9464,0.73,13.73,5.93,6.71,8.14,9.05,9.18,7.9,95.87
20150423,9.1,9.2,9.0,9.09,9.08,0.01,0.11,109758.04,99903.0039,0.73,13.73,5.93,6.71,8.01,9.05,9.18,7.85,91.37
20150422,8.7,9.28,8.63,9.08,8.64,0.44,5.09,175024.18,157733.9972,0.73,13.73,5.93,6.58,7.88,8.92,9.18,7.8,92.47
20150421,8.39,8.64,8.38,8.64,8.39,0.25,2.98,93058.58,79226.6143,0.73,13.73,5.93,6.58,7.75,8.92,9.18,7.74,74.67
20150420,8.89,8.97,8.36,8.39,8.95,-0.56,-6.26,153329.55,133014.8502,0.73,13.73,5.93,6.58,7.62,8.92,9.18,7.72,66.69
20150417,9.09,9.16,8.9,8.95,8.95,0.0,0.0,125122.74,112545.489,0.73,13.73,5.93,6.45,7.62,8.92,9.18,7.66,88.2
20150416,8.74,9.15,8.5,8.95,8.75,0.2,2.29,95905.0,84852.3838,0.73,13.73,5.8,6.45,7.62,8.79,9.18,7.61,89.37
20150415,9.15,9.27,8.64,8.75,9.2,-0.45,-4.89,123931.08,112004.0051,0.73,13.73,5.8,6.45,7.49,8.79,9.31,7.57,84.11
20150414,9.36,9.48,9.1,9.2,9.36,-0.16,-1.71,143688.61,133707.9692,0.73,13.73,5.8,6.45,7.49,8.53,9.31,7.52,94.73
20150413,8.83,9.51,8.73,9.36,8.83,0.53,6.0,169273.85,157346.2474,0.73,13.73,5.8,6.32,7.49,8.4,8.92,7.42,99.34
20150410,8.38,8.97,8.3,8.83,8.39,0.44,5.24,189193.22,164164.0044,0.73,13.73,5.8,6.32,7.49,8.27,8.53,7.32,98.96
20150409,8.35,8.52,7.81,8.39,8.35,0.04,0.48,150815.11,124903.112,0.73,13.73,5.8,6.32,7.36,8.14,8.4,7.23,94.65
20150408,8.34,8.48,8.15,8.35,8.33,0.02,0.24,139056.49,115919.3078,0.73,13.73,5.8,6.32,7.36,8.01,8.27,7.18,95.4
20150407,8.4,8.44,8.23,8.33,8.31,0.02,0.24,132676.7,110345.4844,0.73,13.73,5.8,6.32,7.36,7.75,8.27,7.13,97.07
20150403,7.86,8.44,7.84,8.31,7.95,0.36,4.53,192105.19,157437.5737,0.73,13.73,5.8,6.19,7.23,7.75,8.01,7.07,98.73
20150402,7.68,7.98,7.68,7.95,7.69,0.26,3.38,163838.32,128673.3039,0.73,13.73,5.8,6.19,7.23,7.62,7.75,7.0,99.13
20150401,7.53,7.76,7.46,7.69,7.56,0.13,1.72,119675.43,91725.951,0.73,13.73,5.67,6.19,7.1,7.62,7.75,6.95,94.31
20150331,7.74,7.88,7.55,7.56,7.68,-0.12,-1.56,159940.43,123336.4244,0.73,13.73,5.67,6.19,7.1,7.62,7.62,6.92,84.9
20150330,7.5,7.7,7.4,7.68,7.5,0.18,2.4,192836.34,145588.6901,0.73,13.73,5.67,6.19,7.1,7.49,7.62,6.88,97.23
20150327,7.37,7.53,7.23,7.5,7.36,0.14,1.9,136798.27,101189.3974,0.73,13.73,5.67,6.06,7.1,7.49,7.62,6.84,91.35
20150326,7.47,7.52,7.22,7.36,7.5,-0.14,-1.87,123676.79,91238.441,0.73,13.73,5.67,6.06,6.97,7.49,7.62,6.81,70.42
20150325,7.6,7.6,7.42,7.5,7.61,-0.11,-1.45,87422.92,65528.7212,0.73,13.73,5.67,6.06,6.97,7.49,7.62,6.79,90.93
20150324,7.7,7.74,7.3,7.61,7.74,-0.13,-1.68,166775.18,125571.7942,0.73,13.73,5.67,6.06,6.97,7.49,7.62,6.77,91.05
20150323,7.58,7.8,7.53,7.74,7.58,0.16,2.11,136459.27,105263.9016,0.73,13.73,5.67,6.06,6.84,7.36,7.62,6.73,97.15
20150320,7.48,7.63,7.44,7.58,7.55,0.03,0.4,115446.43,87186.3896,0.73,13.73,5.67,6.06,6.84,7.36,7.49,6.68,96.41
20150319,7.41,7.64,7.28,7.55,7.43,0.12,1.62,167151.72,124159.5491,0.73,13.73,5.67,5.93,6.71,7.23,7.49,6.65,97.82
20150318,7.36,7.49,7.29,7.43,7.42,0.01,0.13,143680.86,106165.8157,0.73,13.73,5.67,5.93,6.71,7.23,7.36,6.6,97.41
20150317,7.1,7.43,7.03,7.42,7.12,0.3,4.21,236017.93,170418.4691,0.73,13.73,5.67,5.93,6.58,7.1,7.23,6.56,97.94
20150316,7.18,7.23,6.99,7.12,7.12,0.0,0.0,180502.81,128883.5184,0.73,13.73,5.67,5.93,6.58,7.1,7.23,6.51,92.21
20150313,6.9,7.12,6.86,7.12,6.94,0.18,2.59,96749.17,67879.4848,0.73,13.73,5.67,5.93,6.45,7.1,7.23,6.47,92.55
20150312,7.11,7.35,6.91,6.94,7.11,-0.17,-2.39,141205.56,100571.3499,0.73,13.73,5.67,5.93,6.45,7.1,7.23,6.45,74.36
20150311,7.06,7.15,6.97,7.11,7.05,0.06,0.85,127386.41,90080.1343,0.73,13.73,5.67,5.8,6.45,6.97,7.23,6.42,93.57
20150310,7.04,7.16,7.0,7.05,7.05,0.0,0.0,85181.27,60396.2513,0.73,13.73,5.67,5.8,6.45,6.97,7.23,6.39,88.66
20150309,6.83,7.09,6.81,7.05,6.88,0.17,2.47,101659.61,71127.6976,0.73,13.73,5.67,5.8,6.32,6.97,7.23,6.37,90.04
20150306,6.8,6.97,6.77,6.88,6.8,0.08,1.18,93528.05,64269.0952,0.73,13.73,5.67,5.8,6.32,6.84,7.23,6.36,85.81
20150305,6.79,6.84,6.7,6.8,6.8,0.0,0.0,68933.38,46644.5356,0.73,13.73,5.54,5.8,6.32,6.84,7.23,6.34,81.95
20150304,6.65,6.85,6.62,6.8,6.66,0.14,2.1,86495.39,58512.115,0.73,13.73,5.54,5.8,6.32,6.84,7.23,6.33,81.86
20150303,6.67,6.73,6.56,6.66,6.7,-0.04,-0.6,72800.29,48369.7337,0.73,13.73,5.54,5.8,6.32,6.84,7.23,6.32,77.4
20150302,6.63,6.79,6.63,6.7,6.61,0.09,1.36,88638.68,59394.6692,0.73,13.73,5.54,5.8,6.32,6.97,7.23,6.31,77.81
20150227,6.51,6.66,6.47,6.61,6.51,0.1,1.54,77081.62,50464.5711,0.73,13.73,5.54,5.8,6.32,6.97,7.23,6.3,78.89
20150226,6.5,6.55,6.46,6.51,6.53,-0.02,-0.31,36301.65,23572.7233,0.73,13.73,5.54,5.8,6.32,6.97,7.23,6.3,72.39
20150225,6.56,6.59,6.44,6.53,6.54,-0.01,-0.15,49609.95,32342.9609,0.73,13.73,5.54,5.8,6.32,6.97,7.23,6.29,72.36
20150217,6.55,6.58,6.42,6.54,6.55,-0.01,-0.15,71409.41,46261.4596,0.73,13.73,5.54,5.8,6.32,6.97,7.23,6.29,72.53
20150216,6.21,6.55,6.21,6.55,6.24,0.31,4.97,113365.03,72550.9037,0.73,13.73,5.54,5.8,6.19,6.97,7.23,6.29,72.17
20150213,6.03,6.3,6.03,6.24,6.02,0.22,3.65,73319.04,45437.1881,0.73,13.73,5.54,5.8,6.19,6.97,7.36,6.29,52.73
20150212,6.0,6.08,6.0,6.02,5.99,0.03,0.5,35041.25,21185.5912,0.73,13.73,5.54,5.8,6.19,6.97,7.36,6.29,30.92
20150211,5.91,6.01,5.91,5.99,5.91,0.08,1.35,23588.8,14094.1641,0.73,13.73,5.54,5.8,6.19,6.97,7.36,6.29,30.74
20150210,5.87,5.92,5.85,5.91,5.87,0.04,0.68,27058.16,15953.0619,0.73,13.73,5.54,5.8,6.19,6.97,7.36,6.3,22.55
20150209,5.97,5.97,5.84,5.87,5.97,-0.1,-1.68,30246.15,17776.7419,0.73,13.73,5.54,5.8,6.19,6.97,7.36,6.3,22.03
20150206,6.07,6.16,5.9,5.97,6.08,-0.11,-1.81,41042.01,24791.2701,0.73,13.73,5.54,5.8,6.32,6.97,7.36,6.31,28.9
20150205,6.2,6.21,6.08,6.08,6.15,-0.07,-1.14,37465.01,23017.0686,0.73,13.73,5.54,5.8,6.32,6.97,7.36,6.31,36.28
20150204,6.17,6.18,6.1,6.15,6.17,-0.02,-0.32,47706.92,29360.497,0.73,13.73,5.54,5.8,6.32,6.97,7.36,6.31,36.16
20150203,6.13,6.2,6.07,6.17,6.14,0.03,0.49,58636.09,36029.6786,0.73,13.73,5.54,5.67,6.32,6.97,7.36,6.32,35.52
20150202,6.13,6.22,6.03,6.14,6.16,-0.02,-0.32,65458.0,40221.0969,0.73,13.73,5.54,5.67,6.32,6.97,7.36,6.32,35.34
20150130,6.2,6.27,6.12,6.16,6.21,-0.05,-0.81,93070.7,57758.5014,0.73,13.73,5.54,5.67,6.32,6.97,7.36,6.32,34.7
20150129,6.25,6.38,6.19,6.21,6.32,-0.11,-1.74,75232.19,47355.0117,0.73,13.73,5.54,5.67,6.32,7.1,7.36,6.33,44.07
20150128,6.35,6.42,6.27,6.32,6.35,-0.03,-0.47,99532.01,63251.1698,0.73,13.73,5.54,5.67,6.32,7.1,7.36,6.33,44.07
20150127,6.42,6.47,6.27,6.35,6.35,0.0,0.0,124519.03,79542.1292,0.73,13.73,5.54,5.67,6.32,7.1,7.36,6.33,55.98
20150126,6.24,6.44,6.2,6.35,6.3,0.05,0.79,142918.08,90610.5089,0.73,13.73,5.54,5.67,6.32,7.1,7.36,6.33,55.69
20150123,6.26,6.39,6.11,6.3,6.26,0.04,0.64,162642.61,101851.9804,0.73,13.73,5.54,5.67,6.32,7.1,7.36,6.33,48.59
20150122,6.09,6.39,6.05,6.26,6.1,0.16,2.62,168886.22,105277.8687,0.73,13.73,5.54,5.67,6.32,7.1,7.36,6.34,47.74
20150121,5.88,6.13,5.87,6.1,5.91,0.19,3.21,109722.01,66123.9091,0.73,13.73,5.54,5.67,6.45,7.1,7.36,6.35,44.11
20150120,5.64,5.97,5.64,5.91,5.64,0.27,4.79,108403.42,63669.3962,0.73,13.73,5.54,5.67,6.45,7.1,7.36,6.37,32.61
20150119,5.62,5.85,5.55,5.64,5.75,-0.11,-1.91,64955.34,36940.1286,0.73,13.73,5.54,5.67,6.45,7.1,7.36,6.39,9.5
20150116,5.72,5.76,5.7,5.75,5.73,0.02,0.35,38737.44,22207.4567,0.73,13.73,5.54,5.67,6.45,7.1,7.36,6.41,20.54
20150115,5.66,5.76,5.64,5.73,5.66,0.07,1.24,45632.06,26074.8375,0.73,13.73,5.54,5.67,6.58,7.1,7.36,6.42,19.81
20150114,5.69,5.69,5.6,5.66,5.69,-0.03,-0.53,44059.71,24801.2027,0.73,13.73,5.54,5.67,6.58,7.1,7.36,6.43,9.56
20150113,5.61,5.69,5.6,5.69,5.64,0.05,0.89,33532.45,18957.9957,0.73,13.73,5.54,5.67,6.58,7.1,7.36,6.44,17.55
20150112,5.74,5.76,5.6,5.64,5.77,-0.13,-2.25,40510.12,22966.9533,0.73,13.73,5.54,5.67,6.58,7.1,7.36,6.45,8.6
20150109,5.86,5.9,5.77,5.77,5.9,-0.13,-2.2,51796.22,30241.9421,0.73,13.73,5.54,5.67,6.58,7.23,7.36,6.46,15.65
20150108,5.98,6.05,5.88,5.9,5.99,-0.09,-1.5,50197.16,29886.0683,0.73,13.73,5.41,5.67,6.58,7.23,7.36,6.47,23.28
20150107,5.87,6.03,5.83,5.99,5.9,0.09,1.53,70669.25,42027.6548,0.73,13.73,5.41,5.67,6.58,7.23,7.36,6.48,29.3
20150106,5.86,5.9,5.74,5.9,5.87,0.03,0.51,55280.66,32192.8903,0.73,13.73,5.41,5.67,6.58,7.23,7.36,6.5,23.72
20150105,5.69,5.98,5.63,5.87,5.7,0.17,2.98,72044.56,42026.0833,0.73,13.73,5.41,5.67,6.58,7.23,7.49,6.51,22.46
20141231,5.62,5.7,5.58,5.7,5.6,0.1,1.79,31313.87,17654.1691,0.73,13.73,5.41,5.67,6.58,7.23,7.49,6.53,16.05
20141230,5.7,5.71,5.58,5.6,5.72,-0.12,-2.1,43775.85,24697.1947,0.73,13.73,5.41,5.67,6.58,7.23,7.49,6.54,8.88
20141229,5.83,5.86,5.63,5.72,5.87,-0.15,-2.56,59116.0,33734.6449,0.73,13.73,5.41,5.8,6.58,7.23,7.49,6.56,13.97
20141226,5.9,5.94,5.82,5.87,5.9,-0.03,-0.51,40547.74,23767.4392,0.73,13.73,5.41,5.8,6.71,7.23,7.49,6.57,17.47
20141225,5.8,5.94,5.77,5.9,5.82,0.08,1.37,56336.13,33112.1757,0.73,13.73,5.41,5.8,6.71,7.23,7.49,6.59,17.08
20141224,5.65,5.84,5.62,5.82,5.6,0.22,3.93,49929.7,28626.8298,0.73,13.73,5.41,5.8,6.71,7.23,7.49,6.6,16.16
20141223,5.59,5.75,5.56,5.6,5.59,0.01,0.18,64002.82,36385.7797,0.73,13.73,5.41,5.93,6.71,7.23,7.49,6.62,8.53
20141222,5.89,5.89,5.51,5.59,5.96,-0.37,-6.21,96142.34,54401.7587,0.73,13.73,5.41,5.93,6.71,7.23,7.49,6.64,8.42
20141219,6.19,6.19,5.76,5.96,6.17,-0.21,-3.4,130651.2,77941.4666,0.73,13.73,5.41,6.19,6.71,7.23,7.49,6.67,12.14
20141218,6.38,6.39,6.1,6.17,6.38,-0.21,-3.29,112546.4,70295.6189,0.73,13.73,5.41,6.32,6.84,7.23,7.49,6.71,10.3
20141217,6.54,6.54,6.36,6.38,6.54,-0.16,-2.45,102782.36,65957.2462,0.73,13.73,5.41,6.45,6.84,7.23,7.49,6.73,14.06
20141216,6.6,6.61,6.51,6.54,6.6,-0.06,-0.91,74201.23,48609.3352,0.73,13.73,5.41,6.45,6.84,7.23,7.49,6.74,21.8
20141215,6.56,6.63,6.48,6.6,6.61,-0.01,-0.15,79394.99,52054.0831,0.73,13.73,5.41,6.45,6.84,7.23,7.49,6.75,34.42
20141212,6.71,6.71,6.58,6.61,6.71,-0.1,-1.49,78530.22,52072.6579,0.73,13.73,5.41,6.45,6.97,7.23,7.49,6.76,32.74
20141211,6.68,6.74,6.62,6.71,6.71,0.0,0.0,62932.83,42052.6429,0.73,13.73,5.28,6.45,6.97,7.23,7.49,6.76,31.55
20141210,6.56,6.76,6.42,6.71,6.58,0.13,1.98,96955.73,63892.2056,0.73,13.73,5.28,6.45,6.97,7.23,7.49,6.76,31.26
20141209,6.55,6.71,6.38,6.58,6.54,0.04,0.61,165883.95,107957.5324,0.73,13.73,5.28,6.45,6.97,7.23,7.49,6.77,21.27
20141208,6.6,6.6,6.47,6.54,6.67,-0.13,-1.95,127617.84,83278.2317,0.73,13.73,5.28,6.45,6.97,7.36,7.49,6.79,18.7
20141205,6.96,6.96,6.53,6.67,6.98,-0.31,-4.44,173059.39,116281.3126,0.73,13.73,5.28,6.32,6.97,7.36,7.49,6.8,22.6
20141204,7.05,7.09,6.89,6.98,7.05,-0.07,-0.99,212192.44,147666.8785,0.73,13.73,5.28,6.19,6.97,7.36,7.49,6.81,53.65
20141203,7.11,7.15,6.92,7.05,7.17,-0.12,-1.67,181953.7,127679.7196,0.73,13.73,5.28,6.06,6.97,7.36,7.49,6.8,50.5
20141202,7.54,7.65,7.1,7.17,7.5,-0.33,-4.4,189595.07,136684.3657,0.73,13.73,5.15,6.06,7.1,7.36,7.49,6.79,66.27
20141128,7.5,7.79,7.47,7.5,7.48,0.02,0.27,164856.95,125385.6409,0.73,13.73,5.15,5.8,6.97,7.36,7.49,6.76,96.03
20141127,7.38,7.53,7.33,7.48,7.4,0.08,1.08,111257.86,82448.2952,0.73,13.73,5.15,5.67,6.97,7.23,7.36,6.71,96.2
20141126,7.17,7.43,7.1,7.4,7.14,0.26,3.64,120482.3,87591.1964,0.73,13.73,5.15,5.67,6.97,7.23,7.36,6.68,97.59
20141125,7.13,7.22,7.09,7.14,7.14,0.0,0.0,86090.24,61468.7358,0.73,13.73,5.02,5.67,6.97,7.23,7.36,6.65,79.71
20141124,7.12,7.25,7.07,7.14,7.08,0.06,0.85,98021.23,70018.0225,0.73,13.73,5.02,5.67,6.97,7.23,7.36,6.64,79.46
20141121,7.09,7.14,7.01,7.08,7.1,-0.02,-0.28,45352.01,32032.2109,0.73,13.73,5.02,5.67,6.97,7.23,7.36,6.62,64.47
20141120,7.16,7.16,7.03,7.1,7.15,-0.05,-0.7,58415.44,41423.3028,0.73,13.73,5.02,5.54,6.97,7.23,7.36,6.62,64.81
20141119,7.15,7.17,7.07,7.15,7.15,0.0,0.0,61259.75,43721.8958,0.73,13.73,5.02,5.54,6.97,7.23,7.36,6.61,79.58
20141118,7.02,7.16,6.98,7.15,7.02,0.13,1.85,60535.28,42899.4569,0.73,13.73,5.02,5.54,6.84,7.23,7.36,6.6,79.41
20141117,7.04,7.09,6.92,7.02,7.04,-0.02,-0.28,44200.74,30975.0413,0.73,13.73,5.02,5.54,6.84,7.23,7.36,6.59,66.85
20141114,7.06,7.18,6.89,7.04,7.12,-0.08,-1.12,85853.61,60259.5154,0.73,13.73,5.02,5.54,6.84,7.23,7.36,6.59,66.54
20141113,7.21,7.27,7.03,7.12,7.18,-0.06,-0.84,87403.13,62587.794,0.73,13.73,5.02,5.54,6.84,7.23,7.36,6.58,78.28
20141112,6.8,7.28,6.68,7.18,6.85,0.33,4.82,101699.49,70779.4458,0.73,13.73,5.02,5.54,6.84,7.23,7.36,6.56,78.77
20141111,7.27,7.33,6.78,6.85,7.22,-0.37,-5.12,79093.48,55693.4839,0.73,13.73,5.02,5.54,6.84,7.23,7.36,6.55,55.28
20141110,7.2,7.28,7.08,7.22,7.19,0.03,0.42,54718.15,39247.35,0.73,13.73,5.02,5.54,6.84,7.23,7.36,6.54,78.18
20141107,7.31,7.38,7.16,7.19,7.29,-0.1,-1.37,61421.01,44743.5285,0.73,13.73,5.02,5.41,6.84,7.23,7.36,6.52,78.47
20141106,7.24,7.34,7.21,7.29,7.29,0.0,0.0,50156.3,36541.2476,0.73,13.73,5.02,5.41,6.71,7.23,7.36,6.51,90.27
20141105,7.32,7.35,7.13,7.29,7.32,-0.03,-0.41,63597.04,46203.0351,0.73,13.73,5.02,5.41,6.71,7.23,7.36,6.5,90.32
20141104,7.3,7.39,7.25,7.32,7.29,0.03,0.41,64797.98,47553.6465,0.73,13.73,5.02,5.41,6.71,7.23,7.36,6.48,90.44
20141103,7.3,7.42,7.23,7.29,7.28,0.01,0.14,60895.04,44447.9789,0.73,13.73,5.02,5.41,6.71,7.23,7.36,6.46,91.5
20141031,7.35,7.42,7.19,7.28,7.35,-0.07,-0.95,88922.7,65112.7826,0.73,13.73,5.02,5.41,6.71,7.1,7.36,6.45,92.57
20141030,7.39,7.52,7.3,7.35,7.45,-0.1,-1.34,118255.56,87446.167,0.73,13.73,5.02,5.41,6.71,7.1,7.36,6.42,93.53
20141029,7.1,7.45,7.04,7.45,7.13,0.32,4.49,179954.7,130673.5051,0.73,13.73,5.02,5.41,6.71,7.1,7.23,6.38,98.91
20141028,6.83,7.18,6.83,7.13,6.79,0.34,5.01,130717.33,91546.4569,0.73,13.73,5.02,5.41,6.58,6.97,7.1,6.32,97.09
20141027,6.66,6.85,6.57,6.79,6.67,0.12,1.8,46366.86,31362.4888,0.73,13.73,5.02,5.41,6.58,6.97,7.1,6.29,65.7
20141024,6.58,6.7,6.39,6.67,6.59,0.08,1.21,68508.53,45108.503,0.73,13.73,4.89,5.41,6.58,6.97,7.1,6.29,55.86
20141023,6.75,6.98,6.56,6.59,6.85,-0.26,-3.8,67328.64,45381.9844,0.73,13.73,4.89,5.41,6.58,6.97,7.1,6.28,54.99
20141022,7.01,7.08,6.81,6.85,7.04,-0.19,-2.7,55961.01,38867.2504,0.73,13.73,4.89,5.41,6.58,6.97,7.1,6.27,73.75
20141021,7.09,7.09,6.96,7.04,7.08,-0.04,-0.57,52452.49,36903.8841,0.73,13.73,4.89,5.28,6.58,6.97,7.1,6.26,88.64
20141020,7.1,7.14,6.98,7.08,7.05,0.03,0.43,73919.91,52266.2529,0.73,13.73,4.89,5.28,6.58,6.97,7.1,6.25,88.67
20141017,6.94,7.18,6.7,7.05,6.95,0.1,1.44,86318.37,60057.1131,0.73,13.73,4.89,5.28,6.45,6.97,7.1,6.23,89.86
20141016,6.95,7.1,6.9,6.95,7.0,-0.05,-0.71,81736.6,57541.3495,0.73,13.73,4.89,5.28,6.45,6.97,7.1,6.21,77.65
20141015,6.9,7.03,6.81,7.0,6.91,0.09,1.3,62291.15,43281.8852,0.73,13.73,4.89,5.28,6.45,6.97,7.1,6.19,90.12
20141014,7.0,7.12,6.8,6.91,7.0,-0.09,-1.29,81562.0,56626.5604,0.73,13.73,4.89,5.28,6.45,6.97,7.1,6.17,79.93
20141013,6.95,7.02,6.78,7.0,6.98,0.02,0.29,56852.22,39125.0203,0.73,13.73,4.89,5.28,6.32,6.97,7.1,6.15,90.28
20141010,7.05,7.11,6.93,6.98,7.07,-0.09,-1.27,67231.31,47115.3946,0.73,13.73,4.89,5.28,6.32,6.97,7.1,6.14,90.19
20141009,7.2,7.24,6.95,7.07,7.21,-0.14,-1.94,90161.87,64042.5451,0.73,13.73,4.89,5.28,6.32,6.97,7.1,6.12,90.86
20141008,7.01,7.25,6.95,7.21,7.0,0.21,3.0,87270.22,62322.6373,0.73,13.73,4.89,5.28,6.19,6.84,7.1,6.08,97.75
20140930,7.05,7.1,6.97,7.0,7.05,-0.05,-0.71,50185.06,35161.8091,0.73,13.73,4.89,5.28,6.19,6.84,7.1,6.05,94.92
20140929,7.03,7.18,6.98,7.05,7.03,0.02,0.28,69989.24,49338.6642,0.73,13.73,4.89,5.28,6.19,6.71,6.97,6.04,95.3
20140926,6.95,7.06,6.91,7.03,6.93,0.1,1.44,52300.77,36523.3575,0.73,13.73,4.89,5.28,6.06,6.71,6.97,6.01,96.59
20140925,6.95,7.11,6.89,6.93,6.93,0.0,0.0,83203.01,58247.9061,0.73,13.73,4.89,5.28,6.06,6.71,6.97,5.99,93.37
20140924,6.77,7.13,6.72,6.93,6.81,0.12,1.76,105912.74,74001.1799,0.73,13.73,4.89,5.15,6.06,6.71,6.84,5.96,95.9
20140923,6.56,6.81,6.56,6.81,6.59,0.22,3.34,68440.0,46044.7714,0.73,13.73,4.89,5.15,5.93,6.71,6.71,5.93,95.35
20140922,6.7,6.74,6.56,6.59,6.75,-0.16,-2.37,45322.0,30133.9703,0.73,13.73,4.89,5.15,5.93,6.71,6.71,5.91,84.4
20140919,6.64,6.8,6.59,6.75,6.64,0.11,1.66,49975.94,33533.6328,0.73,13.73,4.89,5.15,5.8,6.71,6.71,5.9,95.48
20140918,6.46,6.67,6.45,6.64,6.46,0.18,2.79,51819.37,33879.8286,0.73,13.73,4.89,5.15,5.8,6.58,6.71,5.88,86.02
20140917,6.42,6.53,6.35,6.46,6.42,0.04,0.62,53947.69,34772.2214,0.73,13.73,4.89,5.15,5.8,6.58,6.71,5.87,75.1
20140916,6.77,6.78,6.38,6.42,6.79,-0.37,-5.45,95030.69,62890.9715,0.73,13.73,4.89,5.15,5.8,6.58,6.71,5.86,70.07
20140915,6.78,6.83,6.65,6.79,6.77,0.02,0.3,77351.05,52135.7217,0.73,13.73,4.89,5.15,5.67,6.58,6.71,5.83,95.5
20140912,6.8,6.9,6.73,6.77,6.82,-0.05,-0.73,58797.32,40032.5956,0.73,13.73,4.89,5.15,5.67,6.58,6.71,5.81,95.77
20140911,6.71,6.93,6.65,6.82,6.72,0.1,1.49,91015.81,61913.3749,0.73,13.73,4.89,5.15,5.67,6.58,6.71,5.79,96.85
20140910,6.6,6.74,6.54,6.72,6.6,0.12,1.82,69158.92,46096.6023,0.73,13.73,4.89,5.02,5.67,6.58,6.71,5.76,98.03
20140909,6.57,6.67,6.54,6.6,6.59,0.01,0.15,88194.13,58290.1067,0.73,13.73,4.89,5.02,5.67,6.58,6.71,5.74,93.47
20140905,6.7,6.72,6.55,6.59,6.7,-0.11,-1.64,104712.39,69086.6336,0.73,13.73,4.89,5.02,5.54,6.45,6.71,5.71,93.7
20140904,6.63,6.78,6.58,6.7,6.63,0.07,1.06,100964.52,67358.4417,0.73,13.73,4.89,5.02,5.54,6.32,6.71,5.68,94.91
20140903,6.55,6.74,6.52,6.63,6.55,0.08,1.22,116977.22,77579.7377,0.73,13.73,4.89,5.02,5.54,6.32,6.58,5.64,96.8
20140902,6.27,6.67,6.25,6.55,6.28,0.27,4.3,135593.7,88530.6779,0.73,13.73,4.89,5.02,5.54,6.19,6.45,5.6,96.84
20140901,6.2,6.34,6.18,6.28,6.24,0.04,0.64,53689.6,33648.8712,0.73,13.73,4.76,5.02,5.54,6.19,6.32,5.56,91.29
20140829,6.13,6.35,6.07,6.24,6.15,0.09,1.46,56883.09,35519.3744,0.73,13.73,4.76,5.02,5.54,6.19,6.32,5.55,91.88
20140828,6.17,6.23,6.06,6.15,6.2,-0.05,-0.81,52116.94,32011.8215,0.73,13.73,4.76,5.02,5.54,6.06,6.32,5.53,86.26
20140827,6.24,6.31,6.07,6.2,6.24,-0.04,-0.64,59179.61,36601.7355,0.73,13.73,4.76,5.02,5.41,6.06,6.32,5.52,92.5
20140826,6.32,6.5,6.11,6.24,6.41,-0.17,-2.65,111470.04,69815.0409,0.73,13.73,4.76,5.02,5.41,6.06,6.32,5.51,92.48
20140825,6.14,6.47,6.11,6.41,6.16,0.25,4.06,140849.71,89482.7856,0.73,13.73,4.76,5.02,5.41,5.93,6.32,5.48,96.77
20140822,6.1,6.17,6.01,6.16,6.13,0.03,0.49,79095.5,48234.6336,0.73,13.73,4.76,5.02,5.41,5.8,6.06,5.43,95.84
20140821,6.01,6.25,5.93,6.13,6.0,0.13,2.17,120832.63,73480.7302,0.73,13.73,4.76,5.02,5.41,5.8,6.06,5.41,96.13
20140820,5.83,6.02,5.78,6.0,5.79,0.21,3.63,92905.67,55032.368,0.73,13.73,4.76,5.02,5.41,5.67,5.93,5.38,96.85
20140819,5.77,5.86,5.72,5.79,5.79,0.0,0.0,68545.94,39682.7871,0.73,13.73,4.76,5.02,5.41,5.67,5.8,5.37,89.23
20140818,5.7,5.86,5.64,5.79,5.66,0.13,2.3,91619.11,52722.5117,0.73,13.73,4.76,5.02,5.41,5.67,5.8,5.36,90.38
20140815,5.56,5.68,5.54,5.66,5.56,0.1,1.8,53021.46,29798.4029,0.73,13.73,4.76,5.02,5.41,5.67,5.8,5.35,81.49
20140814,5.66,5.7,5.53,5.56,5.67,-0.11,-1.94,59346.65,33408.8469,0.73,13.73,4.76,5.02,5.41,5.67,5.8,5.34,82.23
20140813,5.57,5.73,5.54,5.67,5.56,0.11,1.98,88641.83,49884.4526,0.73,13.73,4.76,5.02,5.41,5.67,5.8,5.33,82.68
20140812,5.53,5.58,5.5,5.56,5.52,0.04,0.72,64830.82,35912.257,0.73,13.73,4.76,4.89,5.41,5.67,5.93,5.32,83.93
20140811,5.48,5.55,5.46,5.52,5.48,0.04,0.73,63414.63,34937.5036,0.73,13.73,4.76,4.89,5.41,5.67,5.93,5.32,71.63
20140808,5.44,5.5,5.42,5.48,5.44,0.04,0.74,29970.14,16393.8599,0.73,13.73,4.76,4.89,5.28,5.67,5.93,5.32,72.3
20140807,5.51,5.53,5.42,5.44,5.5,-0.06,-1.09,45003.03,24678.598,0.73,13.73,4.76,4.89,5.28,5.67,5.93,5.31,72.27
20140806,5.44,5.54,5.4,5.5,5.47,0.03,0.55,71174.41,39002.9501,0.73,13.73,4.76,4.89,5.28,5.67,5.93,5.31,72.25
20140805,5.44,5.48,5.38,5.47,5.43,0.04,0.74,52403.12,28441.5311,0.73,13.73,4.76,4.89,5.28,5.67,5.93,5.31,71.9
20140804,5.34,5.44,5.34,5.43,5.35,0.08,1.5,47974.73,25844.3065,0.73,13.73,4.76,4.89,5.28,5.67,5.93,5.31,71.64
20140801,5.38,5.42,5.34,5.35,5.41,-0.06,-1.11,49662.83,26755.0409,0.73,13.73,4.76,4.89,5.28,5.67,5.93,5.3,54.28
20140731,5.38,5.44,5.36,5.41,5.38,0.03,0.56,62727.53,33777.8224,0.73,13.73,4.76,4.89,5.28,5.67,5.93,5.3,54.48
20140730,5.41,5.43,5.36,5.38,5.39,-0.01,-0.19,35277.04,18977.191,0.73,13.73,4.76,4.89,5.28,5.67,5.93,5.3,54.75
20140729,5.38,5.45,5.36,5.39,5.39,0.0,0.0,42033.28,22694.4532,0.73,13.73,4.76,4.89,5.28,5.67,5.93,5.3,54.89
20140728,5.34,5.42,5.31,5.39,5.31,0.08,1.51,52008.16,27841.242,0.73,13.73,4.76,4.89,5.28,5.67,5.93,5.3,55.07
20140725,5.28,5.35,5.27,5.31,5.29,0.02,0.38,22278.29,11844.3512,0.73,13.73,4.76,4.89,5.28,5.67,5.93,5.3,55.3
20140724,5.32,5.38,5.28,5.29,5.34,-0.05,-0.94,23723.62,12615.1301,0.73,13.73,4.76,4.89,5.28,5.67,5.93,5.3,55.05
20140723,5.35,5.45,5.28,5.34,5.37,-0.03,-0.56,39356.15,20985.8539,0.73,13.73,4.76,4.89,5.28,5.67,5.93,5.3,54.88
20140722,5.33,5.39,5.28,5.37,5.37,0.0,0.0,54306.77,28947.3764,0.73,13.73,4.76,4.89,5.28,5.67,5.93,5.29,55.05
20140721,5.51,5.51,5.31,5.37,5.5,-0.13,-2.36,43606.24,23371.9864,0.73,13.73,4.76,4.89,5.28,5.67,5.93,5.29,54.68
20140718,5.47,5.57,5.46,5.5,5.5,0.0,0.0,65720.53,36256.5979,0.73,13.73,4.76,4.89,5.28,5.67,5.93,5.29,67.72
20140717,5.59,5.6,5.46,5.5,5.65,-0.15,-2.65,30402.7,16723.3858,0.73,13.73,4.76,4.89,5.28,5.67,5.93,5.29,68.31
20140716,5.58,5.79,5.51,5.65,5.64,0.01,0.18,62278.84,35344.4393,0.73,13.73,4.76,4.89,5.28,5.67,5.93,5.28,79.53
20140715,5.57,5.66,5.42,5.64,5.56,0.08,1.44,50723.56,27938.986,0.73,13.73,4.76,4.89,5.28,5.67,5.93,5.28,80.49
20140714,5.45,5.8,5.41,5.56,5.46,0.1,1.83,50004.06,27940.6768,0.73,13.73,4.76,4.89,5.28,5.67,5.93,5.27,80.3
20140711,5.35,5.47,5.32,5.46,5.35,0.11,2.06,21458.68,11627.2596,0.73,13.73,4.76,4.89,5.15,5.67,5.93,5.27,71.64
20140710,5.34,5.45,5.34,5.35,5.39,-0.04,-0.74,37900.98,20379.555,0.73,13.73,4.76,4.89,5.15,5.67,5.93,5.26,60.49
20140709,5.69,5.69,5.38,5.39,5.67,-0.28,-4.94,63795.84,35091.6796,0.73,13.73,4.76,4.89,5.15,5.67,5.93,5.26,60.72
20140708,5.85,5.92,5.54,5.67,5.8,-0.13,-2.24,84842.69,48891.6756,0.73,13.73,4.76,4.89,5.15,5.67,5.93,5.26,80.29
20140707,5.71,5.85,5.59,5.8,5.7,0.1,1.75,61546.96,34795.343,0.73,13.73,4.76,4.89,5.15,5.67,5.93,5.24,89.08
20140704,5.4,5.73,5.36,5.7,5.39,0.31,5.75,115134.88,64425.9395,0.73,13.73,4.76,4.89,5.15,5.67,5.93,5.23,89.45
20140703,5.38,5.45,5.28,5.39,5.38,0.01,0.19,31636.62,16968.9246,0.73,13.73,4.63,4.89,5.15,5.67,5.93,5.22,67.82
20140702,5.44,5.44,5.32,5.38,5.43,-0.05,-0.92,37752.81,20308.0247,0.73,13.73,4.63,4.89,5.15,5.67,5.93,5.22,68.11
20140701,5.22,5.44,5.22,5.43,5.25,0.18,3.43,56738.59,30555.5158,0.73,13.73,4.63,4.89,5.15,5.67,5.93,5.22,77.27
20140630,5.3,5.36,5.24,5.25,5.3,-0.05,-0.94,23050.1,12166.4271,0.73,13.73,4.63,4.89,5.15,5.67,5.93,5.21,59.98
20140627,5.29,5.3,5.23,5.3,5.29,0.01,0.19,20342.35,10719.718,0.73,13.73,4.63,4.89,5.15,5.67,5.93,5.21,68.48
20140626,5.25,5.33,5.25,5.29,5.28,0.01,0.19,23970.6,12659.8811,0.73,13.73,4.63,4.89,5.15,5.67,5.93,5.21,68.32
20140625,5.32,5.38,5.26,5.28,5.32,-0.04,-0.75,32901.87,17456.7958,0.73,13.73,4.63,4.89,5.15,5.67,5.93,5.21,60.92
20140624,5.17,5.32,5.14,5.32,5.15,0.17,3.3,39702.51,20885.4095,0.73,13.73,4.63,4.89,5.15,5.67,5.93,5.21,67.98
20140623,5.1,5.17,5.05,5.15,5.05,0.1,1.98,18348.6,9396.5912,0.73,13.73,4.63,4.89,5.15,5.67,5.93,5.21,49.55
20140620,5.04,5.06,5.01,5.05,5.04,0.01,0.2,8514.61,4284.0671,0.73,13.73,4.63,4.89,5.15,5.67,5.93,5.21,49.6
20140619,5.08,5.1,4.96,5.04,5.06,-0.02,-0.4,16458.48,8310.6054,0.73,13.73,4.63,4.89,5.15,5.67,5.93,5.21,49.49
20140618,5.19,5.19,5.06,5.06,5.16,-0.1,-1.94,20763.12,10585.2173,0.73,13.73,4.63,4.89,5.15,5.67,5.93,5.21,49.28
20140617,5.12,5.2,5.1,5.16,5.13,0.03,0.58,25365.96,13070.6332,0.73,13.73,4.63,4.89,5.15,5.67,5.93,5.21,60.82
20140616,5.04,5.15,5.04,5.13,5.05,0.08,1.58,23264.91,11851.4559,0.73,13.73,4.63,4.89,5.15,5.67,5.93,5.21,49.67
20140613,5.01,5.08,4.98,5.05,5.04,0.01,0.2,20565.64,10360.0633,0.73,13.73,4.63,4.89,5.15,5.67,5.93,5.21,49.47
20140612,5.05,5.05,5.0,5.04,5.06,-0.02,-0.4,12202.27,6125.8227,0.73,13.73,4.63,4.89,5.15,5.67,5.93,5.22,49.21
20140611,5.08,5.08,5.02,5.06,5.08,-0.02,-0.39,13588.02,6858.4902,0.73,13.73,4.63,4.89,5.15,5.67,5.93,5.22,49.05
20140610,5.02,5.1,5.0,5.08,5.04,0.04,0.79,21972.2,11111.1635,0.73,13.73,4.63,4.89,5.15,5.67,5.93,5.22,48.94
20140609,5.0,5.08,4.96,5.04,5.0,0.04,0.8,16423.99,8276.1774,0.73,13.73,4.63,4.89,5.15,5.67,5.93,5.22,48.66
20140606,5.06,5.06,4.95,5.0,5.06,-0.06,-1.19,14282.01,7129.469,0.73,13.73,4.63,4.89,5.15,5.67,5.93,5.22,29.1
20140605,5.0,5.06,4.97,5.06,4.96,0.1,2.02,17233.85,8670.3352,0.73,13.73,4.63,4.89,5.15,5.67,5.93,5.22,48.24
20140604,4.93,4.97,4.92,4.96,4.95,0.01,0.2,14429.0,7138.388,0.73,13.73,4.63,4.89,5.15,5.67,5.93,5.22,29.14
20140603,4.92,4.98,4.9,4.95,4.91,0.04,0.81,18731.75,9264.6739,0.73,13.73,4.63,4.89,5.15,5.67,5.93,5.22,28.91
20140530,4.96,4.96,4.85,4.91,4.89,0.02,0.41,9217.23,4518.1273,0.73,13.73,4.63,4.89,5.15,5.67,5.93,5.22,28.61
20140529,4.97,4.97,4.89,4.89,4.96,-0.07,-1.41,16981.4,8351.6472,0.73,13.73,4.63,4.89,5.15,5.67,5.93,5.22,13.65
20140528,4.91,4.96,4.9,4.96,4.91,0.05,1.02,24037.04,11836.7373,0.73,13.73,4.63,4.89,5.15,5.67,5.93,5.23,28.14
20140527,4.91,4.93,4.88,4.91,4.91,0.0,0.0,12348.07,6053.9253,0.73,13.73,4.63,4.89,5.15,5.67,5.93,5.23,27.75
20140526,4.86,4.94,4.86,4.91,4.92,-0.01,-0.2,11517.97,5655.775,0.73,13.73,4.63,4.89,5.15,5.67,5.93,5.23,27.5
20140523,4.87,4.92,4.8,4.92,4.85,0.07,1.44,13467.26,6551.3131,0.73,13.73,4.63,4.89,5.15,5.67,5.93,5.23,27.26
20140522,4.89,4.95,4.85,4.85,4.9,-0.05,-1.02,12361.0,6052.1902,0.73,13.73,4.63,4.89,5.15,5.67,5.93,5.23,13.7
20140521,4.83,4.92,4.83,4.9,4.86,0.04,0.82,10528.54,5137.7725,0.73,13.73,4.63,4.89,5.15,5.67,5.93,5.23,26.7
20140520,4.86,4.91,4.84,4.86,4.86,0.0,0.0,9630.72,4685.6635,0.73,13.73,4.63,4.89,5.15,5.67,5.93,5.24,13.59
20140519,4.83,4.9,4.75,4.86,4.83,0.03,0.62,11437.43,5545.1747,0.73,13.73,4.63,4.89,5.15,5.67,5.93,5.24,13.48
20140516,4.86,4.9,4.76,4.83,4.89,-0.06,-1.23,13966.88,6736.2605,0.73,13.73,4.63,4.89,5.15,5.67,5.93,5.24,13.26
20140515,5.02,5.02,4.84,4.89,5.04,-0.15,-2.98,18279.39,8988.4598,0.73,13.73,4.63,4.89,5.15,5.67,5.93,5.24,13.11
20140514,5.03,5.07,5.01,5.04,5.03,0.01,0.2,14290.81,7203.6552,0.73,13.73,4.63,4.89,5.15,5.67,5.93,5.24,44.48
20140513,5.0,5.05,4.98,5.03,5.03,0.0,0.0,10314.9,5168.6609,0.73,13.73,4.63,4.89,5.15,5.67,5.93,5.24,44.27
20140512,4.99,5.05,4.9,5.03,4.94,0.09,1.82,19959.81,9927.0663,0.73,13.73,4.63,4.89,5.15,5.67,5.93,5.24,44.1
20140509,4.96,4.96,4.9,4.94,4.96,-0.02,-0.4,11720.74,5764.761,0.73,13.73,4.63,4.89,5.15,5.67,5.93,5.25,25.07
20140508,4.97,5.05,4.91,4.96,4.98,-0.02,-0.4,18146.34,9003.6795,0.73,13.73,4.63,4.89,5.15,5.67,5.93,5.25,24.87
20140507,5.1,5.1,4.98,4.98,5.1,-0.12,-2.35,26501.05,13318.8859,0.73,13.73,4.63,4.89,5.15,5.67,5.93,5.25,24.75
20140506,5.1,5.17,5.07,5.1,5.11,-0.01,-0.2,20475.36,10466.5347,0.73,13.73,4.63,4.89,5.15,5.67,5.93,5.25,42.83
20140505,5.13,5.13,5.02,5.11,5.08,0.03,0.59,18341.15,9333.2192,0.73,13.73,4.63,4.89,5.15,5.67,5.93,5.25,42.82
20140430,5.08,5.17,5.05,5.08,5.07,0.01,0.2,11316.85,5773.4226,0.73,13.73,4.63,4.89,5.15,5.67,5.93,5.25,42.64
20140429,4.94,5.08,4.93,5.07,5.05,0.02,0.4,21054.64,10568.4291,0.73,13.73,4.63,4.89,5.15,5.67,5.93,5.25,42.64
20140428,5.11,5.26,5.05,5.05,5.18,-0.13,-2.51,48838.68,25202.0316,0.73,13.73,4.63,4.89,5.15,5.67,5.93,5.25,42.32
20140425,5.06,5.19,5.0,5.18,5.06,0.12,2.37,54050.8,27668.1094,0.73,13.73,4.63,4.89,5.15,5.67,5.93,5.25,52.95
20140424,5.08,5.08,4.96,5.06,5.08,-0.02,-0.39,32960.27,16555.7054,0.73,13.73,4.5,4.89,5.15,5.67,5.93,5.26,42.49
20140423,5.2,5.2,5.0,5.08,5.22,-0.14,-2.68,88924.14,45186.2582,0.73,13.73,4.5,4.89,5.15,5.67,5.93,5.26,41.98
20140422,5.27,5.28,5.1,5.22,5.25,-0.03,-0.57,39122.56,20235.2508,0.73,13.73,4.5,4.89,5.15,5.67,5.93,5.27,50.24
20140421,5.43,5.43,5.24,5.25,5.44,-0.19,-3.49,44897.9,23951.4002,0.73,13.73,4.5,4.76,5.28,5.67,5.93,5.27,49.72
20140418,5.44,5.63,5.4,5.44,5.49,-0.05,-0.91,63171.54,34810.488,0.73,13.73,4.5,4.76,5.15,5.8,5.93,5.26,67.95
20140417,5.41,5.54,5.38,5.49,5.41,0.08,1.48,76903.17,42158.2705,0.73,13.73,4.5,4.76,5.15,5.8,5.93,5.26,68.11
20140416,5.43,5.51,5.34,5.41,5.42,-0.01,-0.18,63384.56,34540.7813,0.73,13.73,4.5,4.76,5.15,5.8,6.06,5.25,59.29
20140415,5.5,5.57,5.41,5.42,5.5,-0.08,-1.45,65840.29,36099.2654,0.73,13.73,4.5,4.76,5.15,5.8,6.06,5.25,67.18
20140414,5.56,5.56,5.42,5.5,5.56,-0.06,-1.08,65245.8,35766.7677,0.73,13.73,4.5,4.76,5.15,5.8,6.06,5.24,67.75
20140411,5.62,5.7,5.47,5.56,5.73,-0.17,-2.97,109496.88,60939.9113,0.73,13.73,4.5,4.76,5.15,5.8,6.06,5.24,75.26
20140410,5.87,5.98,5.66,5.73,5.86,-0.13,-2.22,219737.43,127619.9227,0.73,13.73,4.5,4.76,5.15,5.8,6.06,5.23,82.84
20140409,5.3,5.86,5.29,5.86,5.33,0.53,9.94,192458.86,109998.0197,0.73,13.73,4.5,4.76,5.02,5.67,6.06,5.18,91.21
20140408,5.76,5.76,5.2,5.33,5.24,0.09,1.72,155639.02,84106.4437,0.73,13.73,4.5,4.76,5.02,5.67,6.06,5.15,76.06
20140314,4.98,5.36,4.98,5.24,4.98,0.26,5.22,80627.43,42024.5722,0.73,13.73,4.37,4.76,5.02,5.67,6.06,5.13,71.94
20140313,5.07,5.08,4.94,4.98,5.04,-0.06,-1.19,28780.99,14413.8428,0.73,13.73,4.37,4.76,5.02,5.67,6.06,5.13,40.48
20140312,4.91,5.09,4.86,5.04,4.86,0.18,3.7,43418.34,21794.0369,0.73,13.73,4.37,4.76,5.02,5.67,6.06,5.13,61.32
20140311,4.84,4.93,4.82,4.86,4.85,0.01,0.21,14328.41,6970.1759,0.73,13.73,4.37,4.76,5.02,5.67,6.06,5.13,22.84
20140310,4.95,4.99,4.84,4.85,4.95,-0.1,-2.02,22207.75,10857.0465,0.73,13.73,4.37,4.76,5.02,5.67,6.06,5.13,22.73
20140307,5.05,5.09,4.92,4.95,5.03,-0.08,-1.59,22025.71,10997.9336,0.73,13.73,4.37,4.76,5.02,5.67,6.06,5.14,39.89
20140306,4.9,5.07,4.81,5.03,4.88,0.15,3.07,37012.66,18434.3767,0.73,13.73,4.37,4.76,5.02,5.67,6.06,5.14,60.17
20140305,4.86,4.91,4.85,4.88,4.86,0.02,0.41,14202.13,6931.2822,0.73,13.73,4.37,4.76,5.02,5.67,6.06,5.14,23.16
20140304,4.82,4.9,4.8,4.86,4.84,0.02,0.41,24362.18,11818.6547,0.73,13.73,4.37,4.76,5.02,5.67,6.06,5.14,23.05
20140303,4.83,4.86,4.77,4.84,4.82,0.02,0.41,18545.75,8927.1799,0.73,13.73,4.37,4.76,5.02,5.67,6.06,5.14,22.87
20140228,4.74,4.84,4.74,4.82,4.75,0.07,1.47,16663.56,7991.7836,0.73,13.73,4.37,4.76,5.02,5.67,6.06,5.14,22.54
20140227,4.86,4.86,4.75,4.75,4.81,-0.06,-1.25,16520.38,7943.9686,0.73,13.73,4.37,4.76,5.02,5.67,6.06,5.15,10.87
20140226,4.9,4.9,4.76,4.81,4.86,-0.05,-1.03,17149.01,8256.0718,0.73,13.73,4.37,4.76,5.02,5.67,6.06,5.15,21.76
20140225,5.02,5.04,4.85,4.86,5.01,-0.15,-2.99,36001.52,17787.3318,0.73,13.73,4.37,4.76,5.02,5.67,6.06,5.15,21.61
20140224,5.04,5.1,5.01,5.01,5.07,-0.06,-1.18,48720.93,24629.1837,0.73,13.73,4.37,4.76,5.02,5.67,6.06,5.15,37.12
20140221,4.98,5.14,4.95,5.07,5.0,0.07,1.4,50156.28,25418.8412,0.73,13.73,4.37,4.76,5.02,5.67,6.06,5.15,57.34
20140220,5.06,5.12,4.91,5.0,5.05,-0.05,-0.99,46656.61,23388.3064,0.73,13.73,4.37,4.76,5.02,5.67,6.06,5.16,37.97
20140219,4.96,5.12,4.94,5.05,4.96,0.09,1.81,49649.84,24964.2266,0.73,13.73,4.37,4.76,5.02,5.67,6.06,5.16,56.23
20140218,4.96,4.97,4.9,4.96,4.96,0.0,0.0,38663.53,19101.0775,0.73,13.73,4.37,4.76,5.02,5.67,6.06,5.16,38.32
20140217,4.91,5.02,4.9,4.96,4.91,0.05,1.02,36600.73,18167.701,0.73,13.73,4.37,4.76,5.02,5.8,6.06,5.16,37.83
20140214,4.85,4.93,4.83,4.91,4.84,0.07,1.45,33838.83,16563.7993,0.73,13.73,4.37,4.76,5.02,5.8,6.06,5.16,37.36
20140213,4.91,4.91,4.84,4.84,4.92,-0.08,-1.63,30739.67,14962.5633,0.73,13.73,4.37,4.76,5.02,5.8,6.06,5.17,23.99
20140212,4.82,4.96,4.78,4.92,4.82,0.1,2.07,48148.96,23386.7992,0.73,13.73,4.37,4.76,5.02,5.8,6.06,5.17,36.18
20140211,4.8,4.85,4.78,4.82,4.82,0.0,0.0,34330.64,16531.0343,0.73,13.73,4.37,4.76,5.02,5.8,6.06,5.18,23.44
20140210,4.72,4.9,4.72,4.82,4.76,0.06,1.26,41874.44,20217.8446,0.73,13.73,4.37,4.76,5.02,5.8,6.06,5.18,22.82
20140207,4.72,4.78,4.7,4.76,4.77,-0.01,-0.21,12587.0,5985.4616,0.73,13.73,4.37,4.76,5.02,5.8,6.06,5.18,12.6
20140130,4.73,4.83,4.71,4.77,4.76,0.01,0.21,13892.01,6646.3907,0.73,13.73,4.37,4.76,5.02,5.8,6.06,5.19,21.95
20140129,4.72,4.77,4.69,4.76,4.75,0.01,0.21,23914.33,11283.6696,0.73,13.73,4.37,4.76,5.02,5.8,6.06,5.19,12.58
20140128,4.86,4.86,4.7,4.75,4.82,-0.07,-1.45,20310.7,9679.0243,0.73,13.73,4.37,4.76,5.02,5.8,6.06,5.19,12.3
20140127,4.85,4.87,4.8,4.82,4.9,-0.08,-1.63,22162.92,10727.892,0.73,13.73,4.37,4.76,5.02,5.8,6.06,5.19,20.54
20140124,4.91,4.92,4.88,4.9,4.91,-0.01,-0.2,27292.85,13379.4704,0.73,13.73,4.37,4.76,5.02,5.8,6.06,5.2,31.38
20140123,4.85,4.93,4.85,4.91,4.89,0.02,0.41,21057.22,10332.3853,0.73,13.73,4.37,4.76,5.15,5.8,6.06,5.2,30.86
20140122,4.84,4.91,4.8,4.89,4.86,0.03,0.62,24302.86,11880.7411,0.73,13.73,4.37,4.76,5.15,5.8,6.06,5.2,20.23
20140121,4.81,4.88,4.79,4.86,4.84,0.02,0.41,10191.4,4946.78,0.73,13.73,4.37,4.76,5.15,5.8,6.06,5.2,20.29
20140120,4.83,4.87,4.76,4.84,4.84,0.0,0.0,21616.39,10436.8982,0.73,13.73,4.37,4.76,5.15,5.8,6.06,5.2,20.09
20140117,4.81,4.85,4.75,4.84,4.83,0.01,0.21,13140.75,6298.0617,0.73,13.73,4.37,4.76,5.15,5.8,6.06,5.21,19.66
20140116,4.89,4.89,4.8,4.83,4.88,-0.05,-1.02,12597.65,6094.3535,0.73,13.73,4.37,4.76,5.15,5.8,6.06,5.21,19.34
20140115,4.82,4.9,4.8,4.88,4.84,0.04,0.83,18217.26,8852.4461,0.73,13.73,4.37,4.76,5.15,5.8,6.06,5.21,19.08
20140114,4.75,4.86,4.75,4.84,4.79,0.05,1.04,15093.69,7264.8118,0.73,13.73,4.37,4.76,5.15,5.8,6.06,5.21,18.92
20140113,4.75,4.79,4.72,4.79,4.76,0.03,0.63,14183.64,6748.3337,0.73,13.73,4.37,4.76,5.15,5.8,6.06,5.21,18.56
20140110,4.75,4.78,4.65,4.76,4.76,0.0,0.0,21180.47,9985.0933,0.73,13.73,4.37,4.76,5.15,5.8,6.06,5.22,12.9
20140109,4.76,4.8,4.71,4.76,4.81,-0.05,-1.04,11178.5,5319.2975,0.73,13.73,4.37,4.76,5.15,5.8,6.06,5.22,12.66
20140108,4.83,4.83,4.71,4.81,4.83,-0.02,-0.41,15444.64,7369.6329,0.73,13.73,4.37,4.76,5.15,5.8,6.06,5.22,17.37
20140107,4.73,4.83,4.71,4.83,4.78,0.05,1.05,13389.48,6392.7761,0.73,13.73,4.37,4.76,5.15,5.8,6.06,5.22,16.99
20140106,4.81,4.81,4.7,4.78,4.84,-0.06,-1.24,16838.46,7986.5278,0.73,13.73,4.37,4.76,5.15,5.8,6.06,5.23,16.64
20140103,4.9,4.9,4.71,4.84,4.9,-0.06,-1.22,19858.72,9524.8086,0.73,13.73,4.37,4.76,5.15,5.8,6.06,5.23,16.19
20140102,4.88,4.92,4.85,4.9,4.87,0.03,0.62,12313.21,6022.8501,0.73,13.73,4.37,4.76,5.15,5.8,6.06,5.23,24.84
20131231,4.9,4.9,4.81,4.87,4.91,-0.04,-0.81,10739.16,5214.3602,0.73,13.73,4.37,4.76,5.15,5.8,6.06,5.23,15.86
20131230,4.92,4.94,4.86,4.91,4.93,-0.02,-0.41,12011.51,5868.2044,0.73,13.73,4.37,4.76,5.15,5.8,6.06,5.23,24.3
20131227,4.88,4.93,4.8,4.93,4.92,0.01,0.2,18398.42,8963.5807,0.73,13.73,4.37,4.76,5.15,5.8,6.06,5.24,24.02
20131226,4.96,4.98,4.75,4.92,4.98,-0.06,-1.2,39019.48,19040.2679,0.73,13.73,4.37,4.76,5.15,5.8,6.06,5.24,23.57
20131225,4.99,5.04,4.94,4.98,5.03,-0.05,-0.99,17202.68,8553.42,0.73,13.73,4.37,4.89,5.15,5.8,6.06,5.24,22.57
20131224,5.02,5.08,4.99,5.03,5.09,-0.06,-1.18,13719.99,6897.4823,0.73,13.73,4.37,4.89,5.15,5.8,6.06,5.24,43.06
20131223,5.1,5.11,4.91,5.09,5.1,-0.01,-0.2,26766.18,13361.2717,0.73,13.73,4.37,4.76,5.15,5.8,6.06,5.25,42.86
20131220,5.17,5.18,5.02,5.1,5.19,-0.09,-1.73,23959.77,12182.5111,0.73,13.73,4.37,4.76,5.15,5.8,6.06,5.25,42.39
20131219,5.28,5.29,5.13,5.19,5.31,-0.12,-2.26,28108.1,14579.803,0.73,13.73,4.37,4.76,5.15,5.8,6.06,5.25,57.14
20131218,5.24,5.32,5.08,5.31,5.33,-0.02,-0.38,65140.83,33721.1127,0.73,13.73,4.37,4.76,5.15,5.8,6.06,5.25,66.17
20131217,5.2,5.5,5.19,5.33,5.13,0.2,3.9,134554.41,72061.9607,0.73,13.73,4.37,4.76,5.15,5.8,6.06,5.25,65.5
20131216,5.1,5.28,5.06,5.13,5.1,0.03,0.59,42155.89,21802.9074,0.73,13.73,4.37,4.76,5.15,5.93,6.06,5.25,45.62
20131213,5.1,5.12,5.03,5.1,5.14,-0.04,-0.78,21826.99,11043.0588,0.73,13.73,4.37,4.76,5.15,5.93,6.06,5.25,46.13
20131212,5.23,5.23,5.1,5.14,5.22,-0.08,-1.53,27450.16,14124.6245,0.73,13.73,4.37,4.76,5.15,5.93,6.19,5.25,45.92
20131211,5.13,5.24,5.12,5.22,5.12,0.1,1.95,31164.65,16174.1123,0.73,13.73,4.37,4.76,5.15,5.93,6.19,5.25,58.45
20131210,5.12,5.19,5.1,5.12,5.17,-0.05,-0.97,15671.51,8039.7455,0.73,13.73,4.37,4.76,5.15,5.93,6.19,5.25,46.63
20131209,5.16,5.23,5.1,5.17,5.18,-0.01,-0.19,20612.51,10639.6207,0.73,13.73,4.37,4.76,5.15,5.93,6.19,5.25,57.99
20131206,5.04,5.28,5.04,5.18,5.07,0.11,2.17,43389.73,22349.705,0.73,13.73,4.37,4.76,5.15,5.93,6.19,5.25,57.81
20131205,5.06,5.07,5.02,5.07,5.06,0.01,0.2,15811.13,7991.592,0.73,13.73,4.37,4.63,5.15,5.93,6.19,5.25,47.44
20131204,5.07,5.08,5.0,5.06,5.04,0.02,0.4,31397.48,15862.4196,0.73,13.73,4.37,4.63,5.15,5.93,6.19,5.25,47.3
20131203,4.99,5.11,4.96,5.04,5.05,-0.01,-0.2,26942.07,13600.4027,0.73,13.73,4.37,4.63,5.15,5.93,6.19,5.25,46.87
20131202,5.01,5.08,4.98,5.05,5.22,-0.17,-3.26,50756.35,25530.7635,0.73,13.73,4.37,4.63,5.15,5.93,6.19,5.25,46.49
20131129,5.17,5.39,5.15,5.22,5.07,0.15,2.96,77787.7,40806.9176,0.73,13.73,4.37,4.63,5.15,5.93,6.19,5.26,55.57
20131128,5.03,5.09,5.02,5.07,5.03,0.04,0.8,17581.4,8898.834,0.73,13.73,4.24,4.63,5.15,5.93,6.19,5.26,47.04
20131127,5.01,5.04,4.99,5.03,5.01,0.02,0.4,11461.99,5754.9825,0.73,13.73,4.24,4.63,5.15,5.93,6.19,5.26,46.9
20131126,5.01,5.04,4.99,5.01,5.0,0.01,0.2,10946.1,5486.3933,0.73,13.73,4.24,4.63,5.15,5.93,6.19,5.26,27.68
20131125,5.0,5.03,4.99,5.0,5.0,0.0,0.0,13552.91,6783.147,0.73,13.73,4.24,4.63,5.15,5.93,6.19,5.26,27.62
20131122,5.01,5.08,4.92,5.0,5.01,-0.01,-0.2,18171.88,9123.3762,0.73,13.73,4.24,4.63,5.15,5.93,6.19,5.26,27.54
20131121,5.01,5.04,4.98,5.01,5.04,-0.03,-0.6,23213.85,11612.4195,0.73,13.73,4.24,4.63,5.15,5.93,6.19,5.26,27.64
20131120,5.11,5.11,4.98,5.04,5.09,-0.05,-0.98,26309.54,13232.9635,0.73,13.73,4.24,4.63,5.15,5.93,6.19,5.27,45.74
20131119,5.1,5.11,5.05,5.09,5.1,-0.01,-0.2,17741.76,9035.017,0.73,13.73,4.24,4.63,5.15,5.93,6.19,5.27,45.36
20131118,5.1,5.17,5.0,5.1,5.1,0.0,0.0,38213.53,19498.3069,0.73,13.73,4.24,4.63,5.15,5.93,6.19,5.27,45.2
20131115,5.01,5.14,5.01,5.1,5.04,0.06,1.19,19111.77,9751.4388,0.73,13.73,4.24,4.63,5.15,5.93,6.19,5.27,44.98
20131114,4.98,5.06,4.98,5.04,5.0,0.04,0.8,9179.42,4618.9257,0.73,13.73,4.24,4.63,5.15,5.93,6.19,5.27,44.72
20131113,5.01,5.08,4.96,5.0,5.03,-0.03,-0.6,10816.5,5415.4437,0.73,13.73,4.24,4.63,5.15,5.93,6.19,5.27,28.22
20131112,5.01,5.05,4.98,5.03,5.02,0.01,0.2,10586.01,5312.409,0.73,13.73,4.24,4.63,5.15,5.93,6.19,5.27,44.4
20131111,5.03,5.05,4.98,5.02,5.03,-0.01,-0.2,9805.61,4910.169,0.73,13.73,4.24,4.63,5.15,5.93,6.19,5.27,28.21
20131108,4.99,5.03,4.98,5.03,4.99,0.04,0.8,16020.0,8011.1311,0.73,13.73,4.24,4.63,5.15,5.93,6.19,5.27,44.08
20131107,5.06,5.06,4.99,4.99,5.04,-0.05,-0.99,10001.29,5022.8269,0.73,13.73,4.24,4.63,5.15,5.93,6.19,5.28,28.09
20131106,5.06,5.15,5.02,5.04,5.08,-0.04,-0.79,18844.67,9591.8029,0.73,13.73,4.24,4.63,5.15,5.93,6.19,5.28,43.69
20131105,5.05,5.09,4.95,5.08,5.04,0.04,0.79,16886.58,8495.0972,0.73,13.73,4.24,4.63,5.15,5.93,6.19,5.28,43.49
20131104,4.99,5.05,4.98,5.04,4.98,0.06,1.2,13147.61,6597.1456,0.73,13.73,4.24,4.63,5.15,5.93,6.19,5.28,43.26
20131101,4.86,5.04,4.82,4.98,4.86,0.12,2.47,24914.24,12291.0822,0.73,13.73,4.24,4.5,5.15,5.93,6.19,5.28,28.49
20131031,4.85,4.9,4.76,4.86,4.87,-0.01,-0.21,19323.2,9372.9137,0.73,13.73,4.24,4.5,5.15,5.93,6.19,5.28,21.05
20131030,4.78,4.9,4.71,4.87,4.8,0.07,1.46,26800.54,12785.9834,0.73,13.73,4.24,4.5,5.15,5.93,6.19,5.29,20.89
20131029,4.83,4.84,4.6,4.8,4.82,-0.02,-0.41,19519.49,9256.4167,0.73,13.73,4.24,4.5,5.15,5.93,6.19,5.29,20.49
20131028,4.8,4.83,4.75,4.82,4.8,0.02,0.42,9730.89,4663.5664,0.73,13.73,4.24,4.5,5.28,5.93,6.19,5.29,19.97
20131025,4.9,4.93,4.74,4.8,4.9,-0.1,-2.04,16231.0,7838.6366,0.73,13.73,4.24,4.5,5.28,5.93,6.19,5.29,19.75
20131024,4.97,5.0,4.89,4.9,4.98,-0.08,-1.61,17641.4,8723.6841,0.73,13.73,4.24,4.5,5.28,5.93,6.19,5.3,25.98
20131023,5.1,5.1,4.98,4.98,5.1,-0.12,-2.35,21864.26,10986.7344,0.73,13.73,4.24,4.5,5.28,5.93,6.19,5.3,25.67
20131022,5.07,5.15,5.02,5.1,5.08,0.02,0.39,24590.14,12515.3105,0.73,13.73,4.24,4.5,5.28,5.93,6.19,5.3,40.06
20131021,5.02,5.12,4.99,5.08,5.04,0.04,0.79,33437.83,16963.3387,0.73,13.73,4.24,4.5,5.28,5.93,6.19,5.3,39.77
20131018,5.07,5.11,5.01,5.04,5.08,-0.04,-0.79,15479.25,7802.8496,0.73,13.73,4.24,4.5,5.28,5.93,6.19,5.31,39.22
20131017,5.09,5.1,5.0,5.08,5.08,0.0,0.0,27441.63,13834.6565,0.73,13.73,4.24,4.5,5.28,5.93,6.19,5.31,38.98
20131016,5.23,5.24,5.0,5.08,5.23,-0.15,-2.87,25788.33,13137.6372,0.73,13.73,4.24,4.5,5.28,5.93,6.19,5.31,38.52
20131015,5.24,5.27,5.17,5.23,5.27,-0.04,-0.76,16533.93,8627.7963,0.73,13.73,4.24,4.5,5.28,5.93,6.19,5.31,46.45
20131014,5.23,5.27,5.13,5.27,5.22,0.05,0.96,30460.81,15767.5673,0.73,13.73,4.24,4.5,5.28,5.93,6.19,5.31,46.29
20131011,5.18,5.24,5.17,5.22,5.18,0.04,0.77,17411.14,9073.1826,0.73,13.73,4.24,4.5,5.28,5.93,6.19,5.31,45.87
20131010,5.27,5.27,5.06,5.18,5.28,-0.1,-1.89,19824.88,10316.8449,0.73,13.73,4.24,4.5,5.28,5.93,6.19,5.31,45.7
20131009,5.38,5.38,5.24,5.28,5.37,-0.09,-1.68,31220.71,16469.2655,0.73,13.73,4.24,4.5,5.28,5.93,6.19,5.31,45.42
20131008,5.31,5.44,5.24,5.37,5.31,0.06,1.13,18119.45,9694.7818,0.73,13.73,4.24,4.5,5.28,5.93,6.19,5.31,50.84
20130930,5.39,5.49,5.28,5.31,5.39,-0.08,-1.48,21499.35,11510.8568,0.73,13.73,4.24,4.5,5.28,5.93,6.19,5.31,50.77
20130927,5.33,5.48,5.28,5.39,5.38,0.01,0.19,20877.94,11235.7152,0.73,13.73,4.24,4.5,5.28,5.93,6.19,5.31,50.83
20130926,5.48,5.52,5.32,5.38,5.53,-0.15,-2.71,32106.27,17291.9669,0.73,13.73,4.24,4.5,5.28,5.93,6.19,5.31,50.88
20130925,5.53,5.79,5.52,5.53,5.62,-0.09,-1.6,57209.5,32446.147,0.73,13.73,4.24,4.5,5.28,5.93,6.19,5.31,55.18
20130924,5.54,5.69,5.45,5.62,5.55,0.07,1.26,65801.25,36591.2272,0.73,13.73,4.24,4.5,5.28,5.93,6.19,5.3,62.68
20130923,5.26,5.6,5.26,5.55,5.28,0.27,5.11,85251.08,46501.1373,0.73,13.73,4.24,4.5,5.28,5.93,6.19,5.3,62.71
20130918,5.11,5.44,5.01,5.28,5.1,0.18,3.53,74330.05,39127.3613,0.73,13.73,4.24,4.5,5.15,5.93,6.19,5.29,50.68
20130917,4.93,5.1,4.92,5.1,4.97,0.13,2.62,43539.22,21845.6624,0.73,13.73,4.24,4.5,5.15,5.93,6.19,5.3,44.61
20130916,4.94,4.98,4.87,4.97,4.94,0.03,0.61,17731.22,8711.2424,0.73,13.73,4.24,4.5,5.28,5.93,6.19,5.3,31.51
20130913,4.97,5.0,4.86,4.94,4.98,-0.04,-0.8,23412.82,11514.0662,0.73,13.73,4.24,4.5,5.28,5.93,6.19,5.3,31.16
20130912,5.01,5.08,4.98,4.98,5.05,-0.07,-1.39,21254.93,10673.5072,0.73,13.73,4.24,4.5,5.28,5.93,6.19,5.31,30.67
20130911,5.03,5.09,4.99,5.05,5.03,0.02,0.4,33554.65,16927.1745,0.73,13.73,4.24,4.5,5.28,5.93,6.19,5.31,42.81
20130910,5.07,5.12,4.99,5.03,5.07,-0.04,-0.79,31754.9,16013.8984,0.73,13.73,4.24,4.5,5.28,5.93,6.19,5.31,42.28
20130909,4.96,5.14,4.94,5.07,4.99,0.08,1.6,51379.99,26038.3258,0.73,13.73,4.24,4.5,5.28,5.93,6.19,5.31,41.79
20130906,4.95,5.03,4.89,4.99,4.96,0.03,0.6,25063.59,12384.5911,0.73,13.73,4.24,4.5,5.41,5.93,6.19,5.32,31.53
20130905,5.07,5.1,4.95,4.96,5.11,-0.15,-2.94,32276.98,16120.3099,0.73,13.73,4.24,4.5,5.41,5.93,6.19,5.32,31.43
20130904,5.29,5.3,5.06,5.11,5.25,-0.14,-2.67,45790.71,23471.4892,0.73,13.73,4.24,4.5,5.41,5.93,6.19,5.33,39.94
20130903,5.02,5.34,5.01,5.25,5.04,0.21,4.17,65778.17,34460.5915,0.73,13.73,4.24,4.5,5.41,6.06,6.19,5.33,45.0
20130902,5.1,5.12,4.94,5.04,5.12,-0.08,-1.56,20788.51,10436.2396,0.73,13.73,4.24,4.37,5.54,6.06,6.19,5.33,40.37
20130830,5.03,5.2,4.93,5.12,5.03,0.09,1.79,51934.15,26631.954,0.73,13.73,4.24,4.37,5.54,6.06,6.19,5.33,40.01
20130829,5.0,5.15,4.95,5.03,5.05,-0.02,-0.4,29635.35,14992.3483,0.73,13.73,4.24,4.37,5.54,6.06,6.19,5.34,39.61
20130828,5.0,5.13,4.89,5.05,5.03,0.02,0.4,41529.83,20825.4012,0.73,13.73,4.24,4.37,5.54,6.06,6.19,5.34,39.11
20130827,5.05,5.06,4.97,5.03,5.01,0.02,0.4,15658.83,7848.1055,0.73,13.73,4.24,4.37,5.54,6.06,6.19,5.35,38.33
20130826,4.88,5.05,4.85,5.01,4.86,0.15,3.09,30335.4,15146.0849,0.73,13.73,4.24,4.37,5.54,6.06,6.19,5.35,33.01
20130823,4.99,5.07,4.73,4.86,4.98,-0.12,-2.41,16098.66,7882.2092,0.73,13.73,4.24,4.37,5.54,6.06,6.19,5.35,29.33
20130822,4.95,5.08,4.91,4.98,4.96,0.02,0.4,15217.01,7606.0377,0.73,13.73,4.24,4.37,5.54,6.06,6.19,5.36,32.47
20130821,4.92,4.98,4.88,4.96,4.92,0.04,0.81,10276.53,5068.0186,0.73,13.73,4.24,4.37,5.54,6.06,6.19,5.36,32.41
20130820,4.89,5.01,4.87,4.92,4.87,0.05,1.03,15282.67,7538.6597,0.73,13.73,4.24,4.37,5.54,6.06,6.19,5.36,32.21
20130819,4.84,4.91,4.78,4.87,4.85,0.02,0.41,19853.83,9606.3468,0.73,13.73,4.24,4.37,5.54,6.06,6.19,5.36,29.63
20130816,4.92,5.13,4.82,4.85,4.96,-0.11,-2.22,26424.75,13118.831,0.73,13.73,4.24,4.37,5.54,6.06,6.19,5.36,29.53
20130815,5.1,5.1,4.93,4.96,5.1,-0.14,-2.75,23116.45,11594.5427,0.73,13.73,4.24,4.37,5.54,6.06,6.19,5.37,31.2
20130814,5.08,5.16,5.02,5.1,5.14,-0.04,-0.78,35106.93,17806.5227,0.73,13.73,4.24,4.37,5.67,6.06,6.19,5.37,34.78
20130813,5.07,5.23,5.04,5.14,5.17,-0.03,-0.58,50894.95,26054.5792,0.73,13.73,4.24,4.37,5.67,6.06,6.19,5.37,34.67
20130812,4.89,5.36,4.76,5.17,4.88,0.29,5.94,133689.94,67651.9558,0.73,13.73,4.24,4.37,5.67,6.06,6.19,5.38,36.3
20130809,4.44,4.88,4.42,4.88,4.44,0.44,9.91,70278.08,32963.3137,0.73,13.73,4.24,4.37,5.67,6.06,6.19,5.39,32.2
20130808,4.41,4.47,4.37,4.44,4.42,0.02,0.45,18012.76,7952.7948,0.73,13.73,4.24,4.37,5.67,6.06,6.19,5.41,18.29
20130807,4.46,4.5,4.42,4.42,4.5,-0.08,-1.78,20778.0,9246.828,0.73,13.73,4.24,4.37,5.67,6.06,6.19,5.42,17.95
20130806,4.46,4.5,4.42,4.5,4.44,0.06,1.35,17958.01,7991.8219,0.73,13.73,4.24,4.37,5.67,6.06,6.19,5.42,17.54
20130805,4.32,4.49,4.32,4.44,4.36,0.08,1.83,24202.19,10757.7129,0.73,13.73,4.24,4.37,5.67,6.06,6.19,5.43,17.18
20130802,4.37,4.41,4.31,4.36,4.35,0.01,0.23,22469.59,9796.1487,0.73,13.73,4.24,4.37,5.67,6.06,6.19,5.44,9.48
20130801,4.28,4.38,4.26,4.35,4.3,0.05,1.16,16272.39,7060.269,0.73,13.73,4.24,4.37,5.67,6.06,6.19,5.45,9.2
20130731,4.18,4.33,4.15,4.3,4.2,0.1,2.38,21320.1,9098.3993,0.73,13.73,4.24,4.37,5.67,6.06,6.19,5.45,8.99
20130730,4.13,4.24,4.07,4.2,4.12,0.08,1.94,23248.7,9643.3893,0.73,13.73,4.24,4.5,5.67,6.06,6.19,5.46,3.77
20130729,4.25,4.25,4.1,4.12,4.25,-0.13,-3.06,16902.6,7032.7038,0.73,13.73,4.24,4.5,5.67,6.06,6.19,5.47,3.09
20130726,4.31,4.34,4.23,4.25,4.31,-0.06,-1.39,14486.87,6194.6686,0.73,13.73,4.24,4.5,5.67,6.06,6.19,5.48,7.13
20130725,4.38,4.4,4.28,4.31,4.39,-0.08,-1.82,19179.69,8327.8623,0.73,13.73,4.24,4.5,5.67,6.06,6.19,5.49,6.73
20130724,4.4,4.44,4.28,4.39,4.4,-0.01,-0.23,28004.77,12174.7862,0.73,13.73,4.24,4.5,5.67,6.06,6.19,5.49,12.72
20130723,4.33,4.46,4.28,4.4,4.3,0.1,2.33,34191.02,14963.2178,0.73,13.73,4.24,4.5,5.67,6.06,6.19,5.51,11.92
20130722,4.3,4.35,4.23,4.3,4.35,-0.05,-1.15,21697.09,9302.0497,0.73,13.73,4.24,4.5,5.8,6.06,6.19,5.52,6.02
20130719,4.31,4.38,4.25,4.35,4.34,0.01,0.23,40261.02,17297.4429,0.73,13.73,4.24,4.5,5.8,6.06,6.19,5.53,5.4
20130718,4.44,4.44,4.21,4.34,4.44,-0.1,-2.25,36732.92,15890.2355,0.73,13.73,4.37,4.5,5.8,6.06,6.19,5.55,4.84
20130717,4.51,4.53,4.43,4.44,4.52,-0.08,-1.77,29602.91,13262.7635,0.73,13.73,4.37,4.5,5.8,6.06,6.32,5.56,8.01
20130716,4.49,4.56,4.46,4.52,4.49,0.03,0.67,35296.92,15914.7646,0.73,13.73,4.37,4.5,5.8,6.06,6.32,5.57,15.33
20130715,4.5,4.56,4.39,4.49,4.49,0.0,0.0,23409.21,10500.2087,0.73,13.73,4.37,4.63,5.8,6.06,6.32,5.59,7.56
20130712,4.44,4.58,4.38,4.49,4.44,0.05,1.13,33116.41,14818.5385,0.73,13.73,4.37,4.63,5.8,6.06,6.32,5.59,7.25
20130711,4.28,4.56,4.26,4.44,4.29,0.15,3.5,37496.5,16580.355,0.73,13.73,4.37,4.63,5.8,6.06,6.32,5.61,6.82
20130710,4.2,4.3,4.07,4.29,4.22,0.07,1.66,43914.3,18406.7174,0.73,13.73,4.37,4.63,5.8,6.06,6.32,5.62,4.14
20130709,4.28,4.28,4.06,4.22,4.23,-0.01,-0.24,29025.84,12079.8338,0.73,13.73,4.5,4.76,5.8,6.06,6.32,5.65,1.73
20130708,4.52,4.52,4.21,4.23,4.58,-0.35,-7.64,35509.92,15456.214,0.73,13.73,4.5,5.02,5.8,6.06,6.32,5.66,1.11
20130705,4.51,4.61,4.5,4.58,4.5,0.08,1.78,32444.41,14822.8561,0.73,13.73,4.5,5.15,5.8,6.06,6.32,5.68,8.36
20130704,4.43,4.57,4.4,4.5,4.46,0.04,0.9,33068.18,14876.9011,0.73,13.73,4.5,5.28,5.8,6.06,6.32,5.69,2.7
20130703,4.56,4.58,4.38,4.46,4.6,-0.14,-3.04,33629.98,14955.8766,0.73,13.73,4.5,5.28,5.8,6.06,6.32,5.7,2.57
20130702,4.48,4.61,4.48,4.6,4.54,0.06,1.32,21114.46,9567.9277,0.73,13.73,4.5,5.41,5.8,6.06,6.32,5.72,5.62
20130701,4.52,4.57,4.42,4.54,4.59,-0.05,-1.09,24153.24,10863.1701,0.73,13.73,4.5,5.41,5.8,6.06,6.32,5.73,5.01
20130628,4.41,4.68,4.33,4.59,4.5,0.09,2.0,44786.81,20348.1235,0.73,13.73,4.63,5.41,5.8,6.06,6.32,5.74,4.31
20130627,4.63,4.75,4.37,4.5,4.65,-0.15,-3.23,37250.08,17287.7238,0.73,13.73,4.63,5.41,5.8,6.06,6.32,5.76,1.45
20130626,4.7,4.78,4.54,4.65,4.75,-0.1,-2.11,44087.73,20577.9662,0.73,13.73,4.76,5.41,5.8,6.06,6.32,5.77,4.7
20130625,4.8,4.92,4.46,4.75,4.96,-0.21,-4.23,98988.49,45393.7969,0.73,13.73,4.89,5.54,5.8,6.06,6.32,5.79,3.79
20130624,5.41,5.44,4.91,4.96,5.45,-0.49,-8.99,61123.96,31136.2052,0.73,13.73,5.28,5.54,5.8,6.06,6.32,5.83,1.77
20130621,5.61,5.68,5.3,5.45,5.74,-0.29,-5.05,66982.83,36930.7847,0.73,13.73,5.41,5.54,5.8,6.06,6.32,5.85,8.7
20130620,5.95,6.08,5.72,5.74,6.03,-0.29,-4.81,51433.17,30467.8838,0.73,13.73,5.41,5.54,5.8,6.06,6.32,5.85,32.42
20130619,5.99,6.13,5.9,6.03,6.03,0.0,0.0,70905.4,42833.8148,0.73,13.73,5.41,5.54,5.8,6.06,6.32,5.85,72.54
20130618,6.01,6.07,5.88,6.03,5.99,0.04,0.67,55415.39,33264.8704,0.73,13.73,5.41,5.54,5.8,6.06,6.32,5.85,72.78
20130617,5.87,6.01,5.87,5.99,5.88,0.11,1.87,55845.43,33260.0004,0.73,13.73,5.41,5.54,5.8,6.06,6.32,5.85,72.98
20130614,5.72,5.95,5.68,5.88,5.75,0.13,2.26,32822.44,19194.8836,0.73,13.73,5.41,5.54,5.8,6.06,6.32,5.85,52.82
20130613,5.75,5.84,5.6,5.75,5.82,-0.07,-1.2,41342.07,23610.6886,0.73,13.73,5.41,5.54,5.8,6.06,6.32,5.85,35.25
20130607,6.02,6.08,5.73,5.82,6.05,-0.23,-3.8,49264.42,28906.5977,0.73,13.73,5.41,5.54,5.8,6.06,6.45,5.85,52.09
20130606,5.92,6.08,5.9,6.05,5.96,0.09,1.51,50777.71,30498.6012,0.73,13.73,5.41,5.54,5.8,6.06,6.45,5.85,71.93
20130605,5.9,5.98,5.87,5.96,5.96,0.0,0.0,35882.58,21247.3175,0.73,13.73,5.41,5.54,5.8,6.06,6.45,5.85,72.11
20130604,6.08,6.14,5.95,5.96,6.11,-0.15,-2.46,48732.86,29262.7856,0.73,13.73,5.41,5.54,5.8,6.06,6.45,5.85,71.85
20130603,6.07,6.29,6.04,6.11,6.1,0.01,0.16,105782.45,65356.6015,0.73,13.73,5.41,5.54,5.8,6.06,6.45,5.84,86.81
20130531,5.94,6.32,5.93,6.1,5.94,0.16,2.69,138728.7,85406.1155,0.73,13.73,5.41,5.54,5.8,6.06,6.45,5.83,87.76
20130530,5.96,5.99,5.91,5.94,6.0,-0.06,-1.0,34549.39,20535.8513,0.73,13.73,5.41,5.54,5.8,6.06,6.45,5.82,78.11
20130529,5.98,6.05,5.89,6.0,5.97,0.03,0.5,55496.09,33033.314,0.73,13.73,5.41,5.54,5.8,6.06,6.45,5.82,78.01
20130528,5.95,6.0,5.87,5.97,5.94,0.03,0.51,55168.4,32832.504,0.73,13.73,5.41,5.54,5.8,6.06,6.45,5.82,77.85
20130527,5.8,5.98,5.78,5.94,5.8,0.14,2.41,77416.25,45740.1282,0.73,13.73,5.41,5.54,5.8,6.06,6.45,5.82,77.67
20130524,5.68,5.82,5.65,5.8,5.69,0.11,1.93,37242.59,21380.023,0.73,13.73,5.41,5.54,5.8,6.06,6.45,5.82,43.25
20130523,5.82,5.82,5.66,5.69,5.83,-0.14,-2.4,38631.84,22182.2234,0.73,13.73,5.41,5.54,5.8,6.06,6.45,5.82,43.0
20130522,5.8,5.88,5.75,5.83,5.82,0.01,0.17,47818.7,27849.8971,0.73,13.73,5.41,5.54,5.8,6.06,6.58,5.82,60.27
20130521,5.72,5.84,5.68,5.82,5.73,0.09,1.57,57382.38,33089.491,0.73,13.73,5.41,5.54,5.8,6.06,6.58,5.82,59.83
20130520,5.68,5.75,5.65,5.73,5.7,0.03,0.53,39609.65,22590.8759,0.73,13.73,5.41,5.54,5.8,6.06,6.58,5.82,43.22
20130517,5.63,5.73,5.59,5.7,5.64,0.06,1.06,42439.2,24111.1678,0.73,13.73,5.41,5.54,5.8,6.06,6.58,5.82,42.6
20130516,5.53,5.69,5.5,5.64,5.55,0.09,1.62,38567.46,21562.6418,0.73,13.73,5.41,5.54,5.8,6.06,6.58,5.82,25.13
20130515,5.61,5.64,5.5,5.55,5.61,-0.06,-1.07,29081.37,16165.0495,0.73,13.73,5.41,5.54,5.8,6.06,6.58,5.83,24.61
20130514,5.56,5.67,5.54,5.61,5.58,0.03,0.54,26698.4,14985.7411,0.73,13.73,5.41,5.54,5.8,6.06,6.58,5.83,23.96
20130513,5.68,5.7,5.55,5.58,5.67,-0.09,-1.59,26244.83,14665.1299,0.73,13.73,5.41,5.54,5.8,6.06,6.58,5.83,23.47
20130510,5.64,5.68,5.56,5.67,5.64,0.03,0.53,36458.54,20504.1541,0.73,13.73,5.41,5.54,5.8,6.06,6.58,5.83,23.26
20130509,5.78,5.79,5.58,5.64,5.78,-0.14,-2.42,35088.44,19922.3005,0.73,13.73,5.28,5.54,5.8,6.06,6.58,5.84,22.99
20130508,5.7,5.85,5.7,5.78,5.69,0.09,1.58,38819.38,22490.3352,0.73,13.73,5.28,5.54,5.8,6.06,6.58,5.84,38.23
20130507,5.76,5.78,5.69,5.69,5.78,-0.09,-1.56,26855.06,15364.4273,0.73,13.73,5.28,5.54,5.8,6.06,6.58,5.84,38.15
20130506,5.69,5.81,5.69,5.78,5.73,0.05,0.87,33559.65,19326.3776,0.73,13.73,5.28,5.54,5.8,6.06,6.58,5.84,37.81
20130503,5.56,5.76,5.56,5.73,5.61,0.12,2.14,32975.58,18768.7878,0.73,13.73,5.28,5.54,5.8,6.06,6.58,5.84,37.71
20130502,5.6,5.65,5.52,5.61,5.61,0.0,0.0,35665.37,19951.2761,0.73,13.73,5.28,5.54,5.8,6.06,6.58,5.85,23.97
20130426,5.93,5.96,5.53,5.61,5.93,-0.32,-5.4,87755.07,50297.0381,0.73,13.73,5.28,5.54,5.8,6.06,6.58,5.85,23.17
20130425,6.05,6.19,5.9,5.93,6.1,-0.17,-2.79,69408.87,41628.4223,0.73,13.73,5.28,5.54,5.8,6.06,6.71,5.85,51.51
20130424,5.88,6.11,5.85,6.1,5.86,0.24,4.1,90659.26,54615.0757,0.73,13.73,5.28,5.54,5.8,6.06,6.71,5.85,85.13
20130423,5.92,6.11,5.83,5.86,5.93,-0.07,-1.18,84623.52,50497.369,0.73,13.73,5.28,5.54,5.8,6.19,6.71,5.85,54.0
20130422,5.96,6.03,5.84,5.93,6.02,-0.09,-1.5,76906.69,45469.6014,0.73,13.73,5.28,5.54,5.8,6.19,6.71,5.84,55.37
20130419,6.04,6.17,6.01,6.02,6.06,-0.04,-0.66,74121.86,45026.1156,0.73,13.73,5.28,5.54,5.8,6.19,6.71,5.84,71.37
20130418,5.93,6.12,5.92,6.06,6.0,0.06,1.0,75545.77,45459.6989,0.73,13.73,5.28,5.54,5.8,6.19,6.71,5.84,72.92
20130417,6.05,6.19,5.89,6.0,6.1,-0.1,-1.64,89784.1,54266.3327,0.73,13.73,5.28,5.54,5.8,6.19,6.71,5.83,73.21
20130416,5.95,6.15,5.89,6.1,6.06,0.04,0.66,92100.42,55502.3171,0.73,13.73,5.28,5.54,5.8,6.19,6.71,5.83,83.44
20130415,6.04,6.21,5.97,6.06,6.11,-0.05,-0.82,136496.08,83319.3698,0.73,13.73,5.28,5.54,5.8,6.19,6.71,5.83,73.95
20130412,5.69,6.2,5.6,6.11,5.77,0.34,5.89,186197.63,110749.3481,0.73,13.73,5.28,5.41,5.8,6.19,6.71,5.81,84.08
20130411,5.8,6.07,5.73,5.77,5.75,0.02,0.35,99544.98,58784.9518,0.73,13.73,5.28,5.41,5.8,6.19,6.71,5.8,49.16
20130410,5.8,5.95,5.68,5.75,5.87,-0.12,-2.04,82421.9,47805.2801,0.73,13.73,5.28,5.41,5.67,6.19,6.84,5.8,50.69
20130409,5.49,6.09,5.44,5.87,5.54,0.33,5.96,106462.87,61572.0089,0.73,13.73,5.28,5.41,5.67,6.19,6.84,5.8,67.73
20130408,5.38,5.6,5.3,5.54,5.51,0.03,0.54,35259.59,19312.6074,0.73,13.73,5.28,5.41,5.67,6.19,6.84,5.8,17.97
20130403,5.79,5.86,5.45,5.51,5.88,-0.37,-6.29,89099.47,50033.0014,0.73,13.73,5.28,5.41,5.67,6.19,6.84,5.81,17.41
20130402,5.81,6.06,5.76,5.88,5.86,0.02,0.34,119582.98,71218.3217,0.73,13.73,5.28,5.41,5.67,6.19,6.84,5.81,66.17
20130401,5.69,5.97,5.65,5.86,5.71,0.15,2.63,110651.24,64522.9053,0.73,13.73,5.28,5.41,5.67,6.32,6.84,5.81,67.41
20130329,5.56,5.75,5.5,5.71,5.63,0.08,1.42,73928.07,41830.6515,0.73,13.73,5.28,5.41,5.67,6.32,6.84,5.81,53.48
20130328,5.5,5.72,5.31,5.63,5.57,0.06,1.08,84863.09,47394.0095,0.73,13.73,5.28,5.41,5.67,6.32,6.84,5.81,35.66
20130327,5.45,5.76,5.44,5.57,5.44,0.13,2.39,74392.46,41837.8725,0.73,13.73,5.28,5.41,5.67,6.32,6.84,5.82,34.57
20130326,5.51,5.51,5.39,5.44,5.51,-0.07,-1.27,19949.89,10837.5815,0.73,13.73,5.28,5.41,5.8,6.32,6.84,5.83,19.41
20130325,5.54,5.54,5.45,5.51,5.55,-0.04,-0.72,20053.53,11012.5435,0.73,13.73,5.28,5.41,5.8,6.32,6.84,5.83,18.93
20130322,5.42,5.55,5.41,5.55,5.45,0.1,1.83,32088.33,17663.6405,0.73,13.73,5.28,5.41,5.8,6.32,6.84,5.84,32.89
20130321,5.5,5.56,5.42,5.45,5.48,-0.03,-0.55,26530.3,14539.1737,0.73,13.73,5.28,5.41,5.8,6.32,6.84,5.84,18.23
20130320,5.34,5.53,5.31,5.48,5.32,0.16,3.01,35823.2,19461.6672,0.73,13.73,5.28,5.41,5.8,6.32,6.84,5.84,17.97
20130319,5.28,5.4,5.28,5.32,5.27,0.05,0.95,13301.42,7087.7144,0.73,13.73,5.28,5.41,5.8,6.32,6.84,5.85,8.89
20130318,5.34,5.38,5.27,5.27,5.32,-0.05,-0.94,12180.12,6457.8748,0.73,13.73,5.28,5.41,5.8,6.32,6.84,5.85,3.33
20130315,5.38,5.41,5.29,5.32,5.36,-0.04,-0.75,19456.38,10400.8033,0.73,13.73,5.28,5.41,5.8,6.32,6.84,5.85,8.23
20130314,5.34,5.4,5.31,5.36,5.34,0.02,0.37,14944.28,7995.7136,0.73,13.73,5.28,5.41,5.8,6.32,6.84,5.86,7.77
20130313,5.45,5.45,5.31,5.34,5.43,-0.09,-1.66,23317.53,12503.2401,0.73,13.73,5.28,5.41,5.8,6.32,6.84,5.86,7.41
20130312,5.53,5.57,5.36,5.43,5.58,-0.15,-2.69,30977.38,16911.2269,0.73,13.73,5.28,5.54,5.8,6.32,6.84,5.86,14.66
20130311,5.46,5.61,5.31,5.58,5.45,0.13,2.39,48606.23,26528.4321,0.73,13.73,5.28,5.54,5.8,6.32,6.84,5.87,27.98
20130308,5.55,5.62,5.41,5.45,5.61,-0.16,-2.85,34476.82,19058.8914,0.73,13.73,5.28,5.54,5.8,6.32,6.84,5.88,13.28
20130307,5.4,5.76,5.34,5.61,5.41,0.2,3.7,69107.89,38414.1797,0.73,13.73,5.28,5.54,5.8,6.32,6.84,5.88,25.98
20130306,5.39,5.42,5.31,5.41,5.34,0.07,1.31,29024.7,15601.5692,0.73,13.73,5.28,5.54,5.8,6.32,6.84,5.89,7.1
20130305,5.31,5.36,5.28,5.34,5.31,0.03,0.57,30408.13,16173.826,0.73,13.73,5.28,5.54,5.8,6.45,6.84,5.89,6.71
20130304,5.67,5.69,5.25,5.31,5.72,-0.41,-7.17,68203.93,36785.7009,0.73,13.73,5.28,5.54,5.8,6.45,6.84,5.9,5.96
20130301,5.63,5.78,5.63,5.72,5.62,0.1,1.78,40654.43,23235.7363,0.73,13.73,5.28,5.54,5.8,6.45,6.84,5.91,39.86
20130228,5.54,5.64,5.54,5.62,5.54,0.08,1.44,22566.47,12650.5361,0.73,13.73,5.28,5.54,5.8,6.45,6.84,5.92,21.73
20130227,5.55,5.59,5.51,5.54,5.53,0.01,0.18,14833.09,8226.6739,0.73,13.73,5.28,5.54,5.8,6.45,6.84,5.92,9.37
20130226,5.56,5.63,5.5,5.53,5.57,-0.04,-0.72,19868.76,11047.0091,0.73,13.73,5.28,5.54,5.8,6.45,6.84,5.92,9.34
20130225,5.53,5.62,5.47,5.57,5.49,0.08,1.46,20529.05,11386.6658,0.73,13.73,5.28,5.54,5.8,6.45,6.97,5.92,20.47
20130222,5.5,5.57,5.48,5.49,5.52,-0.03,-0.54,27773.82,15316.2782,0.73,13.73,5.28,5.54,5.8,6.45,6.97,5.93,9.26
20130221,5.73,5.73,5.47,5.52,5.75,-0.23,-4.0,39734.74,22176.6779,0.73,13.73,5.28,5.54,5.8,6.45,6.97,5.93,8.91
20130220,5.69,5.76,5.65,5.75,5.68,0.07,1.23,17939.97,10243.7523,0.73,13.73,5.28,5.54,5.8,6.45,6.97,5.94,36.06
20130219,5.86,5.86,5.67,5.68,5.85,-0.17,-2.91,34176.18,19640.9553,0.73,13.73,5.28,5.54,5.8,6.45,6.97,5.94,35.73
20130218,5.92,5.92,5.78,5.85,5.89,-0.04,-0.68,31349.29,18287.2995,0.73,13.73,5.28,5.54,5.8,6.45,6.97,5.94,53.99
20130208,5.74,5.9,5.71,5.89,5.74,0.15,2.61,31733.1,18546.8502,0.73,13.73,5.28,5.54,5.8,6.45,6.97,5.94,53.62
20130207,5.75,5.76,5.67,5.74,5.72,0.02,0.35,19711.41,11281.2986,0.73,13.73,5.28,5.54,5.8,6.45,6.97,5.94,36.1
20130206,5.75,5.82,5.69,5.72,5.79,-0.07,-1.21,29629.03,17031.5176,0.73,13.73,5.28,5.54,5.8,6.45,6.97,5.95,35.84
20130205,5.52,5.79,5.45,5.79,5.58,0.21,3.76,68927.78,38702.6626,0.73,13.73,5.28,5.54,5.8,6.45,6.97,5.95,35.75
20130204,5.65,5.67,5.53,5.58,5.65,-0.07,-1.24,40734.09,22750.0515,0.73,13.73,5.28,5.54,5.8,6.45,6.97,5.96,18.44
20130201,5.61,5.73,5.61,5.65,5.65,0.0,0.0,34010.7,19256.6666,0.73,13.73,5.28,5.54,5.8,6.45,6.97,5.96,17.43
20130131,5.74,5.78,5.6,5.65,5.8,-0.15,-2.59,47744.07,27055.1288,0.73,13.73,5.28,5.54,5.8,6.45,6.97,5.97,17.1
20130130,5.9,5.9,5.75,5.8,5.91,-0.11,-1.86,44508.62,25909.1796,0.73,13.73,5.28,5.54,5.93,6.45,6.97,5.97,31.67
20130129,5.85,5.94,5.79,5.91,5.84,0.07,1.2,38129.99,22340.0234,0.73,13.73,5.28,5.54,5.93,6.45,6.97,5.97,48.66
20130128,5.7,5.85,5.7,5.84,5.73,0.11,1.92,32898.95,19101.0641,0.73,13.73,5.28,5.54,5.93,6.58,6.97,5.98,48.47
20130125,5.78,5.89,5.72,5.73,5.83,-0.1,-1.72,36388.44,20962.4584,0.73,13.73,5.28,5.54,5.93,6.58,6.97,5.98,32.47
20130124,5.96,6.05,5.81,5.83,5.97,-0.14,-2.35,49093.16,29158.554,0.73,13.73,5.28,5.54,5.93,6.58,6.97,5.98,47.43
20130123,6.15,6.15,5.91,5.97,6.11,-0.14,-2.29,47233.38,28369.5945,0.73,13.73,5.28,5.54,5.93,6.58,6.97,5.98,58.04
20130122,6.07,6.23,6.03,6.11,6.01,0.1,1.66,75555.73,46390.061,0.73,13.73,5.28,5.54,5.93,6.58,6.97,5.98,66.92
20130121,6.08,6.14,6.0,6.01,6.1,-0.09,-1.48,46824.01,28298.4771,0.73,13.73,5.28,5.54,5.93,6.58,6.97,5.98,59.3
20130118,6.09,6.15,6.02,6.1,6.08,0.02,0.33,41650.22,25353.8317,0.73,13.73,5.28,5.54,5.8,6.58,6.97,5.98,66.63
20130117,6.1,6.25,6.0,6.08,6.16,-0.08,-1.3,59614.49,36472.4824,0.73,13.73,5.28,5.54,5.8,6.58,6.97,5.98,66.35
20130116,5.96,6.49,5.95,6.16,5.99,0.17,2.84,130448.7,80924.1772,0.73,13.73,5.28,5.54,5.8,6.58,6.97,5.98,66.44
20130115,5.98,6.02,5.89,5.99,5.99,0.0,0.0,76995.18,45942.0546,0.73,13.73,5.28,5.54,5.8,6.58,6.97,5.97,64.14
20130114,5.72,6.05,5.65,5.99,5.74,0.25,4.36,121654.84,71658.1093,0.73,13.73,5.28,5.54,5.8,6.71,6.97,5.97,63.52
20130111,5.89,5.92,5.73,5.74,5.88,-0.14,-2.38,63777.0,37009.291,0.73,13.73,5.28,5.54,5.8,6.71,6.97,5.97,39.19
20130110,5.71,5.89,5.69,5.88,5.71,0.17,2.98,79070.73,46072.8255,0.73,13.73,5.28,5.54,5.8,6.71,6.97,5.98,54.83
20130109,5.75,5.77,5.65,5.71,5.75,-0.04,-0.7,42326.52,24203.3608,0.73,13.73,5.28,5.54,5.8,6.71,6.97,5.98,40.54
20130108,5.68,5.76,5.66,5.75,5.72,0.03,0.52,31245.3,17837.0465,0.73,13.73,5.28,5.54,5.8,6.71,6.97,5.99,39.84
20130107,5.66,5.76,5.63,5.72,5.69,0.03,0.53,34927.37,19920.669,0.73,13.73,5.28,5.54,5.8,6.71,6.97,5.99,39.32
20130104,5.88,5.88,5.62,5.69,5.81,-0.12,-2.07,59083.27,33743.7194,0.73,13.73,5.28,5.54,5.8,6.71,6.97,5.99,38.73
20121231,5.83,5.89,5.73,5.81,5.83,-0.02,-0.34,46124.49,26888.0481,0.73,13.73,5.28,5.54,5.8,6.71,6.97,6.0,51.27
20121228,5.74,5.86,5.71,5.83,5.79,0.04,0.69,41904.1,24278.6629,0.73,13.73,5.28,5.54,5.8,6.71,6.97,6.0,50.68
20121227,5.74,5.87,5.74,5.79,5.77,0.02,0.35,63141.24,36681.7967,0.73,13.73,5.28,5.54,5.8,6.71,7.1,6.01,38.52
20121226,5.72,5.8,5.7,5.77,5.72,0.05,0.87,43583.36,25047.8889,0.73,13.73,5.28,5.54,5.93,6.71,7.1,6.01,39.1
20121225,5.57,5.77,5.53,5.72,5.57,0.15,2.69,44106.78,25163.6757,0.73,13.73,5.28,5.54,5.93,6.71,7.1,6.02,38.53
20121224,5.55,5.6,5.48,5.57,5.56,0.01,0.18,28465.5,15772.876,0.73,13.73,5.28,5.54,5.93,6.71,7.1,6.02,25.32
20121221,5.66,5.68,5.51,5.56,5.65,-0.09,-1.59,33433.03,18677.9927,0.73,13.73,5.28,5.54,5.93,6.71,7.1,6.03,24.69
20121220,5.68,5.79,5.57,5.65,5.72,-0.07,-1.22,37390.36,21157.694,0.73,13.73,5.28,5.54,5.93,6.71,7.1,6.03,24.23
20121219,5.64,5.95,5.62,5.72,5.67,0.05,0.88,46198.36,26804.3568,0.73,13.73,5.28,5.54,5.93,6.71,7.1,6.04,35.63
20121218,5.72,5.87,5.64,5.67,5.77,-0.1,-1.73,36185.7,20774.1013,0.73,13.73,5.28,5.54,5.93,6.71,7.1,6.04,24.27
20121217,5.77,6.01,5.75,5.77,5.79,-0.02,-0.35,60633.1,35499.9166,0.73,13.73,5.28,5.54,5.93,6.71,7.1,6.05,35.39
20121214,5.45,5.95,5.45,5.79,5.54,0.25,4.51,70498.04,40691.1457,0.73,13.73,5.28,5.54,5.93,6.71,7.1,6.05,35.98
20121213,5.53,5.6,5.49,5.54,5.53,0.01,0.18,17778.25,9853.7077,0.73,13.73,5.15,5.41,6.06,6.71,7.1,6.06,15.1
20121212,5.54,5.61,5.48,5.53,5.6,-0.07,-1.25,22435.45,12423.0384,0.73,13.73,5.15,5.41,6.06,6.71,7.1,6.06,15.09
20121211,5.6,5.76,5.59,5.6,5.63,-0.03,-0.53,31534.28,17869.7388,0.73,13.73,5.15,5.41,6.06,6.71,7.1,6.07,24.13
20121210,5.6,5.66,5.54,5.63,5.59,0.04,0.72,25963.94,14562.1512,0.73,13.73,5.15,5.41,6.06,6.71,7.1,6.07,24.24
20121207,5.51,5.66,5.51,5.59,5.58,0.01,0.18,25215.62,14095.0264,0.73,13.73,5.15,5.41,6.06,6.71,7.1,6.08,23.78
20121206,5.43,5.63,5.38,5.58,5.45,0.13,2.39,33755.45,18689.4431,0.73,13.73,5.15,5.41,6.06,6.71,7.1,6.08,23.21
20121205,5.3,5.54,5.25,5.45,5.33,0.12,2.25,25773.2,14034.7307,0.73,13.73,5.15,5.41,6.06,6.84,7.1,6.09,15.07
20121204,5.27,5.37,5.15,5.33,5.27,0.06,1.14,14826.09,7795.1425,0.73,13.73,5.15,5.54,6.06,6.84,7.1,6.1,9.0
20121203,5.34,5.45,5.25,5.27,5.4,-0.13,-2.41,13742.55,7322.6334,0.73,13.73,5.15,5.54,6.06,6.84,7.1,6.1,5.03
20121130,5.27,5.48,5.15,5.4,5.27,0.13,2.47,20873.13,11184.9326,0.73,13.73,5.15,5.54,6.06,6.84,7.1,6.11,8.28
20121129,5.29,5.46,5.19,5.27,5.24,0.03,0.57,17243.04,9212.6146,0.73,13.73,5.28,5.54,6.06,6.84,7.1,6.11,4.96
20121128,5.32,5.4,5.18,5.24,5.39,-0.15,-2.78,19430.78,10269.3399,0.73,13.73,5.28,5.54,6.06,6.84,7.1,6.12,4.92
20121127,5.72,5.72,5.38,5.39,5.72,-0.33,-5.77,31288.99,17319.659,0.73,13.73,5.28,5.54,6.06,6.84,7.1,6.12,6.97
20121126,5.82,5.87,5.72,5.72,5.88,-0.16,-2.72,14663.99,8473.3962,0.73,13.73,5.28,5.54,6.19,6.84,7.1,6.13,28.53
20121123,5.94,5.98,5.86,5.88,5.95,-0.07,-1.18,26563.54,15719.3684,0.73,13.73,5.28,5.54,6.19,6.84,7.1,6.13,36.99
20121122,5.85,5.95,5.78,5.95,5.9,0.05,0.85,39944.55,23521.4103,0.73,13.73,5.28,5.54,6.19,6.84,7.1,6.13,42.93
20121121,5.83,5.94,5.81,5.9,5.93,-0.03,-0.51,45176.44,26541.5106,0.73,13.73,5.28,5.54,6.19,6.84,7.1,6.13,36.54
20121120,5.68,5.96,5.65,5.93,5.69,0.24,4.22,54790.45,31969.8876,0.73,13.73,5.15,5.54,6.19,6.84,7.1,6.14,36.43
20121119,5.7,5.72,5.57,5.69,5.68,0.01,0.18,16232.84,9164.2069,0.73,13.73,5.15,5.54,6.19,6.84,7.1,6.15,29.43
20121116,5.51,5.7,5.48,5.68,5.55,0.13,2.34,21967.88,12256.1564,0.73,13.73,5.15,5.54,6.19,6.84,7.1,6.15,29.07
20121115,5.52,5.64,5.47,5.55,5.57,-0.02,-0.36,20585.0,11456.17,0.73,13.73,5.15,5.54,6.19,6.84,7.1,6.15,19.25
20121114,5.71,5.76,5.5,5.57,5.77,-0.2,-3.47,52708.84,29485.0971,0.73,13.73,5.15,5.54,6.19,6.84,7.1,6.16,18.75
20121113,5.76,6.01,5.71,5.77,5.75,0.02,0.35,63573.15,37340.1937,0.73,13.73,5.15,5.54,6.19,6.84,7.1,6.17,26.78
20121112,5.83,5.94,5.73,5.75,5.87,-0.12,-2.04,30556.26,17686.0273,0.73,13.73,5.15,5.54,6.19,6.84,7.1,6.18,27.19
20121109,5.65,5.87,5.6,5.87,5.68,0.19,3.35,61403.0,35539.8577,0.73,13.73,5.15,5.54,6.19,6.84,7.1,6.18,32.07
20121108,5.7,5.76,5.58,5.68,5.71,-0.03,-0.53,29432.51,16782.2321,0.73,13.73,5.15,5.54,6.32,6.84,7.1,6.19,26.38
20121107,5.7,5.77,5.64,5.71,5.7,0.01,0.18,21454.17,12276.4109,0.73,13.73,5.15,5.54,6.32,6.84,7.1,6.2,25.73
20121106,5.7,5.77,5.6,5.7,5.74,-0.04,-0.7,22112.99,12529.9951,0.73,13.73,5.15,5.54,6.32,6.84,7.1,6.2,25.26
20121105,5.66,5.8,5.66,5.74,5.73,0.01,0.17,32099.6,18340.8209,0.73,13.73,5.15,5.54,6.32,6.84,7.1,6.2,24.76
20121102,5.66,5.81,5.59,5.73,5.67,0.06,1.06,44598.71,25437.8392,0.73,13.73,5.15,5.54,6.32,6.84,7.1,6.21,24.03
20121101,5.45,5.75,5.44,5.67,5.46,0.21,3.85,35930.31,20318.0787,0.73,13.73,5.15,5.54,6.32,6.84,7.1,6.22,19.0
20121031,5.4,5.47,5.4,5.46,5.46,0.0,0.0,7437.22,4046.698,0.73,13.73,5.15,5.54,6.32,6.84,7.1,6.23,13.56
20121030,5.35,5.55,5.35,5.46,5.38,0.08,1.49,11667.94,6389.7902,0.73,13.73,5.15,5.54,6.32,6.84,7.1,6.23,13.35
20121029,5.33,5.43,5.26,5.38,5.35,0.03,0.56,11781.28,6325.0694,0.73,13.73,5.15,5.54,6.32,6.84,7.1,6.23,8.23
20121026,5.65,5.66,5.35,5.35,5.61,-0.26,-4.63,30446.0,16618.0583,0.73,13.73,5.15,5.54,6.32,6.84,7.1,6.24,7.99
20121025,5.72,5.74,5.57,5.61,5.71,-0.1,-1.75,24573.47,13891.2262,0.73,13.73,5.15,5.54,6.32,6.84,7.1,6.25,16.67
20121024,5.6,5.81,5.57,5.71,5.68,0.03,0.53,23295.83,13280.7693,0.73,13.73,5.15,5.54,6.32,6.84,7.1,6.25,20.11
20121023,5.82,5.84,5.66,5.68,5.78,-0.1,-1.73,26968.01,15465.0477,0.73,13.73,5.15,5.54,6.32,6.84,7.1,6.26,19.75
20121022,5.58,5.82,5.48,5.78,5.65,0.13,2.3,38297.46,21489.4681,0.73,13.73,5.15,5.54,6.32,6.84,7.1,6.26,19.32
20121019,5.55,5.87,5.53,5.65,5.59,0.06,1.07,46738.16,26736.3821,0.73,13.73,5.15,5.54,6.32,6.84,7.1,6.27,16.07
20121018,5.34,5.65,5.34,5.59,5.37,0.22,4.1,37140.84,20539.5924,0.73,13.73,5.15,5.54,6.32,6.84,7.1,6.28,15.85
20121017,5.36,5.43,5.3,5.37,5.37,0.0,0.0,14431.17,7749.4121,0.73,13.73,5.15,5.67,6.32,6.84,7.1,6.29,8.27
20121016,5.3,5.43,5.25,5.37,5.3,0.07,1.32,13788.7,7386.9278,0.73,13.73,5.15,5.67,6.32,6.84,7.1,6.3,8.08
20121015,5.42,5.51,5.25,5.3,5.46,-0.16,-2.93,17922.35,9535.0967,0.73,13.73,5.15,5.67,6.32,6.84,7.1,6.3,7.81
20121012,5.52,5.62,5.35,5.46,5.58,-0.12,-2.15,29976.41,16319.6153,0.73,13.73,5.15,5.67,6.32,6.84,7.1,6.31,10.62
20121011,5.6,5.7,5.58,5.58,5.68,-0.1,-1.76,21235.89,11917.5578,0.73,13.73,5.15,5.8,6.32,6.84,7.1,6.32,12.48
20121010,5.54,5.76,5.5,5.68,5.5,0.18,3.27,29104.3,16417.3534,0.73,13.73,5.15,5.8,6.32,6.84,7.1,6.32,13.56
20121009,5.41,5.51,5.34,5.5,5.41,0.09,1.66,17407.45,9540.06,0.73,13.73,5.15,5.8,6.32,6.84,7.1,6.33,10.1
20121008,5.37,5.47,5.3,5.41,5.3,0.11,2.08,17038.63,9231.8404,0.73,13.73,5.15,5.93,6.32,6.84,7.1,6.34,7.46
20120928,5.17,5.36,5.12,5.3,5.17,0.13,2.51,18537.97,9772.7051,0.73,13.73,5.15,5.93,6.45,6.84,7.1,6.34,7.41
20120927,5.19,5.3,5.04,5.17,5.13,0.04,0.78,25786.95,13381.3186,0.73,13.73,5.15,5.93,6.45,6.84,7.1,6.35,5.64
20120926,5.41,5.51,5.0,5.13,5.43,-0.3,-5.52,30828.77,16186.3742,0.73,13.73,5.15,5.93,6.45,6.84,7.1,6.36,3.8
20120925,5.53,5.61,5.41,5.43,5.62,-0.19,-3.38,26529.13,14499.6554,0.73,13.73,5.28,5.93,6.45,6.84,7.1,6.37,6.68
20120924,5.7,5.75,5.34,5.62,5.76,-0.14,-2.43,38953.06,21544.5955,0.73,13.73,5.28,5.93,6.45,6.84,7.1,6.38,7.36
20120921,5.79,5.93,5.72,5.76,5.8,-0.04,-0.69,21697.35,12649.7282,0.73,13.73,5.28,6.06,6.45,6.84,7.1,6.39,7.11
20120920,6.1,6.11,5.8,5.8,6.08,-0.28,-4.61,29271.81,17353.8257,0.73,13.73,5.28,6.06,6.45,6.84,7.1,6.4,7.04
20120919,6.0,6.12,5.95,6.08,6.0,0.08,1.33,22621.81,13651.7314,0.73,13.73,5.28,6.06,6.45,6.84,7.1,6.4,22.19
20120918,6.04,6.15,5.98,6.0,6.06,-0.06,-0.99,16822.84,10185.8163,0.73,13.73,5.28,6.06,6.45,6.97,7.23,6.41,13.25
20120917,6.27,6.3,6.03,6.06,6.26,-0.2,-3.19,35573.42,21768.4808,0.73,13.73,5.28,6.06,6.45,6.97,7.23,6.41,13.05
20120914,6.2,6.35,6.11,6.26,6.17,0.09,1.46,39012.84,24317.6024,0.73,13.73,5.28,6.06,6.45,6.97,7.23,6.41,31.3
20120913,6.35,6.39,6.15,6.17,6.44,-0.27,-4.19,42517.55,26629.3984,0.73,13.73,5.28,6.06,6.45,6.97,7.23,6.42,20.8
20120912,6.35,6.57,6.3,6.44,6.35,0.09,1.42,46144.4,29700.5015,0.73,13.73,5.28,6.06,6.45,6.97,7.23,6.42,43.63
20120911,6.19,6.5,6.08,6.35,6.19,0.16,2.58,57224.62,36163.8451,0.73,13.73,5.28,6.06,6.45,6.97,7.23,6.42,43.31
20120910,6.04,6.22,6.04,6.19,6.03,0.16,2.65,44428.57,27368.9553,0.73,13.73,5.28,6.06,6.45,6.97,7.23,6.42,21.62
20120907,5.93,6.19,5.93,6.03,5.92,0.11,1.86,53222.26,32341.6669,0.73,13.73,5.28,6.06,6.45,6.97,7.23,6.43,13.92
20120906,5.87,5.95,5.75,5.92,5.87,0.05,0.85,37055.8,21623.0458,0.73,13.73,5.15,6.06,6.45,6.97,7.23,6.44,10.26
20120905,5.88,5.99,5.68,5.87,5.92,-0.05,-0.84,33198.0,19443.2805,0.73,13.73,5.15,6.06,6.45,6.97,7.23,6.44,9.55
20120904,6.08,6.11,5.9,5.92,6.07,-0.15,-2.47,24187.58,14487.9549,0.73,13.73,5.15,6.06,6.45,6.97,7.23,6.45,8.91
20120903,6.0,6.14,6.0,6.07,6.02,0.05,0.83,25283.38,15357.503,0.73,13.73,5.15,6.06,6.58,6.97,7.23,6.46,17.0
20120831,6.0,6.13,5.92,6.02,6.06,-0.04,-0.66,19008.84,11477.5928,0.73,13.73,5.15,6.06,6.58,6.97,7.23,6.46,11.4
20120830,6.29,6.36,5.72,6.06,6.36,-0.3,-4.72,78507.67,47652.607,0.73,13.73,5.15,6.06,6.58,6.97,7.23,6.46,11.03
20120829,6.3,6.47,6.28,6.36,6.34,0.02,0.32,28608.51,18240.397,0.73,13.73,5.15,6.19,6.58,6.97,7.23,6.48,36.05
20120828,6.21,6.48,6.2,6.34,6.21,0.13,2.09,35823.33,22804.5007,0.73,13.73,5.15,6.19,6.58,6.97,7.23,6.48,35.78
20120827,6.18,6.28,5.98,6.21,6.3,-0.09,-1.43,56087.37,34460.414,0.73,13.73,5.15,6.19,6.58,6.97,7.23,6.48,23.31
20120824,6.51,6.65,6.3,6.3,6.5,-0.2,-3.08,50105.43,32512.5015,0.73,13.73,5.15,6.19,6.58,6.97,7.23,6.49,21.86
20120823,6.43,6.58,6.41,6.5,6.43,0.07,1.09,40143.77,26090.1285,0.73,13.73,5.15,6.19,6.58,6.97,7.23,6.49,44.97
20120822,6.4,6.51,6.33,6.43,6.45,-0.02,-0.31,35722.98,22957.8591,0.73,13.73,5.15,6.19,6.58,6.97,7.23,6.49,34.55
20120821,6.4,6.55,6.35,6.45,6.4,0.05,0.78,47731.16,30780.5324,0.73,13.73,5.15,6.19,6.58,6.97,7.23,6.49,34.42
20120820,6.2,6.47,6.16,6.4,6.28,0.12,1.91,35083.88,22141.9846,0.73,13.73,5.15,6.19,6.58,6.97,7.23,6.49,34.78
20120817,6.26,6.34,6.13,6.28,6.28,0.0,0.0,41888.14,26127.3554,0.73,13.73,5.15,6.19,6.58,6.97,7.23,6.5,22.8
20120816,6.42,6.52,6.24,6.28,6.4,-0.12,-1.88,49257.32,31372.529,0.73,13.73,5.15,6.19,6.58,6.97,7.23,6.5,22.21
20120815,6.66,6.78,6.37,6.4,6.7,-0.3,-4.48,59253.15,39030.3146,0.73,13.73,5.15,6.19,6.58,6.97,7.23,6.5,32.79
20120814,6.7,6.76,6.45,6.7,6.73,-0.03,-0.45,92991.14,61414.8529,0.73,13.73,5.15,6.06,6.71,6.97,7.23,6.5,49.81
20120813,6.65,6.95,6.6,6.73,6.65,0.08,1.2,104183.12,71130.5113,0.73,13.73,5.15,6.06,6.71,6.97,7.23,6.5,64.92
20120810,6.84,6.94,6.61,6.65,6.93,-0.28,-4.04,119400.48,80710.386,0.73,13.73,5.15,6.06,6.58,6.97,7.23,6.49,50.9
20120809,6.61,7.11,6.61,6.93,6.71,0.22,3.28,160980.77,112083.2491,0.73,13.73,5.15,6.06,6.58,6.97,7.23,6.48,76.82
20120808,6.75,6.82,6.59,6.71,6.8,-0.09,-1.32,96501.42,64431.3826,0.73,13.73,5.02,6.06,6.58,6.97,7.23,6.45,55.65
20120807,6.45,6.98,6.39,6.8,6.45,0.35,5.43,145335.35,97677.8445,0.73,13.73,5.02,6.06,6.58,6.97,7.23,6.45,66.72
20120806,6.38,6.54,6.21,6.45,6.4,0.05,0.78,88201.24,56621.99,0.73,13.73,5.02,5.93,6.45,6.97,7.23,6.43,42.86
20120803,6.49,6.55,6.27,6.4,6.46,-0.06,-0.93,97284.29,62266.84,0.73,13.73,5.02,5.93,6.45,7.1,7.23,6.44,42.24
20120802,6.14,6.59,6.11,6.46,6.23,0.23,3.69,103262.05,65440.1105,0.73,13.73,5.02,5.93,6.58,7.1,7.23,6.44,48.54
20120801,6.22,6.47,6.07,6.23,6.28,-0.05,-0.8,83910.95,52670.0581,0.73,13.73,5.02,5.93,6.58,7.1,7.23,6.44,31.01
20120731,5.98,6.53,5.98,6.28,6.16,0.12,1.95,116244.43,73552.2781,0.73,13.73,5.02,5.93,6.58,7.1,7.23,6.45,30.49
20120730,6.67,6.77,6.08,6.16,6.76,-0.6,-8.88,166328.21,105731.1211,0.73,13.73,5.02,5.8,6.71,7.1,7.23,6.45,22.02
20120727,6.95,7.24,6.69,6.76,7.05,-0.29,-4.11,193541.95,133799.6071,0.73,13.73,5.02,5.8,6.71,7.1,7.23,6.46,58.32
20120726,6.94,7.53,6.94,7.05,7.09,-0.04,-0.56,272012.03,197203.9681,0.73,13.73,4.89,5.67,6.71,7.1,7.23,6.43,81.89
20120725,6.8,7.29,6.68,7.09,6.86,0.23,3.35,236327.82,166429.9903,0.73,13.73,4.89,5.54,6.58,6.97,7.1,6.34,89.04
20120724,6.8,6.98,6.67,6.86,7.06,-0.2,-2.83,238387.91,162317.8331,0.73,13.73,4.89,5.41,6.45,6.97,7.1,6.29,83.55
20120723,6.5,7.29,6.45,7.06,6.63,0.43,6.49,353157.67,251395.7202,0.73,13.73,4.76,5.41,6.32,6.97,7.1,6.25,90.63
20120720,6.71,6.95,6.58,6.63,6.84,-0.21,-3.07,116761.33,78387.6909,0.73,13.73,4.76,5.28,6.32,6.84,6.97,6.15,72.59
20120719,6.75,7.18,6.65,6.84,6.88,-0.04,-0.58,231195.95,159622.8708,0.73,13.73,4.76,5.15,6.19,6.84,7.1,6.12,83.14
20120718,6.37,7.05,6.34,6.88,6.45,0.43,6.67,270766.26,183448.8959,0.73,13.73,4.63,5.15,6.19,6.71,6.97,6.06,93.07
20120717,6.08,6.65,6.06,6.45,6.13,0.32,5.22,141214.47,90661.6199,0.73,13.73,4.63,5.15,6.19,6.58,6.97,6.0,74.21
20120716,6.2,6.38,6.07,6.13,6.4,-0.27,-4.22,107520.34,66837.264,0.73,13.73,4.63,5.15,6.19,6.58,6.97,5.98,47.87
20120713,6.31,6.65,6.16,6.4,6.31,0.09,1.43,153833.75,98205.6599,0.73,13.73,4.63,5.15,6.19,6.58,6.97,5.97,74.27
20120712,6.11,6.37,6.05,6.31,6.19,0.12,1.94,118266.59,74004.1554,0.73,13.73,4.63,5.02,6.06,6.71,7.1,5.95,64.9
20120711,6.31,6.35,5.98,6.19,6.51,-0.32,-4.92,153052.23,94953.9212,0.73,13.73,4.5,5.02,6.06,6.71,7.1,5.94,53.02
20120710,7.14,7.28,6.38,6.51,6.78,-0.27,-3.98,334966.22,229323.9685,0.73,13.73,4.5,5.02,6.06,6.71,7.1,5.92,78.32
20120709,6.65,6.78,6.48,6.78,6.16,0.62,10.06,121004.32,81381.0674,0.73,13.73,4.5,5.02,5.93,6.45,6.84,5.8,94.92
20120706,6.14,6.38,6.14,6.16,6.09,0.07,1.15,162833.77,102085.0757,0.73,13.73,4.5,5.02,5.93,6.32,6.71,5.77,64.1
20120705,6.18,6.31,6.04,6.09,6.29,-0.2,-3.18,131851.95,81003.046,0.73,13.73,4.5,5.02,5.93,6.32,6.84,5.74,67.36
20120704,6.13,6.39,5.98,6.29,6.22,0.07,1.13,195134.02,120777.2558,0.73,13.73,4.5,4.89,5.8,6.45,6.84,5.72,75.57
20120703,6.25,6.58,6.21,6.22,6.37,-0.15,-2.35,206171.87,131480.201,0.73,13.73,4.37,4.89,5.67,6.45,6.84,5.69,75.85
20120702,6.52,6.63,6.13,6.37,6.33,0.04,0.63,244433.93,155262.0585,0.73,13.73,4.37,4.89,5.67,6.32,6.97,5.64,85.55
20120629,5.67,6.33,5.65,6.33,5.75,0.58,10.09,309710.26,189859.2678,0.73,13.73,4.37,4.89,5.54,6.19,7.23,5.57,88.05
20120628,5.99,6.15,5.72,5.75,6.28,-0.53,-8.44,244192.5,145350.1436,0.73,13.73,4.24,4.76,5.41,6.19,7.49,5.52,65.32
20120626,5.83,6.28,5.72,6.28,5.71,0.57,9.98,341816.81,203960.5665,0.73,13.73,4.24,4.76,5.28,6.32,7.49,5.49,84.8
20120625,5.47,5.71,5.36,5.71,5.19,0.52,10.02,232150.47,131202.6056,0.73,13.73,4.11,4.63,5.15,6.45,7.62,5.42,80.14
20120620,5.17,5.24,5.13,5.19,5.19,0.0,0.0,21600.5,11192.4185,0.73,13.73,4.11,4.63,5.15,6.58,7.75,5.42,55.76
20120619,5.26,5.32,5.14,5.19,5.25,-0.06,-1.14,30441.01,15845.736,0.73,13.73,4.11,4.63,5.15,6.58,7.75,5.42,55.54
20120618,5.27,5.34,5.21,5.25,5.26,-0.01,-0.19,19890.58,10475.9541,0.73,13.73,4.11,4.63,5.15,6.58,7.75,5.42,55.47
20120615,5.2,5.27,5.14,5.26,5.18,0.08,1.54,18465.11,9612.8252,0.73,13.73,4.11,4.63,5.15,6.58,7.75,5.42,55.57
20120614,5.17,5.34,5.11,5.18,5.28,-0.1,-1.89,24470.18,12680.5841,0.73,13.73,4.11,4.63,5.15,6.58,7.75,5.42,55.39
20120613,5.26,5.33,5.19,5.28,5.2,0.08,1.54,22508.37,11859.6,0.73,13.73,4.11,4.63,5.15,6.58,7.75,5.42,55.35
20120612,5.09,5.25,5.08,5.2,5.11,0.09,1.76,20777.0,10784.0589,0.73,13.73,4.11,4.63,5.15,6.58,7.75,5.42,55.45
20120611,4.94,5.12,4.92,5.11,5.18,-0.07,-1.35,51933.59,25995.9937,0.73,13.73,4.11,4.63,5.15,6.58,7.75,5.43,43.03
20120608,5.19,5.41,5.18,5.18,5.45,-0.27,-4.95,43158.8,22472.1936,0.73,13.73,4.11,4.63,5.15,6.58,7.75,5.43,54.42
20120607,5.49,5.67,5.4,5.45,5.44,0.01,0.18,30990.13,17154.937,0.73,13.73,4.11,4.63,5.15,6.58,7.75,5.44,68.04
20120606,5.44,5.51,5.4,5.44,5.43,0.01,0.18,19902.42,10845.0536,0.73,13.73,4.11,4.63,5.15,6.58,7.75,5.44,68.4
20120605,5.45,5.57,5.39,5.43,5.55,-0.12,-2.16,39349.73,21484.9558,0.73,13.73,4.11,4.63,5.15,6.58,7.75,5.43,68.28
20120604,5.74,5.75,5.55,5.55,5.79,-0.24,-4.15,30317.32,17147.2197,0.73,13.73,4.11,4.63,5.15,6.58,7.75,5.43,72.64
20120601,5.69,5.8,5.6,5.79,5.72,0.07,1.22,36292.12,20731.2307,0.73,13.73,4.11,4.63,5.15,6.58,7.75,5.43,76.06
20120531,5.85,5.85,5.63,5.72,5.63,0.09,1.6,62549.01,36113.3469,0.73,13.73,3.98,4.63,5.15,6.58,7.75,5.43,75.94
20120530,5.45,5.68,5.4,5.63,5.45,0.18,3.3,57708.97,32220.8119,0.73,13.73,3.98,4.63,5.15,6.71,7.88,5.42,75.17
20120529,5.44,5.54,5.43,5.45,5.44,0.01,0.18,44370.17,24270.2059,0.73,13.73,3.98,4.5,5.15,6.71,7.88,5.42,72.42
20120528,5.55,5.59,5.35,5.44,5.55,-0.11,-1.98,39563.43,21558.1587,0.73,13.73,3.98,4.5,5.15,6.71,7.88,5.42,72.36
20120525,5.43,5.6,5.41,5.55,5.42,0.13,2.4,55788.09,30678.1905,0.73,13.73,3.98,4.5,5.15,6.71,7.88,5.42,74.57
20120524,5.28,5.53,5.25,5.42,5.27,0.15,2.85,83937.62,45790.3457,0.73,13.73,3.98,4.5,5.15,6.71,7.88,5.42,73.07
20120523,5.34,5.35,5.16,5.27,5.34,-0.07,-1.31,21087.43,11078.0989,0.73,13.73,3.98,4.5,5.02,6.71,7.88,5.42,64.9
20120522,5.3,5.4,5.29,5.34,5.29,0.05,0.95,26900.35,14369.5126,0.73,13.73,3.98,4.5,5.02,6.71,7.88,5.42,70.6
20120521,5.18,5.36,5.16,5.29,5.19,0.1,1.93,27840.97,14662.3313,0.73,13.73,3.98,4.5,5.02,6.71,7.88,5.42,70.59
20120518,5.14,5.26,5.08,5.19,5.15,0.04,0.78,27627.41,14303.4007,0.73,13.73,3.98,4.5,5.02,6.71,7.88,5.42,65.95
20120517,5.08,5.2,5.08,5.15,5.11,0.04,0.78,15415.29,7943.6415,0.73,13.73,3.98,4.5,5.02,6.71,7.88,5.42,52.64
20120516,5.23,5.28,5.1,5.11,5.25,-0.14,-2.67,20929.2,10849.1921,0.73,13.73,3.98,4.5,5.02,6.71,7.88,5.42,52.86
20120515,5.18,5.26,5.12,5.25,5.21,0.04,0.77,21082.99,10959.9765,0.73,13.73,3.98,4.5,5.02,6.71,7.88,5.43,65.53
20120514,5.43,5.43,5.13,5.21,5.4,-0.19,-3.52,34456.93,18331.3815,0.73,13.73,3.98,4.5,5.02,6.71,7.88,5.43,65.39
20120511,5.24,5.47,5.24,5.4,5.22,0.18,3.45,53780.53,28929.6533,0.73,13.73,3.98,4.5,5.02,6.71,7.88,5.43,69.6
20120510,5.14,5.27,5.13,5.22,5.16,0.06,1.16,30389.25,15783.0344,0.73,13.73,3.98,4.5,5.02,6.71,7.88,5.43,66.96
20120509,5.14,5.19,5.08,5.16,5.15,0.01,0.19,26314.97,13524.6325,0.73,13.73,3.98,4.5,5.02,6.71,7.88,5.43,66.76
20120508,5.12,5.16,5.07,5.15,5.12,0.03,0.59,17698.25,9060.3354,0.73,13.73,3.98,4.5,5.02,6.71,7.88,5.43,55.72
20120507,5.16,5.24,5.09,5.12,5.07,0.05,0.99,28184.35,14490.8884,0.73,13.73,3.98,4.5,5.02,6.71,7.88,5.43,55.81
20120504,4.88,5.07,4.82,5.07,4.89,0.18,3.68,22643.41,11229.0224,0.73,13.73,3.98,4.5,5.02,6.71,7.88,5.44,55.95
20120503,4.78,4.93,4.78,4.89,4.8,0.09,1.88,26835.77,13123.8929,0.73,13.73,3.98,4.5,5.02,6.71,7.88,5.44,31.71
20120502,4.69,4.87,4.69,4.8,4.93,-0.13,-2.64,46142.57,22149.5253,0.73,13.73,3.98,4.5,5.02,6.71,7.88,5.44,31.91
20120427,5.05,5.05,4.92,4.93,4.98,-0.05,-1.0,12415.2,6157.1696,0.73,13.73,3.98,4.5,5.02,6.71,7.88,5.46,38.52
20120426,5.03,5.1,4.94,4.98,5.03,-0.05,-0.99,17599.99,8807.262,0.73,13.73,3.98,4.5,5.02,6.84,7.88,5.46,38.52
20120425,4.94,5.04,4.9,5.03,5.04,-0.01,-0.2,18764.67,9327.967,0.73,13.73,3.98,4.5,5.02,6.84,7.88,5.46,54.12
20120424,5.03,5.12,4.79,5.04,5.03,0.01,0.2,33301.51,16598.9986,0.73,13.73,3.98,4.5,5.02,6.84,7.88,5.46,53.86
20120423,5.14,5.21,5.02,5.03,5.16,-0.13,-2.52,34677.6,17697.7812,0.73,13.73,3.98,4.5,5.02,6.84,7.88,5.47,53.36
20120419,5.19,5.23,5.11,5.16,5.2,-0.04,-0.77,22231.0,11494.0904,0.73,13.73,3.98,4.5,5.02,6.84,7.88,5.47,63.72
20120418,5.09,5.26,5.09,5.2,5.09,0.11,2.16,44600.8,23197.6488,0.73,13.73,3.98,4.5,5.02,6.84,7.88,5.47,63.55
20120417,5.28,5.33,5.04,5.09,5.3,-0.21,-3.96,50264.18,25993.2144,0.73,13.73,3.98,4.5,5.02,6.84,7.88,5.48,54.44
20120416,4.95,5.3,4.94,5.3,5.05,0.25,4.95,80046.09,41583.5531,0.73,13.73,3.85,4.5,5.02,6.84,7.88,5.49,65.14
20120413,5.1,5.1,5.0,5.05,5.1,-0.05,-0.98,28133.09,14214.6664,0.73,13.73,3.85,4.5,5.02,6.84,8.01,5.49,56.01
20120412,5.08,5.16,4.98,5.1,5.09,0.01,0.2,35505.74,18029.3231,0.73,13.73,3.85,4.5,5.02,6.84,8.01,5.5,55.71
20120411,5.03,5.19,4.95,5.09,5.09,0.0,0.0,24441.12,12518.6944,0.73,13.73,3.85,4.5,5.02,6.84,8.01,5.5,55.61
20120410,5.03,5.09,4.83,5.09,5.04,0.05,0.99,27230.83,13539.2432,0.73,13.73,3.85,4.5,5.02,6.84,8.01,5.51,55.58
20120409,5.11,5.16,5.0,5.04,5.1,-0.06,-1.18,32376.8,16487.4534,0.73,13.73,3.85,4.5,5.02,6.84,8.01,5.51,55.22
20120406,4.96,5.16,4.85,5.1,4.91,0.19,3.87,46426.93,23520.5207,0.73,13.73,3.85,4.5,5.02,6.84,8.01,5.52,55.14
20120405,4.83,4.98,4.73,4.91,4.83,0.08,1.66,22104.89,10759.8548,0.73,13.73,3.85,4.37,5.02,6.84,8.01,5.52,42.57
20120330,4.79,5.02,4.74,4.83,4.83,0.0,0.0,41881.79,20396.9586,0.73,13.73,3.85,4.37,5.02,6.84,8.01,5.53,36.45
20120329,4.55,4.83,4.38,4.83,4.6,0.23,5.0,48544.26,22695.2043,0.73,13.73,3.85,4.37,5.02,6.97,8.01,5.54,36.07
20120328,4.58,4.66,4.46,4.6,4.62,-0.02,-0.43,30214.19,13848.9121,0.73,13.73,3.85,4.37,5.02,6.97,8.01,5.56,22.71
20120327,4.59,4.65,4.52,4.62,4.59,0.03,0.65,16808.53,7709.8205,0.73,13.73,3.85,4.37,5.02,6.97,8.01,5.57,22.29
20120326,4.67,4.73,4.59,4.59,4.63,-0.04,-0.86,24714.01,11498.3917,0.73,13.73,3.85,4.37,5.02,6.97,8.01,5.57,22.14
20120323,4.58,4.7,4.42,4.63,4.59,0.04,0.87,39923.78,18319.4349,0.73,13.73,3.85,4.37,5.02,6.97,8.01,5.58,22.23
20120322,4.54,4.61,4.45,4.59,4.53,0.06,1.32,23596.12,10712.6004,0.73,13.73,3.85,4.37,5.02,6.97,8.01,5.59,21.65
20120321,4.62,4.68,4.44,4.53,4.6,-0.07,-1.52,34333.35,15608.5521,0.73,13.73,3.85,4.37,5.02,6.97,8.01,5.6,21.11
20120320,4.78,4.81,4.57,4.6,4.81,-0.21,-4.37,30364.84,14250.5933,0.73,13.73,3.85,4.37,5.02,6.97,8.01,5.61,20.62
20120319,4.78,4.88,4.76,4.81,4.78,0.03,0.63,30595.43,14744.285,0.73,13.73,3.85,4.37,5.15,6.97,8.01,5.62,30.38
20120316,4.71,4.86,4.67,4.78,4.71,0.07,1.49,23018.17,10994.8431,0.73,13.73,3.85,4.37,5.15,7.1,8.01,5.63,29.91
20120315,4.81,4.88,4.65,4.71,4.89,-0.18,-3.68,66140.42,31011.4773,0.73,13.73,3.85,4.37,5.15,7.1,8.01,5.64,26.59
20120314,5.14,5.24,4.89,4.89,5.15,-0.26,-5.05,50303.12,25477.3509,0.73,13.73,3.85,4.37,5.15,7.1,8.01,5.66,27.95
20120313,5.14,5.17,5.11,5.15,5.14,0.01,0.19,18501.0,9515.4078,0.73,13.73,3.85,4.37,5.15,7.1,8.01,5.67,47.37
20120312,5.15,5.17,5.11,5.14,5.15,-0.01,-0.19,18714.49,9614.1959,0.73,13.73,3.85,4.37,5.15,7.23,8.01,5.68,47.4
20120309,5.1,5.19,5.08,5.15,5.12,0.03,0.59,26270.88,13510.6602,0.73,13.73,3.85,4.37,5.15,7.23,8.01,5.68,47.45
20120308,5.09,5.14,5.07,5.12,5.1,0.02,0.39,19370.51,9891.8063,0.73,13.73,3.85,4.37,5.15,7.23,8.01,5.69,47.48
20120307,5.08,5.18,5.05,5.1,5.1,0.0,0.0,21604.41,11023.4404,0.73,13.73,3.85,4.37,5.15,7.23,8.01,5.69,47.31
20120306,5.13,5.24,5.08,5.1,5.12,-0.02,-0.39,27446.36,14106.9077,0.73,13.73,3.85,4.37,5.15,7.23,8.01,5.69,47.36
20120305,5.2,5.29,5.1,5.12,5.16,-0.04,-0.78,42575.25,22071.5266,0.73,13.73,3.85,4.37,5.15,7.23,8.01,5.7,47.39
20120302,4.92,5.16,4.92,5.16,4.91,0.25,5.09,57422.89,29181.2399,0.73,13.73,3.85,4.37,5.15,7.36,8.01,5.7,51.56
20120301,4.95,4.98,4.87,4.91,4.95,-0.04,-0.81,29479.72,14508.7841,0.73,13.73,3.85,4.37,5.15,7.36,8.01,5.72,36.45
20120229,5.03,5.06,4.93,4.95,5.03,-0.08,-1.59,25797.96,12863.2658,0.73,13.73,3.85,4.24,5.15,7.36,8.01,5.73,35.93
20120228,5.01,5.12,4.98,5.03,5.02,0.01,0.2,47646.02,24031.7962,0.73,13.73,3.85,4.24,5.28,7.36,8.01,5.73,46.7
20120227,5.03,5.06,4.98,5.02,5.03,-0.01,-0.2,41854.21,20993.8641,0.73,13.73,3.85,4.24,5.41,7.49,8.01,5.74,36.24
20120224,5.0,5.06,4.97,5.03,5.01,0.02,0.4,44349.86,22208.469,0.73,13.73,3.85,4.24,5.54,7.49,8.14,5.75,45.43
20120223,5.11,5.13,4.98,5.01,5.11,-0.1,-1.96,48397.04,24391.0626,0.73,13.73,3.85,4.24,5.54,7.49,8.14,5.77,36.46
20120222,5.08,5.16,5.05,5.11,5.08,0.03,0.59,37343.69,19063.5605,0.73,13.73,3.85,4.24,5.67,7.49,8.14,5.78,43.97
20120221,4.96,5.08,4.88,5.08,4.98,0.1,2.01,41915.49,21026.5147,0.73,13.73,3.85,4.24,5.8,7.49,8.14,5.79,43.98
20120220,5.08,5.13,4.96,4.98,5.0,-0.02,-0.4,33246.25,16677.5561,0.73,13.73,3.85,4.24,5.8,7.49,8.14,5.8,37.34
20120217,5.07,5.07,4.9,5.0,4.97,0.03,0.6,25414.52,12657.8252,0.73,13.73,3.85,4.24,5.93,7.49,8.14,5.81,37.62
20120216,5.11,5.11,4.9,4.97,5.11,-0.14,-2.74,52261.11,26103.219,0.73,13.73,3.85,4.24,5.93,7.49,8.14,5.82,37.58
20120215,5.12,5.2,5.01,5.11,5.11,0.0,0.0,74957.07,38448.4507,0.73,13.73,3.85,4.24,6.06,7.49,8.14,5.83,41.36
20120214,4.84,5.11,4.77,5.11,4.87,0.24,4.93,116101.07,58285.428,0.73,13.73,3.85,4.24,6.19,7.62,8.14,5.85,40.77
20120213,4.56,4.87,4.55,4.87,4.64,0.23,4.96,74908.52,35604.6967,0.73,13.73,3.72,4.11,6.32,7.62,8.14,5.89,37.68
20120210,4.58,4.66,4.55,4.64,4.61,0.03,0.65,32227.04,14832.3439,0.73,13.73,3.72,4.11,6.45,7.62,8.14,5.92,34.95
20120209,4.58,4.74,4.51,4.61,4.53,0.08,1.77,48080.5,22283.2592,0.73,13.73,3.72,4.11,6.45,7.62,8.14,5.94,29.75
20120208,4.46,4.55,4.41,4.53,4.48,0.05,1.12,30368.34,13669.616,0.73,13.73,3.72,4.11,6.45,7.62,8.14,5.96,30.04
20120207,4.68,4.68,4.43,4.48,4.66,-0.18,-3.86,31638.73,14196.322,0.73,13.73,3.72,4.11,6.45,7.62,8.14,5.97,24.28
20120206,4.59,4.75,4.53,4.66,4.53,0.13,2.87,38001.83,17604.9098,0.73,13.73,3.72,4.11,6.45,7.62,8.14,5.99,31.98
20120203,4.46,4.58,4.43,4.53,4.46,0.07,1.57,20667.6,9396.4295,0.73,13.73,3.72,4.11,6.45,7.62,8.14,6.01,29.17
20120202,4.55,4.55,4.4,4.46,4.47,-0.01,-0.22,15257.99,6789.193,0.73,13.73,3.72,4.11,6.45,7.62,8.14,6.02,24.63
20120201,4.59,4.65,4.45,4.47,4.59,-0.12,-2.61,24117.0,10970.67,0.73,13.73,3.72,4.11,6.45,7.62,8.14,6.03,24.53
20120131,4.37,4.64,4.37,4.59,4.43,0.16,3.61,23697.61,10752.9888,0.73,13.73,3.72,4.11,6.45,7.62,8.14,6.04,28.12
20120130,4.5,4.5,4.3,4.43,4.38,0.05,1.14,24927.27,10957.4547,0.73,13.73,3.72,4.11,6.45,7.62,8.14,6.05,24.78
20120120,4.26,4.41,4.23,4.38,4.28,0.1,2.34,23105.79,9932.9156,0.73,13.73,3.72,4.11,6.45,7.62,8.14,6.07,24.22
20120119,4.23,4.38,4.21,4.28,4.29,-0.01,-0.23,15436.05,6632.5778,0.73,13.73,3.72,4.11,6.45,7.75,8.14,6.08,20.44
20120118,4.48,4.55,4.25,4.29,4.4,-0.11,-2.5,39722.6,17508.8647,0.73,13.73,3.72,4.11,6.45,7.75,8.14,6.09,20.22
20120117,4.1,4.4,4.1,4.4,4.19,0.21,5.01,39746.65,16957.7587,0.73,13.73,3.72,4.11,6.58,7.75,8.14,6.12,22.7
20120116,4.26,4.41,4.19,4.19,4.41,-0.22,-4.99,27766.53,11897.3444,0.73,13.73,3.72,4.11,6.58,7.75,8.27,6.14,17.3
20120113,4.55,4.68,4.38,4.41,4.61,-0.2,-4.34,31499.96,14038.8305,0.73,13.73,3.72,4.11,6.58,7.75,8.27,6.16,20.94
20120112,4.62,4.78,4.4,4.61,4.61,0.0,0.0,48346.8,22253.1487,0.73,13.73,3.72,4.11,6.58,7.75,8.27,6.18,22.86
20120111,4.5,4.64,4.43,4.61,4.45,0.16,3.6,56118.29,25479.6835,0.73,13.73,3.72,4.11,6.58,7.75,8.27,6.21,22.43
20120110,4.3,4.45,4.2,4.45,4.24,0.21,4.95,51915.41,23004.0167,0.73,13.73,3.72,4.11,6.58,7.75,8.27,6.24,21.3
20120109,4.06,4.24,4.06,4.24,4.04,0.2,4.95,42247.84,17706.4794,0.73,13.73,3.72,4.11,6.58,7.75,8.27,6.27,18.44
20120106,3.79,4.04,3.77,4.04,3.85,0.19,4.94,47343.19,18988.3417,0.73,13.73,3.72,4.11,6.58,7.75,8.27,6.31,14.81
20120105,3.88,3.89,3.71,3.85,3.85,0.0,0.0,46486.45,17837.8946,0.73,13.73,3.72,4.11,6.58,7.75,8.27,6.34,6.36
20120104,3.7,3.85,3.7,3.85,3.67,0.18,4.9,33514.02,12781.8756,0.73,13.73,3.72,4.24,6.58,7.75,8.27,6.39,5.44
20111230,3.68,3.77,3.66,3.67,3.65,0.02,0.55,26621.66,9874.9315,0.73,13.73,3.85,4.37,6.58,7.75,8.27,6.42,2.02
20111229,3.61,3.73,3.61,3.65,3.65,0.0,0.0,22354.34,8165.9235,0.73,13.73,3.85,4.76,6.58,7.75,8.27,6.44,1.63
20111228,3.76,3.78,3.61,3.65,3.8,-0.15,-3.95,40733.43,14859.9965,0.73,13.73,3.85,5.02,6.58,7.75,8.27,6.46,1.3
20111227,3.88,3.93,3.77,3.8,3.85,-0.05,-1.3,15664.55,6035.9343,0.73,13.73,3.98,5.28,6.58,7.75,8.27,6.5,1.64
20111226,3.81,3.94,3.8,3.85,3.89,-0.04,-1.03,12165.0,4715.807,0.73,13.73,3.98,5.28,6.58,7.88,8.27,6.52,1.58
20111223,3.8,3.95,3.8,3.89,3.81,0.08,2.1,19464.56,7565.3274,0.73,13.73,3.98,5.41,6.71,7.88,8.27,6.53,4.01
20111222,3.81,3.93,3.71,3.81,3.91,-0.1,-2.56,34253.11,12902.9014,0.73,13.73,3.98,5.41,6.71,7.88,8.27,6.55,1.45
20111221,4.19,4.19,3.88,3.91,4.08,-0.17,-4.17,55056.89,22504.0005,0.73,13.73,3.98,5.54,6.71,7.88,8.27,6.58,2.33
20111220,3.88,4.08,3.81,4.08,3.89,0.19,4.88,62978.8,25641.3317,0.73,13.73,4.11,5.54,6.71,7.88,8.27,6.63,4.52
20111219,3.9,3.99,3.89,3.89,4.09,-0.2,-4.89,49954.5,19494.8521,0.73,13.73,4.24,5.8,6.71,7.88,8.27,6.69,1.4
20111216,4.08,4.3,4.08,4.09,4.29,-0.2,-4.66,102167.81,42176.2935,0.73,13.73,4.76,5.8,6.71,7.88,8.27,6.74,0.97
20111215,4.29,4.29,4.29,4.29,4.52,-0.23,-5.09,5395.0,2314.455,0.73,13.73,5.41,6.06,6.71,7.88,8.4,6.84,0.88
20111214,4.52,4.52,4.52,4.52,4.76,-0.24,-5.04,6362.0,2875.624,0.73,13.73,5.41,6.06,6.71,7.88,8.4,6.84,0.96
20111213,4.77,4.87,4.76,4.76,5.01,-0.25,-4.99,18197.0,8668.947,0.73,13.73,5.41,6.06,6.71,7.88,8.4,6.85,0.84
20111212,5.23,5.23,5.01,5.01,5.27,-0.26,-4.93,30780.0,15435.779,0.73,13.73,5.54,6.06,6.71,7.88,8.4,6.86,1.36
20111209,5.55,5.55,5.27,5.27,5.55,-0.28,-5.05,45099.99,23973.1706,0.73,13.73,5.54,6.06,6.71,7.88,8.4,6.88,1.41
20111208,5.65,5.67,5.5,5.55,5.61,-0.06,-1.07,26979.65,15064.9727,0.73,13.73,5.54,6.19,6.71,7.88,8.4,6.9,5.37
20111207,5.51,5.7,5.49,5.61,5.51,0.1,1.81,20494.0,11532.235,0.73,13.73,5.67,6.19,6.71,7.88,8.4,6.91,4.58
20111206,5.76,5.76,5.47,5.51,5.76,-0.25,-4.34,38175.52,21160.7887,0.73,13.73,5.67,6.32,6.71,7.88,8.4,6.93,2.53
20111205,6.12,6.12,5.76,5.76,6.06,-0.3,-4.95,38124.35,22146.5366,0.73,13.73,5.8,6.32,6.71,7.88,8.4,6.94,4.18
20111202,6.28,6.28,5.98,6.06,6.29,-0.23,-3.66,29294.01,17866.4573,0.73,13.73,5.8,6.32,6.71,7.88,8.4,6.96,7.82
20111201,6.39,6.48,6.26,6.29,6.27,0.02,0.32,26335.43,16735.2391,0.73,13.73,5.8,6.45,6.71,7.88,8.4,6.97,11.31
20111130,6.45,6.53,6.2,6.27,6.52,-0.25,-3.83,36085.68,22917.5516,0.73,13.73,5.8,6.45,6.71,7.88,8.4,6.97,11.34
20111129,6.54,6.62,6.39,6.52,6.54,-0.02,-0.31,34254.86,22226.8883,0.73,13.73,5.8,6.45,6.71,7.88,8.4,6.98,23.2
20111128,6.62,6.7,6.52,6.54,6.67,-0.13,-1.95,18236.83,12005.3278,0.73,13.73,5.8,6.45,6.71,7.88,8.4,6.99,22.72
20111125,6.51,6.71,6.51,6.67,6.53,0.14,2.14,36841.5,24373.0139,0.73,13.73,5.8,6.45,6.71,7.88,8.4,6.99,36.37
20111124,6.33,6.6,6.32,6.53,6.44,0.09,1.4,27289.78,17781.3365,0.73,13.73,5.8,6.45,6.84,7.88,8.4,6.99,22.89
20111123,6.46,6.68,6.35,6.44,6.49,-0.05,-0.77,25118.0,16330.7637,0.73,13.73,5.8,6.45,6.84,7.88,8.4,7.0,14.16
20111122,6.65,6.69,6.36,6.49,6.69,-0.2,-2.99,54520.27,35350.4778,0.73,13.73,5.8,6.45,6.84,7.88,8.4,7.0,22.17
20111121,6.87,6.87,6.65,6.69,6.87,-0.18,-2.62,50716.41,34206.4903,0.73,13.73,5.8,6.45,6.84,7.88,8.4,7.02,33.44
20111118,6.75,7.05,6.69,6.87,6.78,0.09,1.33,111144.84,76626.392,0.73,13.73,5.8,6.45,6.84,8.01,8.4,7.02,56.27
20111117,6.66,6.87,6.62,6.78,6.64,0.14,2.11,65270.29,44253.2955,0.73,13.73,5.8,6.32,6.84,8.01,8.4,7.03,48.47
20111116,6.71,6.76,6.62,6.64,6.74,-0.1,-1.48,30691.96,20436.874,0.73,13.73,5.8,6.32,6.84,8.01,8.53,7.04,35.68
20111115,6.67,6.78,6.6,6.74,6.68,0.06,0.9,31103.53,20836.1933,0.73,13.73,5.8,6.32,6.84,8.01,8.53,7.04,47.66
20111114,6.79,6.88,6.64,6.68,6.65,0.03,0.45,54360.28,36513.4436,0.73,13.73,5.8,6.32,6.84,8.01,8.53,7.04,35.49
20111111,6.33,6.65,6.3,6.65,6.33,0.32,5.06,57015.77,37286.7279,0.73,13.73,5.8,6.32,6.84,8.01,8.53,7.05,36.0
20111110,6.5,6.5,6.33,6.33,6.54,-0.21,-3.21,32363.66,20764.426,0.73,13.73,5.8,6.32,6.84,8.01,8.53,7.06,15.68
20111109,6.63,6.68,6.47,6.54,6.67,-0.13,-1.95,40702.58,26668.043,0.73,13.73,5.8,6.32,6.84,8.01,8.53,7.07,22.16
20111108,6.56,6.7,6.41,6.67,6.58,0.09,1.37,47760.5,31431.4648,0.73,13.73,5.67,6.32,6.84,8.01,8.53,7.08,33.16
20111107,6.72,6.82,6.48,6.58,6.76,-0.18,-2.66,61560.94,40705.7781,0.73,13.73,5.67,6.32,6.97,8.01,8.53,7.09,21.56
20111104,6.76,6.89,6.67,6.76,6.71,0.05,0.75,46788.84,31718.5925,0.73,13.73,5.67,6.32,6.97,8.01,8.53,7.1,42.35
20111103,6.78,6.85,6.69,6.71,6.77,-0.06,-0.89,47733.05,32177.8414,0.73,13.73,5.67,6.32,6.97,8.01,8.53,7.11,31.89
20111102,6.59,6.79,6.51,6.77,6.7,0.07,1.04,38506.62,25682.7994,0.73,13.73,5.67,6.32,6.97,8.01,8.53,7.11,41.69
20111101,6.66,6.74,6.58,6.7,6.71,-0.01,-0.15,23259.61,15531.7024,0.73,13.73,5.67,6.19,7.1,8.01,8.53,7.12,31.86
20111031,6.71,6.91,6.58,6.71,6.7,0.01,0.15,34877.28,23508.9662,0.73,13.73,5.67,6.19,7.1,8.01,8.53,7.12,31.76
20111028,6.58,6.73,6.5,6.7,6.45,0.25,3.88,48719.34,32325.6913,0.73,13.73,5.67,6.19,7.1,8.01,8.53,7.13,32.04
20111027,6.38,6.66,6.36,6.45,6.42,0.03,0.47,49596.77,32412.6548,0.73,13.73,5.67,6.19,7.1,8.01,8.53,7.14,17.3
20111026,6.8,6.81,6.41,6.42,6.49,-0.07,-1.08,103322.07,67978.8849,0.73,13.73,5.67,6.19,7.23,8.01,8.53,7.15,17.43
20111025,6.44,6.49,6.35,6.49,6.18,0.31,5.02,20148.99,13008.4619,0.73,13.73,5.67,6.19,7.23,8.14,8.53,7.17,22.42
20111024,5.98,6.18,5.97,6.18,5.89,0.29,4.92,33312.94,20563.6372,0.73,13.73,5.67,6.19,7.36,8.14,8.53,7.18,13.98
20111021,5.99,5.99,5.8,5.89,6.09,-0.2,-3.28,38448.72,22593.1905,0.73,13.73,5.67,6.19,7.36,8.14,8.53,7.19,8.55
20111020,6.31,6.42,6.09,6.09,6.41,-0.32,-4.99,46005.33,28179.732,0.73,13.73,5.67,6.32,7.36,8.14,8.66,7.21,11.94
20111019,6.53,6.6,6.36,6.41,6.54,-0.13,-1.99,35383.52,22958.5189,0.73,13.73,5.67,6.45,7.36,8.14,8.66,7.22,14.54
20111018,6.79,6.9,6.54,6.54,6.88,-0.34,-4.94,84511.6,55853.0347,0.73,13.73,5.67,6.45,7.49,8.14,8.66,7.24,18.11
20111017,6.82,7.13,6.65,6.88,6.79,0.09,1.33,105945.14,73043.2822,0.73,13.73,5.67,6.32,7.49,8.14,8.66,7.25,36.12
20111014,6.67,6.88,6.67,6.79,6.76,0.03,0.44,61348.0,41577.362,0.73,13.73,5.54,6.32,7.49,8.14,8.66,7.27,30.88
20111013,6.89,6.95,6.43,6.76,6.62,0.14,2.11,285996.87,192581.0013,0.73,13.73,5.54,6.32,7.49,8.14,8.66,7.28,30.18
20111012,6.62,6.62,6.62,6.62,6.3,0.32,5.08,20107.99,13311.4894,0.73,13.73,5.54,6.19,7.62,8.14,8.66,7.35,22.87
20111011,6.29,6.3,6.15,6.3,6.0,0.3,5.0,34434.5,21665.3114,0.73,13.73,5.54,6.19,7.62,8.14,8.66,7.36,16.24
20111010,5.8,6.0,5.75,6.0,5.71,0.29,5.08,66821.71,39757.7532,0.73,13.73,5.54,6.19,7.62,8.14,8.66,7.37,12.76
20110930,5.45,5.71,5.4,5.71,5.44,0.27,4.96,68332.85,38350.3376,0.73,13.73,5.54,6.45,7.62,8.14,8.66,7.41,7.25
20110929,5.65,5.65,5.37,5.44,5.65,-0.21,-3.72,55586.53,30202.4737,0.73,13.73,5.67,6.45,7.62,8.14,8.66,7.45,3.19
20110928,5.88,5.93,5.64,5.65,5.83,-0.18,-3.09,55094.66,31971.6998,0.73,13.73,5.8,6.58,7.62,8.27,8.66,7.49,2.31
20110927,6.16,6.25,5.83,5.83,6.14,-0.31,-5.05,88046.7,52070.1812,0.73,13.73,5.93,6.71,7.62,8.27,8.66,7.53,3.55
20110926,6.47,6.47,6.11,6.14,6.43,-0.29,-4.51,45007.87,28026.0158,0.73,13.73,6.32,6.84,7.75,8.27,8.66,7.57,3.87
20110923,6.59,6.71,6.4,6.43,6.74,-0.31,-4.6,65885.17,42762.6792,0.73,13.73,6.45,6.97,7.75,8.27,8.66,7.6,4.78
20110922,6.76,7.08,6.74,6.74,6.85,-0.11,-1.61,51668.34,35665.2628,0.73,13.73,6.45,6.97,7.75,8.27,8.66,7.62,10.46
20110921,6.55,6.86,6.52,6.85,6.58,0.27,4.1,55997.54,37892.3859,0.73,13.73,6.45,7.1,7.75,8.27,8.66,7.64,11.91
20110920,6.6,6.67,6.36,6.58,6.63,-0.05,-0.75,60076.91,39372.5086,0.73,13.73,6.45,7.1,7.75,8.27,8.66,7.66,6.37
20110919,6.87,6.87,6.63,6.63,6.98,-0.35,-5.01,66771.25,44683.5303,0.73,13.73,6.45,7.1,7.75,8.27,8.66,7.68,6.18
20110916,7.16,7.19,6.89,6.98,7.14,-0.16,-2.24,53732.38,37868.2613,0.73,13.73,6.45,7.23,7.75,8.27,8.66,7.71,8.99
20110915,7.15,7.38,7.14,7.14,7.14,0.0,0.0,46138.31,33290.6264,0.73,13.73,6.45,7.23,7.75,8.27,8.79,7.72,11.62
20110914,7.15,7.23,7.05,7.14,7.15,-0.01,-0.14,33403.38,23861.6795,0.73,13.73,6.32,7.36,7.75,8.27,8.79,7.73,11.3
20110913,7.09,7.25,6.96,7.15,7.16,-0.01,-0.14,33439.63,23902.6213,0.73,13.73,6.32,7.36,7.75,8.27,8.79,7.73,10.31
20110909,7.23,7.28,6.89,7.16,7.25,-0.09,-1.24,67967.76,48084.6025,0.73,13.73,6.32,7.36,7.75,8.27,8.79,7.75,9.5
20110908,7.67,7.7,7.25,7.25,7.63,-0.38,-4.98,82777.24,61162.859,0.73,13.73,6.32,7.49,7.88,8.4,8.79,7.76,9.61
20110907,7.63,7.75,7.6,7.63,7.64,-0.01,-0.13,40984.7,31435.7601,0.73,13.73,6.32,7.49,7.88,8.4,8.79,7.77,35.36
20110906,7.54,7.64,7.48,7.64,7.57,0.07,0.92,30656.49,23213.0256,0.73,13.73,6.19,7.49,7.88,8.4,8.79,7.78,34.55
20110905,7.47,7.68,7.47,7.57,7.55,0.02,0.26,45699.98,34653.7925,0.73,13.73,6.19,7.49,7.88,8.4,8.79,7.78,23.42
20110902,7.55,7.61,7.42,7.55,7.55,0.0,0.0,46165.13,34665.7156,0.73,13.73,6.19,7.49,7.88,8.4,8.79,7.79,22.74
20110901,7.52,7.74,7.41,7.55,7.57,-0.02,-0.26,86001.48,65123.8529,0.73,13.73,6.19,7.49,7.88,8.4,8.79,7.79,21.6
20110831,7.65,7.79,7.44,7.57,7.67,-0.1,-1.3,113784.76,86390.4056,0.73,13.73,6.19,7.49,7.88,8.4,8.79,7.8,20.22
20110830,7.77,7.95,7.44,7.67,7.83,-0.16,-2.04,233437.83,178194.8872,0.73,13.73,6.06,7.49,7.88,8.4,8.79,7.82,27.12
20110829,7.85,8.09,7.83,7.83,8.24,-0.41,-4.98,283499.78,224180.5421,0.73,13.73,6.06,7.36,7.88,8.53,8.79,7.83,35.19
20110826,7.86,8.24,7.85,8.24,7.85,0.39,4.97,185143.2,151594.2933,0.73,13.73,5.93,7.36,8.01,8.53,8.79,7.83,71.65
20110825,7.69,7.85,7.61,7.85,7.7,0.15,1.95,66451.11,51443.2593,0.73,13.73,5.93,7.36,7.88,8.53,8.79,7.81,40.89
20110824,7.86,8.03,7.65,7.7,7.92,-0.22,-2.78,114682.0,89862.7818,0.73,13.73,5.93,7.36,7.88,8.53,8.79,7.82,27.89
20110823,7.71,8.06,7.61,7.92,7.85,0.07,0.89,130065.31,101849.6861,0.73,13.73,5.93,7.23,8.01,8.53,8.79,7.82,49.64
20110822,8.16,8.52,7.74,7.85,8.15,-0.3,-3.68,244008.63,198516.8024,0.73,13.73,5.8,7.23,8.01,8.66,8.92,7.82,38.08
20110819,8.3,8.45,8.07,8.15,8.49,-0.34,-4.0,166439.02,137134.1079,0.73,13.73,5.8,7.23,7.88,8.66,8.92,7.8,65.82
20110818,8.4,8.68,8.18,8.49,8.45,0.04,0.47,199819.2,168532.3456,0.73,13.73,5.8,7.23,7.88,8.66,8.92,7.77,76.26
20110817,9.11,9.26,8.38,8.45,8.82,-0.37,-4.2,414281.71,365659.421,0.73,13.73,5.67,7.1,7.88,8.66,8.92,7.72,77.67
20110816,8.49,8.82,8.44,8.82,8.4,0.42,5.0,250176.57,219639.1238,0.73,13.73,5.54,6.84,7.75,8.14,8.66,7.53,99.52
20110815,8.09,8.45,8.04,8.4,8.05,0.35,4.35,153092.3,126896.5373,0.73,13.73,5.54,6.58,7.75,8.01,8.27,7.42,97.97
20110812,8.03,8.17,7.95,8.05,7.99,0.06,0.75,84686.46,68296.7702,0.73,13.73,5.41,6.45,7.62,8.01,8.14,7.37,91.8
20110811,7.75,8.12,7.68,7.99,7.88,0.11,1.4,109747.82,87218.047,0.73,13.73,5.41,6.45,7.62,8.01,8.14,7.35,82.35
20110810,7.9,7.97,7.8,7.88,7.81,0.07,0.9,85655.16,67413.7722,0.73,13.73,5.41,6.32,7.62,8.01,8.14,7.33,68.85
20110809,7.53,7.87,7.34,7.81,7.73,0.08,1.03,167488.99,126758.1249,0.73,13.73,5.41,6.32,7.62,8.01,8.14,7.31,69.68
20110808,8.1,8.12,7.73,7.73,8.14,-0.41,-5.04,124617.19,97627.8872,0.73,13.73,5.41,6.19,7.62,8.01,8.14,7.3,53.86
20110805,8.0,8.27,7.9,8.14,8.2,-0.06,-0.73,73808.72,59811.8957,0.73,13.73,5.28,6.19,7.62,8.01,8.14,7.27,91.56
20110804,8.27,8.37,8.1,8.2,8.27,-0.07,-0.85,97509.22,80312.459,0.73,13.73,5.28,6.19,7.62,8.01,8.14,7.25,97.9
20110803,7.88,8.27,7.75,8.27,7.88,0.39,4.95,191851.38,155663.9001,0.73,13.73,5.28,6.06,7.49,7.88,8.01,7.22,99.27
20110802,7.95,7.98,7.75,7.88,7.96,-0.08,-1.01,61862.57,48627.2626,0.73,13.73,5.28,6.06,7.49,7.88,8.01,7.16,78.7
20110801,7.91,8.17,7.9,7.96,7.95,0.01,0.13,105758.56,85166.4271,0.73,13.73,5.28,6.06,7.49,7.88,8.01,7.15,90.92
20110729,7.78,8.05,7.68,7.95,7.78,0.17,2.19,150343.61,118453.7495,0.73,13.73,5.28,6.06,7.36,7.88,8.01,7.11,94.31
20110728,7.77,7.94,7.65,7.78,7.74,0.04,0.52,107529.82,83705.8261,0.73,13.73,5.28,5.93,7.36,7.75,7.88,7.07,86.04
20110727,7.41,7.74,7.35,7.74,7.4,0.34,4.59,92222.68,70030.0492,0.73,13.73,5.28,5.93,7.36,7.75,7.88,7.04,75.28
20110726,7.3,7.54,7.25,7.4,7.3,0.1,1.37,104710.83,77769.2526,0.73,13.73,5.28,5.93,7.36,7.75,7.88,7.03,56.3
20110725,7.35,7.61,7.06,7.3,7.34,-0.04,-0.55,220985.94,162159.282,0.73,13.73,5.28,5.93,7.36,7.75,7.88,7.01,47.93
20110722,7.26,7.39,7.26,7.34,7.23,0.11,1.52,120214.07,88084.8471,0.73,13.73,5.28,5.8,7.36,7.88,8.01,6.99,46.93
20110721,7.52,7.69,7.22,7.23,7.6,-0.37,-4.87,157351.67,115641.3534,0.73,13.73,5.15,5.8,7.36,7.88,8.01,6.98,41.71
20110720,7.79,7.95,7.6,7.6,7.76,-0.16,-2.06,111977.48,86989.8213,0.73,13.73,5.15,5.8,7.36,7.88,8.01,6.96,56.9
20110719,7.84,7.95,7.6,7.76,7.92,-0.16,-2.02,98842.36,76781.0949,0.73,13.73,5.15,5.8,7.36,7.88,8.01,6.93,83.62
20110718,8.01,8.1,7.6,7.92,8.0,-0.08,-1.0,152850.88,120442.9391,0.73,13.73,5.15,5.67,7.23,7.88,8.01,6.89,94.24
20110715,7.81,8.16,7.72,8.0,7.85,0.15,1.91,138096.85,110184.2258,0.73,13.73,5.15,5.67,7.1,7.75,7.88,6.84,95.26
20110714,7.6,7.97,7.5,7.85,7.59,0.26,3.43,219726.25,170810.9259,0.73,13.73,5.15,5.67,7.1,7.75,7.88,6.78,90.08
20110713,7.54,7.65,7.46,7.59,7.56,0.03,0.4,118863.03,90129.5618,0.73,13.73,5.15,5.54,6.97,7.75,7.88,6.7,74.19
20110712,7.47,7.63,7.22,7.56,7.53,0.03,0.4,149562.83,112196.6504,0.73,13.73,5.15,5.54,6.71,7.75,7.88,6.66,74.72
20110711,7.8,8.03,7.45,7.53,7.84,-0.31,-3.95,314691.83,240792.8249,0.73,13.73,5.15,5.54,6.58,7.75,7.88,6.61,74.49
20110708,7.84,8.05,7.65,7.84,7.85,-0.01,-0.13,195792.41,153655.965,0.73,13.73,5.02,5.41,6.45,7.62,7.88,6.47,93.12
20110707,7.46,7.9,7.46,7.85,7.52,0.33,4.39,348675.06,272983.1725,0.73,13.73,5.02,5.41,6.32,7.36,7.75,6.36,96.61
20110706,7.09,7.52,7.09,7.52,7.16,0.36,5.03,201329.34,147212.6026,0.73,13.73,5.02,5.28,6.06,7.1,7.23,6.16,99.36
20110705,7.19,7.28,6.98,7.16,7.2,-0.04,-0.56,173425.95,123552.539,0.73,13.73,5.02,5.28,6.06,6.97,7.1,6.07,95.12
20110704,6.98,7.3,6.98,7.2,6.97,0.23,3.3,123320.69,88889.678,0.73,13.73,4.89,5.28,6.06,6.71,7.1,6.0,97.44
20110701,6.84,7.12,6.83,6.97,6.78,0.19,2.8,237246.89,165902.0142,0.73,13.73,4.89,5.28,5.93,6.58,6.97,5.95,92.94
20110630,6.45,6.78,6.4,6.78,6.46,0.32,4.95,115532.19,77120.6285,0.73,13.73,4.89,5.28,5.93,6.45,6.58,5.85,98.8
20110629,6.37,6.54,6.34,6.46,6.38,0.08,1.25,71237.08,46062.6985,0.73,13.73,4.89,5.28,5.93,6.45,6.58,5.81,92.94
20110628,6.27,6.47,6.26,6.38,6.29,0.09,1.43,49838.08,31794.2372,0.73,13.73,4.89,5.28,5.93,6.32,6.58,5.8,86.54
20110627,6.09,6.5,6.09,6.29,6.29,0.0,0.0,84430.42,53467.1301,0.73,13.73,4.89,5.28,5.8,6.32,6.58,5.79,81.31
20110624,6.1,6.35,6.08,6.29,6.13,0.16,2.61,87369.79,54530.7775,0.73,13.73,4.89,5.28,5.8,6.32,6.58,5.77,83.06
20110623,6.0,6.26,5.9,6.13,5.97,0.16,2.68,90138.14,55466.6844,0.73,13.73,4.89,5.15,5.8,6.32,6.58,5.76,77.5
20110622,5.72,5.97,5.68,5.97,5.69,0.28,4.92,98641.28,58659.5857,0.73,13.73,4.89,5.15,5.8,6.32,6.58,5.74,66.38
20110621,5.47,5.74,5.45,5.69,5.49,0.2,3.64,72582.73,40768.404,0.73,13.73,4.89,5.15,5.8,6.32,6.58,5.74,47.09
20110620,5.81,5.86,5.49,5.49,5.78,-0.29,-5.02,67589.73,37820.1389,0.73,13.73,4.89,5.15,5.8,6.32,6.58,5.74,33.54
20110617,5.73,5.95,5.73,5.78,5.77,0.01,0.17,41852.81,24374.8511,0.73,13.73,4.89,5.15,5.8,6.32,6.58,5.75,44.79
20110616,5.78,5.82,5.66,5.77,5.78,-0.01,-0.17,52666.26,30233.3592,0.73,13.73,4.89,5.15,5.8,6.32,6.58,5.75,45.35
20110615,5.72,5.87,5.7,5.78,5.7,0.08,1.4,89034.69,51472.3959,0.73,13.73,4.89,5.15,5.8,6.32,6.58,5.75,44.98
20110614,5.42,5.7,5.38,5.7,5.43,0.27,4.97,48376.89,27073.7465,0.73,13.73,4.89,5.15,5.8,6.45,6.58,5.75,45.01
20110613,5.31,5.46,5.26,5.43,5.36,0.07,1.31,26263.47,14169.8429,0.73,13.73,4.89,5.15,5.8,6.45,6.58,5.75,36.79
20110610,5.39,5.5,5.23,5.36,5.33,0.03,0.56,36715.12,19673.4475,0.73,13.73,4.89,5.15,5.8,6.45,6.58,5.76,29.52
20110609,5.29,5.44,5.22,5.33,5.3,0.03,0.57,44544.37,23800.6086,0.73,13.73,4.89,5.15,5.93,6.45,6.58,5.76,29.05
20110608,5.27,5.46,5.25,5.3,5.2,0.1,1.92,66041.53,35342.6837,0.73,13.73,4.89,5.15,5.93,6.45,6.58,5.77,28.47
20110607,4.95,5.2,4.91,5.2,4.95,0.25,5.05,30377.31,15578.3885,0.73,13.73,4.89,5.15,5.93,6.45,6.58,5.78,19.5
20110603,4.87,5.0,4.85,4.95,4.85,0.1,2.06,25421.05,12520.7435,0.73,13.73,4.89,5.15,5.93,6.45,6.58,5.79,8.49
20110602,4.92,4.93,4.77,4.85,4.96,-0.11,-2.22,22087.71,10712.4516,0.73,13.73,4.89,5.15,5.93,6.45,6.58,5.8,3.28
20110601,4.94,4.98,4.9,4.96,4.94,0.02,0.4,19053.53,9409.2734,0.73,13.73,4.89,5.15,5.93,6.45,6.58,5.81,6.99
20110531,4.91,4.95,4.8,4.94,4.85,0.09,1.86,27643.17,13515.7707,0.73,13.73,4.89,5.15,5.93,6.45,6.58,5.82,6.49
20110530,4.99,5.0,4.81,4.85,5.0,-0.15,-3.0,21740.17,10662.2237,0.73,13.73,4.89,5.15,5.93,6.45,6.58,5.83,2.83
20110527,5.26,5.29,5.0,5.0,5.26,-0.26,-4.94,31204.51,15947.1982,0.73,13.73,5.02,5.28,5.93,6.45,6.58,5.83,4.96
20110526,5.27,5.33,5.23,5.26,5.27,-0.01,-0.19,17165.42,9067.7866,0.73,13.73,5.02,5.28,5.93,6.45,6.58,5.84,14.13
20110525,5.2,5.39,5.2,5.27,5.2,0.07,1.35,23952.7,12661.5509,0.73,13.73,5.02,5.28,5.93,6.45,6.58,5.84,14.13
20110524,5.34,5.34,5.08,5.2,5.35,-0.15,-2.8,37815.32,19572.785,0.73,13.73,5.02,5.28,5.93,6.45,6.58,5.85,14.13
20110523,5.61,5.64,5.35,5.35,5.63,-0.28,-4.97,48468.33,26243.0122,0.73,13.73,4.89,5.28,5.93,6.45,6.58,5.86,20.48
20110520,5.77,5.85,5.57,5.63,5.79,-0.16,-2.76,37243.66,21194.9464,0.73,13.73,4.89,5.28,5.93,6.45,6.58,5.87,28.89
20110519,5.89,5.94,5.79,5.79,5.89,-0.1,-1.7,26881.1,15726.5033,0.73,13.73,4.89,5.28,5.93,6.45,6.58,5.87,32.44
20110518,5.95,5.95,5.82,5.89,5.98,-0.09,-1.51,24317.32,14304.5895,0.73,13.73,4.89,5.28,5.93,6.45,6.58,5.87,40.11
20110517,6.06,6.14,5.92,5.98,6.05,-0.07,-1.16,27319.82,16474.8474,0.73,13.73,4.89,5.28,5.93,6.45,6.58,5.87,50.92
20110516,6.02,6.16,6.02,6.05,6.1,-0.05,-0.82,26937.21,16381.3632,0.73,13.73,4.89,5.28,5.93,6.45,6.58,5.87,50.8
20110512,6.03,6.3,5.93,6.1,6.03,0.07,1.16,48793.93,29932.9706,0.73,13.73,4.89,5.28,5.93,6.45,6.58,5.87,66.74
20110511,6.06,6.09,5.93,6.03,6.05,-0.02,-0.33,24328.01,14631.9045,0.73,13.73,4.89,5.28,5.93,6.45,6.58,5.86,51.97
20110510,5.97,6.08,5.95,6.05,5.97,0.08,1.34,21072.41,12729.3373,0.73,13.73,4.89,5.28,5.93,6.45,6.58,5.86,52.03
20110509,5.86,5.98,5.85,5.97,5.85,0.12,2.05,23539.15,13950.1833,0.73,13.73,4.89,5.28,5.93,6.45,6.58,5.86,52.09
20110506,5.8,5.87,5.72,5.85,5.84,0.01,0.17,29314.49,16972.9463,0.73,13.73,4.89,5.28,5.93,6.45,6.58,5.86,42.44
20110505,5.83,5.9,5.73,5.84,5.87,-0.03,-0.51,39317.15,22900.6976,0.73,13.73,4.89,5.15,5.93,6.45,6.58,5.86,41.86
20110504,6.15,6.15,5.87,5.87,6.16,-0.29,-4.71,49350.97,29638.6281,0.73,13.73,4.89,5.15,5.93,6.45,6.58,5.87,41.16
20110503,6.11,6.23,6.04,6.16,6.11,0.05,0.82,27954.55,17187.3554,0.73,13.73,4.89,5.15,5.93,6.45,6.58,5.86,64.61
20110429,6.06,6.16,5.9,6.11,6.08,0.03,0.49,35274.48,21291.726,0.73,13.73,4.89,5.15,5.93,6.45,6.58,5.86,64.61
20110428,6.09,6.21,6.03,6.08,6.11,-0.03,-0.49,54865.81,33527.311,0.73,13.73,4.89,5.15,5.93,6.45,6.58,5.86,64.22
20110427,6.18,6.25,5.96,6.11,6.1,0.01,0.16,53244.31,32648.9935,0.73,13.73,4.89,5.15,5.93,6.45,6.58,5.85,64.24
20110426,6.37,6.47,6.08,6.1,6.4,-0.3,-4.69,83274.62,51495.6349,0.73,13.73,4.89,5.15,5.93,6.45,6.58,5.85,64.29
20110425,6.61,6.74,6.4,6.4,6.74,-0.34,-5.04,121891.38,78652.3168,0.73,13.73,4.89,5.15,5.93,6.45,6.58,5.84,76.94
20110422,6.75,6.94,6.4,6.74,6.68,0.06,0.9,123531.7,82557.2116,0.73,13.73,4.89,5.15,5.93,6.45,6.58,5.81,98.51
20110421,6.41,6.68,6.41,6.68,6.36,0.32,5.03,89623.37,59580.23,0.73,13.73,4.89,5.15,5.8,6.45,6.58,5.77,98.24
20110420,6.69,6.69,6.35,6.36,6.59,-0.23,-3.49,107745.21,69669.4442,0.73,13.73,4.89,5.15,5.8,6.32,6.58,5.74,86.85
20110419,6.36,6.59,6.36,6.59,6.28,0.31,4.94,169734.12,111142.081,0.73,13.73,4.89,5.15,5.8,6.32,6.45,5.71,98.63
20110418,6.12,6.42,6.12,6.28,6.13,0.15,2.45,95671.8,60448.2586,0.73,13.73,4.89,5.15,5.8,6.19,6.32,5.66,90.66
20110415,6.1,6.19,6.04,6.13,6.09,0.04,0.66,44549.03,27250.1874,0.73,13.73,4.89,5.15,5.67,6.06,6.32,5.64,85.79
20110414,6.14,6.18,6.02,6.09,6.1,-0.01,-0.16,58010.71,35310.4305,0.73,13.73,4.89,5.15,5.67,6.06,6.32,5.63,85.78
20110413,6.09,6.14,6.01,6.1,6.08,0.02,0.33,46627.06,28284.8874,0.73,13.73,4.89,5.15,5.67,6.06,6.32,5.62,85.78
20110412,6.18,6.19,6.06,6.08,6.16,-0.08,-1.3,48605.71,29803.4421,0.73,13.73,4.89,5.15,5.67,6.06,6.32,5.61,85.74
20110411,6.1,6.24,6.05,6.16,6.11,0.05,0.82,68630.52,42311.6455,0.73,13.73,4.89,5.15,5.54,6.06,6.32,5.6,85.96
20110408,6.08,6.19,6.03,6.11,6.11,0.0,0.0,51246.47,31173.5923,0.73,13.73,4.89,5.15,5.54,6.06,6.32,5.59,86.62
20110407,5.86,6.14,5.8,6.11,5.85,0.26,4.44,83795.59,50489.2485,0.73,13.73,4.89,5.15,5.54,6.06,6.32,5.58,86.6
20110406,5.89,5.95,5.75,5.85,5.9,-0.05,-0.85,51056.66,29751.9911,0.73,13.73,4.89,5.15,5.54,6.06,6.32,5.57,69.34
20110401,5.83,6.04,5.83,5.9,5.85,0.05,0.85,47954.05,28567.5647,0.73,13.73,4.89,5.15,5.54,6.06,6.32,5.56,69.49
20110331,5.73,5.91,5.73,5.85,5.81,0.04,0.69,54289.45,31654.7779,0.73,13.73,4.89,5.15,5.54,6.06,6.32,5.56,70.53
20110330,6.12,6.17,5.81,5.81,6.12,-0.31,-5.07,86432.23,50716.8049,0.73,13.73,4.89,5.15,5.41,6.06,6.32,5.55,70.16
20110329,6.19,6.28,6.11,6.12,6.19,-0.07,-1.13,51882.07,31996.1621,0.73,13.73,4.89,5.15,5.41,6.06,6.32,5.54,85.2
20110328,6.02,6.34,5.99,6.19,6.06,0.13,2.15,77442.48,48083.5554,0.73,13.73,4.89,5.15,5.41,6.06,6.45,5.53,86.03
20110325,5.9,6.17,5.85,6.06,5.89,0.17,2.89,80378.94,48790.646,0.73,13.73,4.89,5.02,5.41,6.06,6.45,5.51,81.87
20110324,5.88,5.96,5.8,5.89,5.84,0.05,0.86,43327.7,25539.1119,0.73,13.73,4.89,5.02,5.41,6.06,6.45,5.49,77.31
20110323,5.82,5.95,5.78,5.84,5.8,0.04,0.69,48523.92,28542.9429,0.73,13.73,4.89,5.02,5.41,6.06,6.45,5.49,77.86
20110322,5.84,5.88,5.68,5.8,5.83,-0.03,-0.51,46873.58,26991.9652,0.73,13.73,4.89,5.02,5.41,6.06,6.45,5.48,72.83
20110321,5.83,5.98,5.77,5.83,5.79,0.04,0.69,117239.36,69037.6637,0.73,13.73,4.76,5.02,5.41,6.06,6.45,5.48,77.89
20110318,5.53,5.79,5.53,5.79,5.51,0.28,5.08,107679.11,61919.3241,0.73,13.73,4.76,5.02,5.28,6.06,6.45,5.46,76.34
20110317,5.58,5.58,5.46,5.51,5.62,-0.11,-1.96,57170.45,31683.0701,0.73,13.73,4.76,5.02,5.28,6.06,6.45,5.45,65.01
20110316,5.51,5.65,5.45,5.62,5.56,0.06,1.08,71512.0,39669.5827,0.73,13.73,4.76,5.02,5.28,6.06,6.45,5.45,72.91
20110315,5.41,5.61,5.25,5.56,5.43,0.13,2.39,111422.26,60782.9768,0.73,13.73,4.76,5.02,5.28,6.06,6.45,5.45,72.54
20110314,5.39,5.44,5.34,5.43,5.42,0.01,0.18,53012.47,28604.6027,0.73,13.73,4.76,5.02,5.28,6.19,6.45,5.45,67.5
20110311,5.44,5.52,5.4,5.42,5.46,-0.04,-0.73,42846.56,23391.7288,0.73,13.73,4.76,5.02,5.28,6.19,6.45,5.45,67.0
20110310,5.54,5.59,5.45,5.46,5.56,-0.1,-1.8,61109.02,33573.6451,0.73,13.73,4.76,5.02,5.28,6.19,6.45,5.45,66.68
20110309,5.49,5.59,5.43,5.56,5.49,0.07,1.28,77160.09,42563.9078,0.73,13.73,4.76,5.02,5.28,6.19,6.45,5.45,70.02
20110308,5.33,5.53,5.3,5.49,5.33,0.16,3.0,93722.0,50855.2219,0.73,13.73,4.76,5.02,5.28,6.19,6.45,5.45,67.96
20110307,5.29,5.39,5.28,5.33,5.3,0.03,0.57,62589.27,33394.643,0.73,13.73,4.76,5.02,5.28,6.19,6.45,5.45,62.98
20110304,5.26,5.3,5.19,5.3,5.25,0.05,0.95,56881.31,29883.6086,0.73,13.73,4.76,5.02,5.28,6.19,6.45,5.46,62.7
20110303,5.23,5.36,5.22,5.25,5.23,0.02,0.38,76199.5,40310.5306,0.73,13.73,4.76,5.02,5.28,6.19,6.45,5.46,43.16
20110302,5.29,5.3,5.19,5.23,5.31,-0.08,-1.51,54050.03,28283.2195,0.73,13.73,4.76,5.02,5.28,6.19,6.45,5.47,44.06
20110301,5.3,5.36,5.24,5.31,5.3,0.01,0.19,81651.52,43263.5409,0.73,13.73,4.76,4.89,5.28,6.19,6.45,5.47,60.66
20110228,5.19,5.32,5.13,5.3,5.18,0.12,2.32,78257.63,40856.8325,0.73,13.73,4.76,4.89,5.28,6.19,6.45,5.48,59.84
20110225,5.23,5.31,5.17,5.18,5.24,-0.06,-1.15,74041.5,38843.1594,0.73,13.73,4.76,4.89,5.28,6.19,6.45,5.49,44.53
20110224,5.15,5.28,5.11,5.24,5.16,0.08,1.55,62722.47,32487.4689,0.73,13.73,4.76,4.89,5.28,6.19,6.45,5.49,44.56
20110223,5.12,5.23,5.12,5.16,5.16,0.0,0.0,56210.12,29110.887,0.73,13.73,4.76,4.89,5.28,6.19,6.45,5.5,43.53
20110222,5.3,5.34,5.07,5.16,5.31,-0.15,-2.82,60297.28,31238.6745,0.73,13.73,4.76,4.89,5.28,6.19,6.45,5.51,42.58
20110221,5.31,5.38,5.26,5.31,5.32,-0.01,-0.19,71458.55,37979.6948,0.73,13.73,4.76,4.89,5.28,6.32,6.45,5.52,54.95
20110218,5.25,5.38,5.17,5.32,5.24,0.08,1.53,67857.96,35676.1427,0.73,13.73,4.76,4.89,5.28,6.32,6.45,5.52,54.07
20110217,5.32,5.45,5.21,5.24,5.35,-0.11,-2.06,93192.83,49584.3135,0.73,13.73,4.76,4.89,5.28,6.32,6.45,5.53,42.9
20110216,5.16,5.35,5.14,5.35,5.16,0.19,3.68,84286.9,44215.6019,0.73,13.73,4.76,4.89,5.28,6.32,6.58,5.54,52.72
20110215,5.17,5.28,5.12,5.16,5.16,0.0,0.0,58565.49,30438.8352,0.73,13.73,4.76,4.89,5.28,6.32,6.58,5.55,43.55
20110214,5.1,5.27,5.06,5.16,5.11,0.05,0.98,59659.14,30842.9753,0.73,13.73,4.76,4.89,5.28,6.32,6.58,5.56,42.57
20110211,5.07,5.18,5.03,5.11,5.07,0.04,0.79,55020.89,28098.3416,0.73,13.73,4.76,4.89,5.41,6.32,6.58,5.57,30.57
20110210,4.88,5.11,4.88,5.07,4.89,0.18,3.68,59003.79,29416.3078,0.73,13.73,4.76,4.89,5.54,6.32,6.58,5.58,30.26
20110209,4.87,4.95,4.87,4.89,4.94,-0.05,-1.01,30050.03,14736.3374,0.73,13.73,4.76,4.89,5.54,6.32,6.58,5.59,9.32
20110201,4.93,4.99,4.92,4.94,4.91,0.03,0.61,26300.85,13018.1667,0.73,13.73,4.76,4.89,5.67,6.32,6.58,5.6,19.23
20110131,4.91,4.96,4.89,4.91,4.91,0.0,0.0,32378.61,15901.478,0.73,13.73,4.76,4.89,5.67,6.32,6.58,5.61,18.68
20110128,4.9,4.96,4.86,4.91,4.94,-0.03,-0.61,27574.75,13538.7372,0.73,13.73,4.76,4.89,5.67,6.32,6.58,5.62,17.98
20110127,4.79,5.02,4.73,4.94,4.78,0.16,3.35,49705.2,24563.1831,0.73,13.73,4.76,4.89,5.67,6.32,6.58,5.62,17.24
20110126,4.73,4.83,4.73,4.78,4.74,0.04,0.84,17968.36,8616.0218,0.73,13.73,4.76,4.89,5.8,6.32,6.58,5.64,8.85
20110125,4.9,4.94,4.67,4.74,4.89,-0.15,-3.07,32889.84,15729.3164,0.73,13.73,4.76,4.89,5.8,6.32,6.58,5.65,2.25
20110124,4.72,4.96,4.69,4.89,4.72,0.17,3.6,56688.86,27448.4032,0.73,13.73,4.76,5.02,5.8,6.32,6.58,5.65,7.62
20110121,4.75,4.82,4.65,4.72,4.79,-0.07,-1.46,30862.38,14660.5711,0.73,13.73,4.76,5.02,5.8,6.32,6.58,5.67,2.0
20110120,4.9,4.92,4.79,4.79,4.91,-0.12,-2.44,42647.14,20690.143,0.73,13.73,4.76,5.02,5.8,6.32,6.58,5.69,5.39
20110119,4.84,4.95,4.8,4.91,4.86,0.05,1.03,37226.21,18128.3019,0.73,13.73,4.89,5.02,5.8,6.32,6.58,5.7,10.09
20110118,4.72,4.88,4.72,4.86,4.79,0.07,1.46,37231.45,17915.9832,0.73,13.73,4.89,5.02,5.8,6.32,6.58,5.71,4.2
20110117,5.01,5.06,4.79,4.79,5.04,-0.25,-4.96,65332.31,31809.4903,0.73,13.73,4.89,5.02,5.93,6.32,6.58,5.72,3.01
20110114,5.0,5.12,4.97,5.04,5.01,0.03,0.6,56832.17,28695.3579,0.73,13.73,4.89,5.15,5.93,6.32,6.58,5.75,14.43
20110113,5.0,5.07,4.96,5.01,5.02,-0.01,-0.2,41618.87,20895.2615,0.73,13.73,4.89,5.15,5.93,6.32,6.58,5.76,5.72
20110112,5.02,5.09,4.95,5.02,5.07,-0.05,-0.99,55481.38,27835.9403,0.73,13.73,4.89,5.15,5.93,6.32,6.58,5.78,5.6
20110111,4.89,5.1,4.72,5.07,4.89,0.18,3.68,97182.22,47834.7936,0.73,13.73,4.89,5.15,5.93,6.32,6.58,5.79,10.0
20110110,5.13,5.17,4.89,4.89,5.15,-0.26,-5.05,110037.45,55051.3315,0.73,13.73,5.02,5.15,5.93,6.32,6.58,5.82,1.34
20110107,5.16,5.22,5.11,5.15,5.16,-0.01,-0.19,82810.12,42728.3589,0.73,13.73,5.15,5.15,5.93,6.32,6.58,5.86,3.71
20110106,5.25,5.34,5.16,5.16,5.26,-0.1,-1.9,118222.68,61894.809,0.73,13.73,5.15,5.28,6.06,6.45,6.58,5.88,13.75
20110105,5.22,5.34,5.15,5.26,5.27,-0.01,-0.19,161323.97,84567.7966,0.73,13.73,5.15,5.28,6.06,6.45,6.58,5.91,12.31
20110104,5.08,5.29,5.01,5.27,5.23,0.04,0.76,187334.73,96702.256,0.73,13.73,5.15,5.28,6.06,6.45,6.58,5.96,10.25
20101231,5.23,5.38,5.23,5.23,5.51,-0.28,-5.08,207435.85,108624.9389,0.73,13.73,5.15,5.67,6.06,6.45,6.58,6.02,5.55
20101230,5.51,5.7,5.51,5.51,5.8,-0.29,-5.0,36915.0,20370.811,0.73,13.73,5.41,5.8,6.06,6.45,6.58,6.09,5.05
20100427,5.78,5.97,5.67,5.8,5.97,-0.17,-2.85,165465.06,95243.0421,0.73,13.73,5.54,5.8,6.19,6.45,6.58,6.09,11.73
20100426,5.97,6.11,5.97,5.97,6.28,-0.31,-4.94,251801.17,150598.1824,0.73,13.73,5.54,5.8,6.19,6.45,6.58,6.12,28.03
20100423,6.29,6.4,6.19,6.28,6.33,-0.05,-0.79,72650.89,45662.1458,0.73,13.73,5.41,5.8,6.19,6.45,6.58,6.13,59.28
20100422,6.38,6.46,6.25,6.33,6.4,-0.07,-1.09,61443.28,38988.3734,0.73,13.73,5.41,5.8,6.19,6.45,6.58,6.12,76.09
20100421,6.2,6.45,6.2,6.4,6.29,0.11,1.75,83751.79,53057.0552,0.73,13.73,5.41,5.8,6.19,6.45,6.58,6.12,76.41
20100420,6.17,6.33,6.02,6.29,6.29,0.0,0.0,66226.78,40946.5359,0.73,13.73,5.41,5.8,6.19,6.45,6.58,6.11,62.46
20100419,6.51,6.53,6.29,6.29,6.62,-0.33,-4.98,120512.08,76858.5129,0.73,13.73,5.41,5.8,6.19,6.45,6.58,6.11,61.97
20100416,6.61,6.72,6.41,6.62,6.56,0.06,0.91,64962.91,42913.831,0.73,13.73,5.41,5.8,6.19,6.45,6.58,6.1,95.91
20100415,6.63,6.9,6.55,6.56,6.64,-0.08,-1.2,97667.78,65366.3949,0.73,13.73,5.41,5.8,6.19,6.45,6.58,6.09,88.12
20100414,6.36,6.67,6.25,6.64,6.36,0.28,4.4,125271.41,81724.4771,0.73,13.73,5.41,5.8,6.19,6.45,6.58,6.07,98.38
20100413,6.62,6.69,6.29,6.36,6.62,-0.26,-3.93,131813.0,84598.1143,0.73,13.73,5.41,5.8,6.06,6.45,6.58,6.05,83.47
20100412,6.41,6.7,6.36,6.62,6.4,0.22,3.44,150453.47,99364.0907,0.73,13.73,5.41,5.67,6.06,6.32,6.58,6.04,98.55
20100409,6.16,6.46,6.13,6.4,6.16,0.24,3.9,153321.72,97717.465,0.73,13.73,5.41,5.67,6.06,6.32,6.45,6.01,90.16
20100408,6.29,6.29,6.13,6.16,6.29,-0.13,-2.07,65101.09,40414.0822,0.73,13.73,5.28,5.67,6.06,6.32,6.45,5.99,61.63
20100407,6.29,6.35,6.24,6.29,6.32,-0.03,-0.47,69847.59,43884.0766,0.73,13.73,5.28,5.67,6.06,6.32,6.45,5.99,82.65
20100406,6.21,6.33,6.2,6.32,6.2,0.12,1.94,83029.04,52026.7919,0.73,13.73,5.28,5.67,6.06,6.32,6.45,5.98,83.7
20100402,6.13,6.26,6.09,6.2,6.12,0.08,1.31,55974.12,34637.2529,0.73,13.73,5.28,5.67,6.06,6.32,6.45,5.97,84.99
20100401,6.06,6.14,6.06,6.12,6.04,0.08,1.32,59209.79,36124.7751,0.73,13.73,5.28,5.67,6.06,6.32,6.45,5.97,67.73
20100331,6.07,6.12,6.04,6.04,6.07,-0.03,-0.49,39436.41,23955.9533,0.73,13.73,5.28,5.67,6.06,6.32,6.45,5.96,45.11
20100330,6.12,6.15,6.05,6.07,6.12,-0.05,-0.82,42762.83,26029.786,0.73,13.73,5.28,5.67,6.06,6.32,6.45,5.96,67.27
20100329,6.11,6.16,6.05,6.12,6.09,0.03,0.49,38290.52,23327.1678,0.73,13.73,5.28,5.67,6.06,6.32,6.45,5.96,66.94
20100326,6.03,6.14,6.0,6.09,6.03,0.06,1.0,37106.37,22543.1484,0.73,13.73,5.28,5.67,6.06,6.32,6.45,5.96,66.63
20100325,6.08,6.13,6.02,6.03,6.1,-0.07,-1.15,43046.57,26103.5235,0.73,13.73,5.28,5.67,6.06,6.32,6.45,5.96,47.02
20100324,6.18,6.2,6.09,6.1,6.18,-0.08,-1.29,43124.5,26477.1139,0.73,13.73,5.28,5.67,6.06,6.32,6.45,5.96,65.98
20100323,6.27,6.29,6.16,6.18,6.27,-0.09,-1.44,45439.7,28204.6721,0.73,13.73,5.28,5.67,6.06,6.32,6.45,5.95,66.34
20100322,6.19,6.32,6.15,6.27,6.19,0.08,1.29,57790.16,36168.4616,0.73,13.73,5.28,5.67,6.06,6.32,6.45,5.95,83.22
20100319,6.19,6.22,6.12,6.19,6.17,0.02,0.32,38319.26,23592.4128,0.73,13.73,5.28,5.67,5.93,6.32,6.45,5.95,68.48
20100318,6.2,6.28,6.16,6.17,6.18,-0.01,-0.16,44484.56,27587.4866,0.73,13.73,5.28,5.67,5.93,6.32,6.45,5.94,68.83
20100317,6.09,6.2,6.08,6.18,6.07,0.11,1.81,43988.55,27051.573,0.73,13.73,5.28,5.67,5.93,6.32,6.58,5.94,69.78
20100316,5.95,6.07,5.95,6.07,5.97,0.1,1.68,29549.61,17789.5196,0.73,13.73,5.28,5.67,5.93,6.32,6.58,5.94,70.21
20100315,6.08,6.12,5.94,5.97,6.08,-0.11,-1.81,42072.83,25257.7096,0.73,13.73,5.28,5.67,5.93,6.32,6.58,5.94,52.73
20100312,6.18,6.18,6.03,6.08,6.18,-0.1,-1.62,41797.61,25474.0588,0.73,13.73,5.28,5.67,5.93,6.32,6.58,5.94,69.57
20100311,6.14,6.23,6.01,6.18,6.16,0.02,0.32,64556.12,39658.4236,0.73,13.73,5.28,5.67,5.93,6.32,6.58,5.93,69.29
20100310,6.25,6.31,6.11,6.16,6.24,-0.08,-1.28,52587.44,32706.0751,0.73,13.73,5.28,5.54,5.93,6.32,6.58,5.93,69.45
20100309,6.24,6.25,6.15,6.24,6.2,0.04,0.65,43292.09,26867.6194,0.73,13.73,5.28,5.54,5.93,6.32,6.58,5.93,81.6
20100308,6.19,6.27,6.11,6.2,6.16,0.04,0.65,45196.74,28078.8707,0.73,13.73,5.28,5.54,5.93,6.32,6.58,5.92,81.51
20100305,6.16,6.24,6.08,6.16,6.18,-0.02,-0.32,69668.35,42914.0189,0.73,13.73,5.28,5.54,5.93,6.32,6.58,5.92,72.57
20100304,6.5,6.64,6.18,6.18,6.5,-0.32,-4.92,119304.92,75494.6919,0.73,13.73,5.28,5.54,5.93,6.32,6.58,5.91,73.35
20100303,6.46,6.68,6.45,6.5,6.48,0.02,0.31,78782.27,51511.3059,0.73,13.73,5.28,5.54,5.93,6.32,6.58,5.89,94.7
20100302,6.57,6.65,6.41,6.48,6.56,-0.08,-1.22,96452.73,62674.27,0.73,13.73,5.28,5.54,5.93,6.19,6.45,5.87,96.25
20100301,6.34,6.66,6.29,6.56,6.34,0.22,3.47,166077.06,108251.2315,0.73,13.73,5.28,5.54,5.93,6.19,6.45,5.85,97.54
20100226,6.19,6.43,6.13,6.34,6.24,0.1,1.6,128198.11,80376.0244,0.73,13.73,5.15,5.54,5.93,6.06,6.19,5.81,98.81
20100225,6.09,6.33,6.06,6.24,6.08,0.16,2.63,145818.73,90261.6683,0.73,13.73,5.15,5.54,5.93,6.06,6.19,5.79,97.09
20100224,6.03,6.15,5.97,6.08,6.07,0.01,0.16,81343.26,49320.9298,0.73,13.73,5.15,5.54,5.8,6.06,6.06,5.77,96.16
20100223,5.96,6.08,5.85,6.07,5.96,0.11,1.85,71892.42,42930.4065,0.73,13.73,5.15,5.54,5.8,6.06,6.06,5.76,96.46
20100222,5.9,6.07,5.9,5.96,5.97,-0.01,-0.17,68205.84,40912.1831,0.73,13.73,5.15,5.41,5.8,6.06,6.06,5.75,80.83
20100212,5.87,6.08,5.79,5.97,5.82,0.15,2.58,72930.6,43547.4814,0.73,13.73,5.15,5.41,5.8,6.06,6.06,5.75,81.32
20100211,5.87,5.92,5.81,5.82,5.85,-0.03,-0.51,36103.84,21171.3285,0.73,13.73,5.15,5.41,5.8,6.06,6.06,5.74,57.14
20100210,5.94,6.04,5.74,5.85,5.91,-0.06,-1.02,86206.47,50771.1856,0.73,13.73,5.15,5.41,5.8,6.06,6.06,5.74,56.89
20100209,6.05,6.13,5.86,5.91,6.13,-0.22,-3.59,113177.41,67614.0909,0.73,13.73,5.15,5.41,5.8,6.06,6.06,5.74,56.7
20100208,5.76,6.13,5.76,6.13,5.84,0.29,4.97,212500.75,129102.8328,0.73,13.73,5.15,5.41,5.8,6.06,6.06,5.73,96.51
20100205,5.98,6.17,5.8,5.84,6.11,-0.27,-4.42,233870.44,139059.5463,0.73,13.73,5.15,5.41,5.8,6.06,6.06,5.71,62.3
20100204,5.81,6.12,5.72,6.11,5.83,0.28,4.8,303610.72,184334.4931,0.73,13.73,5.15,5.41,5.8,5.93,6.06,5.68,96.97
20100203,5.7,5.95,5.44,5.83,5.73,0.1,1.75,117625.74,67311.1192,0.73,13.73,5.02,5.28,5.67,5.93,6.06,5.65,73.73
20100202,5.78,5.95,5.69,5.73,5.72,0.01,0.17,81105.49,47264.2813,0.73,13.73,5.02,5.28,5.67,5.93,6.06,5.64,54.4
20100129,5.51,5.78,5.49,5.72,5.58,0.14,2.51,67391.12,38453.2958,0.73,13.73,5.02,5.28,5.67,5.93,6.06,5.64,55.84
20100128,5.43,5.59,5.36,5.58,5.41,0.17,3.14,46904.98,25699.1452,0.73,13.73,5.02,5.28,5.67,5.93,6.06,5.64,36.66
20100127,5.48,5.55,5.29,5.41,5.49,-0.08,-1.46,53762.87,29054.8725,0.73,13.73,5.02,5.28,5.67,5.93,6.06,5.64,16.76
20100126,5.72,5.8,5.46,5.49,5.75,-0.26,-4.52,71005.02,39587.291,0.73,13.73,5.02,5.28,5.67,5.93,6.06,5.65,23.67
20100125,5.77,5.86,5.65,5.75,5.77,-0.02,-0.35,43122.73,24903.0675,0.73,13.73,5.02,5.28,5.67,5.93,6.06,5.65,52.01
20100122,5.87,5.96,5.66,5.77,5.95,-0.18,-3.03,77715.09,45069.31,0.73,13.73,5.02,5.28,5.67,5.93,6.06,5.65,51.85
20100121,6.14,6.14,5.85,5.95,6.16,-0.21,-3.41,151857.33,90716.161,0.73,13.73,5.02,5.28,5.67,5.93,6.06,5.64,89.28
20100120,5.9,6.2,5.78,6.16,5.9,0.26,4.41,233960.39,140528.3009,0.73,13.73,4.89,5.28,5.67,5.93,6.06,5.62,97.2
20100119,5.93,5.97,5.84,5.9,5.94,-0.04,-0.67,77361.7,45696.0629,0.73,13.73,4.89,5.28,5.67,5.93,6.06,5.59,79.44
20100118,5.76,5.95,5.71,5.94,5.75,0.19,3.3,105943.89,62427.5117,0.73,13.73,4.89,5.28,5.67,5.93,6.06,5.58,94.13
20100115,5.68,5.76,5.6,5.75,5.7,0.05,0.88,75108.25,42813.5471,0.73,13.73,4.89,5.28,5.67,5.93,6.06,5.57,64.82
20100114,5.6,5.71,5.6,5.7,5.6,0.1,1.79,64647.59,36634.5623,0.73,13.73,4.89,5.28,5.67,5.93,6.06,5.57,64.18
20100113,5.76,5.8,5.59,5.6,5.88,-0.28,-4.76,101400.33,57790.6044,0.73,13.73,4.89,5.28,5.67,5.93,6.06,5.57,44.99
20100112,5.76,5.91,5.76,5.88,5.81,0.07,1.2,75833.33,44299.6312,0.73,13.73,4.89,5.28,5.67,5.93,6.06,5.56,79.55
20100111,6.0,6.04,5.75,5.81,5.98,-0.17,-2.84,111188.87,64806.2232,0.73,13.73,4.89,5.28,5.67,5.93,6.06,5.56,79.33
20100108,5.89,6.08,5.8,5.98,5.96,0.02,0.34,112841.52,67451.8843,0.73,13.73,4.89,5.28,5.67,5.93,6.06,5.54,93.39
20100107,5.85,6.06,5.73,5.96,5.86,0.1,1.71,185562.47,110145.2845,0.73,13.73,4.76,5.15,5.54,5.93,6.06,5.53,94.78
20100106,5.99,6.14,5.86,5.86,5.94,-0.08,-1.35,125942.95,75294.6909,0.73,13.73,4.76,5.15,5.54,5.8,5.93,5.5,86.69
20100104,5.76,6.06,5.75,5.94,5.77,0.17,2.95,161798.16,95915.0474,0.73,13.73,4.76,5.15,5.54,5.8,5.93,5.48,96.7
