trade_date,open,high,low,close,pre_close,change,pct_chg,vol,amount,his_low,his_high,cost_5pct,cost_15pct,cost_50pct,cost_85pct,cost_95pct,weight_avg,winner_rate
20231221,5.95,6.12,5.9,6.03,5.95,0.08,1.3445,1922645.51,1154036.344,1.45,23.45,5.85,6.07,6.29,6.51,6.73,6.33,12.97
20231220,6.19,6.33,5.93,5.95,6.23,-0.28,-4.4944,2327043.79,1406019.73,1.45,23.45,5.85,6.07,6.29,6.51,6.73,6.37,7.81
20231219,6.16,6.33,6.1,6.23,6.2,0.03,0.4839,2428440.57,1509862.223,1.45,23.45,6.07,6.07,6.29,6.51,6.73,6.45,15.09
20231218,6.65,6.72,6.2,6.2,6.64,-0.44,-6.6265,3520771.48,2237057.371,1.45,23.45,6.07,6.29,6.51,6.73,6.73,6.52,5.19
20231215,6.57,6.8,6.26,6.64,6.57,0.07,1.0654,4556267.75,2983641.602,1.45,23.45,6.29,6.29,6.51,6.73,6.73,6.57,72.24
20231214,6.49,6.8,6.34,6.57,6.44,0.13,2.0186,4434223.18,2923187.735,1.45,23.45,6.29,6.29,6.51,6.73,6.73,6.56,74.75
20231213,6.27,6.82,6.26,6.44,6.35,0.09,1.4173,4352247.92,2844166.38,1.45,23.45,6.07,6.29,6.51,6.73,6.73,6.49,44.97
20231212,6.5,6.69,6.27,6.35,6.59,-0.24,-3.6419,3857345.65,2484598.517,1.45,23.45,6.07,6.29,6.29,6.51,6.73,6.43,57.47
20231211,6.35,6.63,6.3,6.59,6.43,0.16,2.4883,4154967.44,2673364.27,1.45,23.45,6.07,6.29,6.29,6.51,6.73,6.43,93.33
20231208,6.31,6.65,6.07,6.43,6.31,0.12,1.9017,5702220.02,3610150.935,1.45,23.45,6.07,6.29,6.29,6.51,6.73,6.39,62.22
20231207,6.65,6.8,6.27,6.31,6.58,-0.27,-4.1033,5924137.29,3835953.483,1.45,23.45,5.19,5.63,6.29,6.51,6.73,6.24,62.81
20231206,5.65,6.84,5.53,6.58,5.7,0.88,15.4386,7255079.97,4568369.449,1.45,23.45,4.75,5.19,5.85,6.51,6.73,5.93,92.57
20231205,5.45,5.83,5.32,5.7,5.58,0.12,2.1505,4124414.93,2303116.836,1.45,23.45,4.53,4.97,5.41,5.63,5.63,5.34,95.47
20231204,5.33,5.8,5.33,5.58,5.23,0.35,6.6922,4526283.44,2553193.583,1.45,23.45,4.53,4.75,5.19,5.63,5.63,5.26,80.74
20231201,4.77,5.28,4.76,5.23,4.77,0.46,9.6436,2267804.75,1144451.938,1.45,23.45,4.53,4.75,5.19,5.41,5.63,5.18,72.9
20231130,4.83,4.85,4.74,4.77,4.84,-0.07,-1.4463,528176.62,252526.11,1.45,23.45,4.53,4.75,5.19,5.41,5.63,5.18,25.57
20231129,4.91,4.93,4.82,4.84,4.92,-0.08,-1.626,531855.09,258773.543,1.45,23.45,4.53,4.75,5.19,5.41,5.63,5.19,24.29
20231128,4.86,4.98,4.86,4.92,4.88,0.04,0.8197,695543.16,341760.685,1.45,23.45,4.53,4.75,5.19,5.41,5.63,5.2,23.24
20231127,4.92,4.97,4.85,4.88,4.95,-0.07,-1.4141,676067.97,330537.24,1.45,23.45,4.53,4.75,5.19,5.41,5.63,5.2,22.68
20231124,5.06,5.13,4.92,4.95,5.1,-0.15,-2.9412,995109.35,498002.476,1.45,23.45,4.53,4.75,5.19,5.41,5.63,5.21,21.28
20231123,5.15,5.16,5.02,5.1,5.14,-0.04,-0.7782,923361.29,469220.464,1.45,23.45,4.53,4.75,5.19,5.41,5.63,5.22,33.09
20231122,5.13,5.24,5.12,5.14,5.19,-0.05,-0.9634,1046602.34,542095.257,1.45,23.45,4.31,4.75,5.19,5.41,5.63,5.22,31.55
20231121,5.27,5.34,5.18,5.19,5.27,-0.08,-1.518,1511612.05,795772.662,1.45,23.45,4.31,4.75,5.19,5.41,5.63,5.22,31.04
20231120,5.21,5.31,5.2,5.27,5.21,0.06,1.1516,1197479.84,629121.393,1.45,23.45,4.31,4.53,5.19,5.41,5.63,5.22,62.98
20231117,5.18,5.26,5.14,5.21,5.24,-0.03,-0.5725,1186012.83,615880.473,1.45,23.45,4.31,4.53,5.19,5.41,5.63,5.22,62.43
20231116,5.14,5.38,5.13,5.24,5.19,0.05,0.9634,1845892.97,973798.678,1.45,23.45,4.31,4.53,5.19,5.63,5.63,5.21,61.24
20231115,5.32,5.34,5.16,5.19,5.28,-0.09,-1.7045,1447186.47,755343.594,1.45,23.45,4.31,4.53,5.19,5.63,5.85,5.21,36.5
20231114,5.31,5.33,5.22,5.28,5.32,-0.04,-0.7519,1721309.16,906507.934,1.45,23.45,4.31,4.53,5.19,5.63,5.85,5.2,57.67
20231113,5.39,5.66,5.28,5.32,5.25,0.07,1.3333,2751408.07,1493817.936,1.45,23.45,4.31,4.53,5.19,5.63,5.85,5.2,56.49
20231110,5.46,5.59,5.23,5.25,5.58,-0.33,-5.914,2664697.93,1420833.426,1.45,23.45,4.31,4.53,5.19,5.63,5.85,5.15,62.21
20231109,5.4,5.85,5.35,5.58,5.49,0.09,1.6393,4199591.82,2340808.334,1.45,23.45,4.31,4.53,4.97,5.63,5.85,5.13,82.65
20231108,4.83,5.74,4.81,5.49,4.8,0.69,14.375,4798300.46,2550844.618,1.45,23.45,4.31,4.53,4.97,5.41,5.85,5.04,86.62
20231107,4.8,4.86,4.71,4.8,4.77,0.03,0.6289,1288545.52,616013.061,1.45,23.45,4.31,4.53,4.75,5.41,6.07,4.98,60.18
20231106,4.59,4.78,4.57,4.77,4.56,0.21,4.6053,1552478.47,732672.561,1.45,23.45,4.31,4.53,4.75,5.41,6.07,4.98,58.79
20231103,4.59,4.61,4.45,4.56,4.62,-0.06,-1.2987,1169304.41,530281.713,1.45,23.45,4.31,4.31,4.75,5.41,6.07,5.0,40.06
20231102,4.43,4.71,4.42,4.62,4.46,0.16,3.5874,2069003.62,953898.288,1.45,23.45,4.31,4.31,4.75,5.41,6.07,5.02,37.85
20231101,4.4,4.63,4.38,4.46,4.42,0.04,0.905,1120741.82,505052.942,1.45,23.45,4.31,4.31,4.75,5.63,6.07,5.05,15.78
20231031,4.46,4.53,4.38,4.42,4.44,-0.02,-0.4505,785861.83,349438.087,1.45,23.45,4.31,4.53,4.97,5.63,6.29,5.08,14.52
20231030,4.34,4.45,4.3,4.44,4.38,0.06,1.3699,617840.15,271504.959,1.45,23.45,4.31,4.53,4.97,5.63,6.29,5.1,12.65
20231027,4.33,4.4,4.29,4.38,4.36,0.02,0.4587,553532.79,240312.564,1.45,23.45,4.31,4.53,4.97,5.63,6.29,5.11,10.83
20231026,4.32,4.37,4.28,4.36,4.35,0.01,0.2299,448579.36,194092.641,1.45,23.45,4.31,4.53,4.97,5.63,6.29,5.13,9.18
20231025,4.36,4.43,4.32,4.35,4.34,0.01,0.2304,589510.94,256961.568,1.45,23.45,4.31,4.53,4.97,5.63,6.29,5.14,7.81
20231024,4.29,4.38,4.27,4.34,4.23,0.11,2.6005,597041.5,258700.472,1.45,23.45,4.31,4.53,4.97,5.63,6.29,5.16,6.25
20231023,4.37,4.39,4.21,4.23,4.39,-0.16,-3.6446,613732.69,263073.232,1.45,23.45,4.53,4.53,4.97,5.63,6.29,5.17,1.16
20231020,4.49,4.51,4.38,4.39,4.5,-0.11,-2.4444,527772.92,233861.524,1.45,23.45,4.53,4.53,4.97,5.63,6.29,5.2,2.19
20231019,4.5,4.6,4.48,4.5,4.52,-0.02,-0.4425,556797.9,253183.091,1.45,23.45,4.53,4.53,4.97,5.63,6.29,5.21,0.68
20231018,4.58,4.59,4.5,4.52,4.6,-0.08,-1.7391,581828.43,263888.837,1.45,23.45,4.53,4.53,5.19,5.63,6.29,5.22,0.42
20231017,4.62,4.65,4.56,4.6,4.63,-0.03,-0.6479,463054.86,212817.412,1.45,23.45,4.53,4.75,5.19,5.63,6.29,5.24,13.87
20231016,4.72,4.76,4.6,4.63,4.62,0.01,0.2165,784925.85,366201.682,1.45,23.45,4.53,4.75,5.19,5.63,6.29,5.24,12.76
20231013,4.7,4.71,4.61,4.62,4.71,-0.09,-1.9108,564348.36,262571.755,1.45,23.45,4.53,4.75,5.19,5.63,6.29,5.26,11.8
20231012,4.8,4.8,4.68,4.71,4.77,-0.06,-1.2579,586043.72,276299.515,1.45,23.45,4.53,4.75,5.19,5.63,6.29,5.27,10.4
20231011,4.73,4.86,4.68,4.77,4.72,0.05,1.0593,777710.5,372067.039,1.45,23.45,4.53,4.75,5.19,5.63,6.29,5.29,29.66
20231010,4.78,4.79,4.71,4.72,4.74,-0.02,-0.4219,485579.17,230398.458,1.45,23.45,4.53,4.75,5.19,5.63,6.29,5.3,9.55
20231009,4.79,4.79,4.71,4.74,4.81,-0.07,-1.4553,469340.07,222481.075,1.45,23.45,4.53,4.75,5.19,5.63,6.29,5.31,8.9
20230928,4.82,4.82,4.74,4.81,4.75,0.06,1.2632,587918.75,281579.337,1.45,23.45,4.53,4.75,5.19,5.63,6.29,5.32,25.42
20230927,4.7,4.83,4.68,4.75,4.75,0.0,0.0,618769.06,295201.616,1.45,23.45,4.53,4.75,5.19,5.63,6.29,5.33,8.16
20230926,4.7,4.84,4.69,4.75,4.7,0.05,1.0638,845625.74,403980.891,1.45,23.45,4.53,4.75,5.19,5.63,6.29,5.34,8.05
20230925,4.79,4.83,4.67,4.7,4.79,-0.09,-1.8789,757573.11,359179.999,1.45,23.45,4.53,4.75,5.19,5.63,6.29,5.36,7.9
20230922,4.6,4.81,4.57,4.79,4.6,0.19,4.1304,1177098.56,557455.372,1.45,23.45,4.53,4.75,5.19,5.85,6.29,5.38,18.08
20230921,4.61,4.67,4.59,4.6,4.64,-0.04,-0.8621,430282.67,199024.367,1.45,23.45,4.53,4.97,5.19,5.85,6.29,5.41,5.07
20230920,4.64,4.73,4.61,4.64,4.64,0.0,0.0,537368.11,251356.085,1.45,23.45,4.75,4.97,5.19,5.85,6.29,5.42,3.89
20230919,4.71,4.73,4.63,4.64,4.73,-0.09,-1.9027,514910.37,240271.853,1.45,23.45,4.75,4.97,5.19,5.85,6.29,5.44,2.39
20230918,4.74,4.8,4.71,4.73,4.76,-0.03,-0.6303,531758.51,252627.514,1.45,23.45,4.75,4.97,5.19,5.85,6.29,5.45,0.92
20230915,4.83,4.86,4.74,4.76,4.81,-0.05,-1.0395,560127.49,268418.699,1.45,23.45,4.75,4.97,5.41,5.85,6.29,5.46,7.83
20230914,4.84,4.88,4.78,4.81,4.87,-0.06,-1.232,558917.63,269256.385,1.45,23.45,4.97,4.97,5.41,5.85,6.29,5.49,4.29
20230913,4.98,4.98,4.83,4.87,4.99,-0.12,-2.4048,930477.09,454030.893,1.45,23.45,4.97,4.97,5.41,5.85,6.29,5.5,2.74
20230912,5.06,5.06,4.99,4.99,5.08,-0.09,-1.7717,703534.25,352759.076,1.45,23.45,4.97,4.97,5.41,5.85,6.51,5.52,16.59
20230911,5.02,5.14,4.99,5.08,4.99,0.09,1.8036,975427.69,493609.458,1.45,23.45,4.97,5.19,5.41,5.85,6.51,5.54,14.98
20230908,5.05,5.11,4.96,4.99,5.15,-0.16,-3.1068,1076374.81,538539.07,1.45,23.45,4.97,5.19,5.41,5.85,6.51,5.55,12.65
20230907,5.25,5.36,5.15,5.15,5.18,-0.03,-0.5792,1329329.27,698454.599,1.45,23.45,4.97,5.19,5.41,5.85,6.51,5.58,9.42
20230906,5.27,5.28,5.14,5.18,5.34,-0.16,-2.9963,1107987.3,575010.015,1.45,23.45,4.97,5.19,5.41,5.85,6.51,5.59,9.25
20230905,5.29,5.47,5.27,5.34,5.33,0.01,0.1876,1215303.87,651498.522,1.45,23.45,4.97,5.19,5.41,6.07,6.51,5.61,33.1
20230904,5.29,5.33,5.2,5.33,5.26,0.07,1.3308,724572.75,381974.873,1.45,23.45,4.97,5.19,5.41,6.07,6.51,5.62,32.57
20230901,5.4,5.45,5.24,5.26,5.45,-0.19,-3.4862,1155773.65,614663.76,1.45,23.45,4.97,5.19,5.41,6.07,6.51,5.63,31.36
20230831,5.33,5.63,5.25,5.45,5.32,0.13,2.4436,1921606.62,1045818.64,1.45,23.45,4.97,5.19,5.41,6.07,6.51,5.64,54.64
20230830,5.24,5.4,5.21,5.32,5.23,0.09,1.7208,1304876.38,693224.193,1.45,23.45,4.97,5.19,5.41,6.07,6.51,5.65,32.26
20230829,4.95,5.28,4.93,5.23,4.99,0.24,4.8096,1357307.75,700662.196,1.45,23.45,4.97,5.19,5.63,6.07,6.51,5.67,30.03
20230828,5.27,5.33,4.97,4.99,4.96,0.03,0.6048,1117872.96,570701.209,1.45,23.45,4.97,5.19,5.63,6.07,6.51,5.7,8.87
20230825,5.15,5.16,4.92,4.96,5.2,-0.24,-4.6154,1090103.19,547997.478,1.45,23.45,4.97,5.19,5.63,6.07,6.51,5.72,0.68
20230824,5.14,5.3,5.14,5.2,5.12,0.08,1.5625,965650.23,503935.536,1.45,23.45,5.19,5.19,5.63,6.29,6.51,5.75,20.1
20230823,5.21,5.23,5.1,5.12,5.24,-0.12,-2.2901,681613.85,351027.555,1.45,23.45,5.19,5.19,5.63,6.29,6.51,5.77,3.47
20230822,5.13,5.24,5.11,5.24,5.12,0.12,2.3438,814010.73,421635.85,1.45,23.45,5.19,5.19,5.63,6.29,6.51,5.78,15.45
20230821,5.13,5.27,5.12,5.12,5.13,-0.01,-0.1949,710364.62,368630.651,1.45,23.45,5.19,5.41,5.63,6.29,6.73,5.8,1.04
20230818,5.39,5.41,5.13,5.13,5.4,-0.27,-5.0,1098341.73,576217.446,1.45,23.45,5.19,5.41,5.63,6.29,6.73,5.82,0.71
20230817,5.31,5.45,5.27,5.4,5.33,0.07,1.3133,738089.89,397682.843,1.45,23.45,5.19,5.41,5.63,6.29,6.73,5.84,7.46
20230816,5.46,5.47,5.3,5.33,5.46,-0.13,-2.381,896167.29,480651.882,1.45,23.45,5.19,5.41,5.63,6.29,6.73,5.86,6.4
20230815,5.63,5.65,5.4,5.46,5.66,-0.2,-3.5336,1076756.82,590409.776,1.45,23.45,5.19,5.41,5.63,6.29,6.73,5.87,27.5
20230814,5.48,5.66,5.41,5.66,5.56,0.1,1.7986,1100401.82,609489.883,1.45,23.45,5.41,5.41,5.63,6.29,6.73,5.89,56.48
20230811,5.58,5.76,5.56,5.56,5.62,-0.06,-1.0676,876177.58,495123.17,1.45,23.45,5.19,5.41,5.63,6.29,6.73,5.9,25.21
20230810,5.6,5.71,5.55,5.62,5.6,0.02,0.3571,674179.14,380029.393,1.45,23.45,5.19,5.41,5.63,6.29,6.73,5.9,25.65
20230809,5.66,5.76,5.58,5.6,5.71,-0.11,-1.9264,835198.58,471890.166,1.45,23.45,5.19,5.41,5.63,6.29,6.73,5.91,26.01
20230808,5.71,5.82,5.69,5.71,5.77,-0.06,-1.0399,950526.85,546243.461,1.45,23.45,5.19,5.41,5.63,6.29,6.73,5.92,51.72
20230807,5.76,5.92,5.7,5.77,5.73,0.04,0.6981,1848181.46,1069952.798,1.45,23.45,5.19,5.41,5.63,6.29,6.73,5.92,50.85
20230804,5.51,5.78,5.51,5.73,5.53,0.2,3.6166,1828825.49,1039631.955,1.45,23.45,5.19,5.41,5.63,6.29,6.73,5.93,51.42
20230803,5.56,5.72,5.49,5.53,5.6,-0.07,-1.25,1034593.89,575289.525,1.45,23.45,5.19,5.41,5.85,6.51,6.73,5.95,30.86
20230802,5.51,5.65,5.49,5.6,5.57,0.03,0.5386,1014125.32,566274.155,1.45,23.45,5.19,5.41,5.85,6.51,6.73,5.96,30.33
20230801,5.52,5.65,5.41,5.57,5.56,0.01,0.1799,1374326.68,760538.902,1.45,23.45,5.19,5.41,5.85,6.51,6.73,5.97,29.79
20230731,5.36,5.63,5.3,5.56,5.38,0.18,3.3457,1731621.32,956381.853,1.45,23.45,5.19,5.41,5.85,6.51,6.95,6.0,29.02
20230728,5.38,5.41,5.3,5.38,5.41,-0.03,-0.5545,1003619.21,537834.854,1.45,23.45,5.19,5.41,6.07,6.51,6.95,6.07,6.88
20230727,5.55,5.55,5.4,5.41,5.52,-0.11,-1.9928,1178699.79,642279.982,1.45,23.45,5.41,5.63,6.07,6.51,6.95,6.13,1.3
20230726,5.8,5.81,5.47,5.52,5.84,-0.32,-5.4795,2024918.74,1129133.385,1.45,23.45,5.41,5.63,6.07,6.51,7.17,6.2,6.77
20230725,5.82,5.94,5.74,5.84,5.74,0.1,1.7422,1356843.02,792629.082,1.45,23.45,5.63,5.85,6.07,6.51,7.39,6.3,8.8
20230724,5.77,5.9,5.7,5.74,5.83,-0.09,-1.5437,1020774.94,590421.717,1.45,23.45,5.85,5.85,6.29,6.73,7.39,6.35,4.83
20230721,5.88,6.03,5.76,5.83,5.89,-0.06,-1.0187,1389999.97,815959.969,1.45,23.45,5.85,5.85,6.29,6.73,7.61,6.4,1.57
20230720,6.15,6.22,5.89,5.89,6.21,-0.32,-5.153,1805458.18,1091029.716,1.45,23.45,5.85,6.07,6.29,6.73,7.61,6.45,7.34
20230719,6.1,6.35,6.1,6.21,6.14,0.07,1.1401,1150839.67,719459.352,1.45,23.45,6.07,6.07,6.29,6.73,7.83,6.52,23.87
20230718,6.25,6.36,6.14,6.14,6.26,-0.12,-1.9169,1184242.48,736954.361,1.45,23.45,6.07,6.07,6.29,6.73,7.83,6.54,21.99
20230717,6.35,6.42,6.18,6.26,6.41,-0.15,-2.3401,1279839.35,802997.036,1.45,23.45,6.07,6.07,6.29,6.73,7.83,6.56,19.87
20230714,6.16,6.49,6.16,6.41,6.16,0.25,4.0584,2350281.95,1493671.687,1.45,23.45,6.07,6.07,6.51,6.95,7.83,6.6,46.85
20230713,6.23,6.28,6.01,6.16,6.25,-0.09,-1.44,2459593.37,1513963.427,1.45,23.45,6.07,6.07,6.51,6.95,7.83,6.65,18.33
20230712,6.68,6.75,6.22,6.25,6.7,-0.45,-6.7164,2448010.63,1585865.004,1.45,23.45,6.29,6.29,6.51,7.17,7.83,6.76,3.14
20230711,6.42,6.94,6.38,6.7,6.46,0.24,3.7152,2742593.16,1834601.992,1.45,23.45,6.29,6.29,6.51,7.39,8.05,6.82,54.75
20230710,6.41,6.48,6.28,6.46,6.35,0.11,1.7323,1465802.24,935485.499,1.45,23.45,6.29,6.29,6.51,7.61,8.05,6.87,22.83
20230707,6.48,6.58,6.2,6.35,6.55,-0.2,-3.0534,2096688.12,1333701.923,1.45,23.45,6.29,6.51,6.73,7.83,8.05,6.93,14.89
20230706,6.45,6.78,6.42,6.55,6.5,0.05,0.7692,2415661.15,1599998.198,1.45,23.45,6.29,6.51,6.73,7.83,8.05,7.02,38.32
20230705,6.54,6.71,6.47,6.5,6.66,-0.16,-2.4024,2286998.21,1501621.953,1.45,23.45,6.29,6.51,6.95,7.83,8.05,7.1,5.63
20230704,6.73,6.76,6.39,6.66,6.73,-0.07,-1.0401,3856357.94,2517485.731,1.45,23.45,6.51,6.51,6.95,7.83,8.05,7.21,22.18
20230703,7.76,7.82,6.65,6.73,7.8,-1.07,-13.7179,5846384.26,4125955.777,1.45,23.45,6.51,6.73,7.39,8.05,8.05,7.43,6.97
20230630,8.0,8.18,7.7,7.8,8.12,-0.32,-3.9409,3905136.16,3075813.623,1.45,23.45,6.51,6.73,7.83,8.05,8.05,7.62,39.66
20230629,7.86,8.25,7.65,8.12,8.02,0.1,1.2469,5290111.39,4209820.635,1.45,23.45,6.29,6.73,7.61,8.05,8.05,7.48,95.2
20230628,7.35,8.3,7.23,8.02,7.09,0.93,13.1171,6590838.51,5021411.204,1.45,23.45,6.29,6.51,6.95,7.83,8.05,7.21,87.85
20230627,6.66,7.36,6.46,7.09,6.78,0.31,4.5723,5254833.99,3706792.641,1.45,23.45,6.29,6.29,6.73,6.95,7.17,6.74,90.23
20230626,6.6,7.15,6.6,6.78,6.26,0.52,8.3067,4831664.38,3294148.894,1.45,23.45,6.07,6.29,6.51,6.73,6.95,6.63,85.03
20230621,6.51,6.95,6.25,6.26,6.57,-0.31,-4.7184,3967836.7,2625768.277,1.45,23.45,6.07,6.29,6.51,6.73,6.73,6.51,7.53
20230620,6.46,6.8,6.41,6.57,6.53,0.04,0.6126,3297666.77,2192587.771,1.45,23.45,5.63,6.29,6.29,6.51,6.73,6.41,85.77
20230619,6.46,6.62,6.41,6.53,6.45,0.08,1.2403,3075677.51,1999637.757,1.45,23.45,5.41,6.07,6.29,6.51,6.73,6.34,93.19
20230616,6.26,6.56,6.17,6.45,6.3,0.15,2.381,3122596.32,1995202.671,1.45,23.45,5.41,5.85,6.29,6.51,6.73,6.3,69.88
20230615,6.42,6.5,6.22,6.3,6.45,-0.15,-2.3256,2814851.75,1782799.63,1.45,23.45,5.41,5.85,6.29,6.51,6.73,6.26,72.16
20230614,6.32,6.75,6.3,6.45,6.35,0.1,1.5748,4133078.17,2680432.902,1.45,23.45,5.41,5.63,6.29,6.51,6.73,6.24,68.36
20230613,6.28,6.66,6.19,6.35,6.19,0.16,2.5848,4494329.57,2893491.029,1.45,23.45,5.19,5.41,6.29,6.51,6.51,6.1,84.12
20230612,6.45,6.48,6.16,6.19,6.32,-0.13,-2.057,4934718.11,3101750.59,1.45,23.45,5.19,5.41,5.85,6.29,6.51,5.95,65.91
20230609,5.4,6.32,5.26,6.32,5.27,1.05,19.9241,4811353.43,2827606.711,1.45,23.45,5.19,5.41,5.63,6.07,6.29,5.74,98.31
20230608,5.43,5.44,5.18,5.27,5.41,-0.14,-2.5878,1720405.3,905160.138,1.45,23.45,5.19,5.19,5.63,5.85,6.07,5.65,18.99
20230607,5.5,5.6,5.34,5.41,5.67,-0.26,-4.5855,2998834.95,1632419.075,1.45,23.45,5.19,5.41,5.63,5.85,6.07,5.7,12.6
20230606,5.88,6.14,5.63,5.67,5.94,-0.27,-4.5455,2861116.36,1683946.01,1.45,23.45,5.19,5.41,5.85,5.85,6.07,5.76,48.76
20230605,5.76,5.97,5.72,5.94,5.8,0.14,2.4138,2067072.9,1219461.509,1.45,23.45,5.19,5.19,5.63,5.85,6.07,5.7,91.8
20230602,5.78,6.02,5.75,5.8,5.81,-0.01,-0.1721,2526769.23,1485518.522,1.45,23.45,4.97,5.19,5.63,5.85,6.07,5.66,67.92
20230601,5.56,5.92,5.53,5.81,5.65,0.16,2.8319,2797453.97,1611258.456,1.45,23.45,4.97,5.19,5.63,5.85,6.07,5.6,80.56
20230531,5.6,5.75,5.52,5.65,5.64,0.01,0.1773,2172562.36,1222192.343,1.45,23.45,4.97,5.19,5.41,5.63,6.07,5.55,85.33
20230530,5.36,5.66,5.28,5.64,5.49,0.15,2.7322,3050993.44,1688173.024,1.45,23.45,4.97,5.19,5.41,5.63,6.07,5.53,85.06
20230529,5.17,5.67,5.1,5.49,5.18,0.31,5.9846,3261729.35,1760278.066,1.45,23.45,4.97,5.19,5.41,5.85,6.29,5.52,64.92
20230526,5.08,5.21,5.0,5.18,5.09,0.09,1.7682,1515842.95,778557.859,1.45,23.45,4.97,4.97,5.41,5.85,6.51,5.55,15.31
20230525,5.25,5.34,4.96,5.09,5.28,-0.19,-3.5985,2137886.81,1090876.077,1.45,23.45,4.97,5.19,5.41,5.85,6.51,5.6,11.67
20230524,5.25,5.36,5.09,5.28,5.26,0.02,0.3802,1981020.5,1035659.31,1.45,23.45,5.19,5.19,5.63,6.07,6.73,5.69,21.01
20230523,5.46,5.56,5.25,5.26,5.42,-0.16,-2.952,1918654.16,1032712.653,1.45,23.45,5.19,5.41,5.63,6.07,6.73,5.77,9.6
20230522,5.55,5.62,5.33,5.42,5.64,-0.22,-3.9007,2058263.51,1120201.857,1.45,23.45,5.41,5.41,5.63,6.07,6.73,5.83,28.37
20230519,5.76,5.87,5.63,5.64,5.84,-0.2,-3.4247,2264836.5,1291563.88,1.45,23.45,5.41,5.41,5.63,6.29,6.73,5.89,52.37
20230518,5.6,5.96,5.55,5.84,5.68,0.16,2.8169,3595180.8,2092488.534,1.45,23.45,5.41,5.41,5.63,6.29,6.95,5.9,54.12
20230517,5.4,5.87,5.33,5.68,5.37,0.31,5.7728,3373479.42,1907292.644,1.45,23.45,5.41,5.41,5.63,6.51,6.95,5.95,51.32
20230516,5.49,5.67,5.33,5.37,5.47,-0.1,-1.8282,2664078.06,1470475.967,1.45,23.45,5.41,5.41,5.85,6.73,6.95,6.03,3.71
20230515,5.69,5.74,5.25,5.47,5.65,-0.18,-3.1858,2970547.52,1619314.241,1.45,23.45,5.41,5.41,6.07,6.73,6.95,6.15,16.04
20230512,6.0,6.18,5.62,5.65,6.19,-0.54,-8.7237,3781013.68,2204613.435,1.45,23.45,5.63,5.63,6.29,6.73,6.95,6.31,15.32
20230511,6.07,6.38,5.95,6.19,6.12,0.07,1.1438,3813355.71,2355755.806,1.45,23.45,5.85,6.07,6.29,6.95,7.17,6.48,32.29
20230510,6.41,6.57,5.94,6.12,6.44,-0.32,-4.9689,4439861.32,2764140.329,1.45,23.45,5.85,6.07,6.51,6.95,7.17,6.59,21.08
20230509,6.88,7.05,6.31,6.44,7.04,-0.6,-8.5227,5507255.29,3685950.603,1.45,23.45,5.63,6.51,6.73,6.95,7.17,6.73,11.71
20230508,6.86,7.38,6.71,7.04,6.8,0.24,3.5294,6164767.4,4325861.648,1.45,23.45,5.41,6.51,6.73,7.17,7.17,6.74,83.67
20230505,6.83,7.06,6.64,6.8,7.19,-0.39,-5.4242,6080209.66,4140350.757,1.45,23.45,5.19,5.63,6.73,6.95,7.17,6.54,69.95
20230504,6.71,7.25,6.42,7.19,6.16,1.03,16.7208,8979364.78,6040340.665,1.45,23.45,4.97,5.41,6.51,6.95,7.17,6.31,98.33
20230428,5.04,6.16,5.04,6.16,5.13,1.03,20.078,5466496.35,3118113.663,1.45,23.45,4.53,5.19,5.63,5.85,6.07,5.64,97.27
20230427,5.1,5.45,4.92,5.13,4.69,0.44,9.3817,4550968.24,2366496.909,1.45,23.45,4.09,4.31,4.75,5.19,5.41,4.88,75.06
20230426,4.7,4.79,4.51,4.69,4.77,-0.08,-1.6771,1792359.05,834096.704,1.45,23.45,4.09,4.31,4.53,4.75,4.97,4.7,67.98
20230425,4.47,4.84,4.43,4.77,4.48,0.29,6.4732,2270851.76,1063002.56,1.45,23.45,3.87,4.31,4.53,4.75,4.97,4.68,90.28
20230424,4.32,4.61,4.29,4.48,4.3,0.18,4.186,1284217.22,573606.28,1.45,23.45,3.87,4.31,4.53,4.75,4.97,4.66,42.44
20230421,4.6,4.7,4.3,4.3,4.6,-0.3,-6.5217,1313458.75,584389.035,1.45,23.45,3.65,4.31,4.53,4.75,4.97,4.67,13.56
20230420,4.4,4.61,4.39,4.6,4.44,0.16,3.6036,1121080.84,507204.607,1.45,23.45,3.65,4.31,4.53,4.75,4.97,4.67,65.35
20230419,4.41,4.58,4.39,4.44,4.41,0.03,0.6803,1016663.05,458420.25,1.45,23.45,3.65,4.09,4.53,4.75,4.97,4.67,37.63
20230418,4.44,4.49,4.31,4.41,4.45,-0.04,-0.8989,936563.46,412471.157,1.45,23.45,3.65,4.09,4.53,4.75,4.97,4.68,37.19
20230417,4.59,4.63,4.42,4.45,4.65,-0.2,-4.3011,1275663.4,573607.202,1.45,23.45,3.65,4.09,4.53,4.97,4.97,4.68,34.4
20230414,4.74,4.9,4.54,4.65,4.79,-0.14,-2.9228,1991173.66,936709.203,1.45,23.45,3.65,4.09,4.53,4.97,4.97,4.69,53.91
20230413,5.0,5.13,4.77,4.79,4.84,-0.05,-1.0331,3176581.0,1575105.632,1.45,23.45,3.65,4.09,4.53,4.97,4.97,4.66,82.26
20230412,4.8,4.96,4.61,4.84,4.55,0.29,6.3736,2859867.17,1362698.39,1.45,23.45,3.43,3.87,4.31,4.75,4.97,4.52,94.27
20230411,4.35,4.69,4.31,4.55,4.36,0.19,4.3578,1532870.71,692515.225,1.45,23.45,3.43,3.65,4.31,4.53,4.75,4.42,89.05
20230410,4.5,4.62,4.33,4.36,4.54,-0.18,-3.9648,1021342.24,455186.849,1.45,23.45,3.43,3.65,4.31,4.53,4.75,4.39,68.07
20230407,4.36,4.59,4.27,4.54,4.35,0.19,4.3678,1249299.55,558286.625,1.45,23.45,3.21,3.65,4.31,4.53,4.75,4.36,88.54
20230406,4.42,4.5,4.3,4.35,4.49,-0.14,-3.118,1135233.0,498753.292,1.45,23.45,3.21,3.65,4.09,4.53,4.75,4.34,71.26
20230404,4.55,4.76,4.46,4.49,4.57,-0.08,-1.7505,1846217.14,847773.415,1.45,23.45,3.21,3.65,4.09,4.53,4.75,4.32,69.93
20230403,4.29,4.59,4.27,4.57,4.32,0.25,5.787,1761024.28,791154.499,1.45,23.45,3.21,3.43,4.09,4.31,4.53,4.15,96.46
20230331,4.11,4.34,4.06,4.32,4.1,0.22,5.3659,1132972.01,477446.37,1.45,23.45,3.21,3.43,4.09,4.09,4.31,4.08,96.45
20230330,4.15,4.21,4.08,4.1,4.17,-0.07,-1.6787,725028.15,300203.713,1.45,23.45,3.21,3.43,3.87,4.09,4.31,4.05,88.31
20230329,4.16,4.24,4.14,4.17,4.19,-0.02,-0.4773,745444.62,312456.341,1.45,23.45,3.21,3.43,3.87,4.09,4.31,4.03,88.52
20230328,4.22,4.3,4.13,4.19,4.22,-0.03,-0.7109,817505.95,344082.971,1.45,23.45,3.21,3.43,3.87,4.09,4.31,4.01,89.51
20230327,4.2,4.3,4.12,4.22,4.21,0.01,0.2375,1049243.59,442568.748,1.45,23.45,3.21,3.43,3.87,4.09,4.31,3.99,90.61
20230324,4.12,4.28,4.09,4.21,4.13,0.08,1.937,1115689.23,468951.723,1.45,23.45,3.21,3.43,3.65,4.09,4.31,3.96,92.15
20230323,4.13,4.18,4.06,4.13,4.14,-0.01,-0.2415,732714.77,301756.782,1.45,23.45,2.99,3.21,3.65,4.09,4.31,3.92,93.96
20230322,4.12,4.15,4.05,4.14,4.09,0.05,1.2225,987365.46,405542.125,1.45,23.45,2.99,3.21,3.65,4.09,4.31,3.89,94.48
20230321,4.01,4.15,3.98,4.09,4.01,0.08,1.995,1198678.77,490113.441,1.45,23.45,2.99,3.21,3.65,3.87,4.09,3.86,85.25
20230320,3.88,4.06,3.88,4.01,3.81,0.2,5.2493,1591588.4,637486.695,1.45,23.45,2.99,3.21,3.65,3.87,4.09,3.81,92.66
20230317,3.67,3.85,3.67,3.81,3.66,0.15,4.0984,898728.93,340691.337,1.45,23.45,2.99,3.21,3.65,3.87,3.87,3.77,83.42
20230316,3.63,3.69,3.57,3.66,3.64,0.02,0.5495,365623.97,133173.607,1.45,23.45,2.99,3.21,3.65,3.87,3.87,3.75,84.2
20230315,3.68,3.71,3.64,3.64,3.65,-0.01,-0.274,295021.82,108195.585,1.45,23.45,2.99,3.21,3.65,3.87,3.87,3.75,45.46
20230314,3.73,3.76,3.64,3.65,3.72,-0.07,-1.8817,342782.86,126422.498,1.45,23.45,2.99,3.21,3.65,3.87,3.87,3.75,46.25
20230313,3.68,3.72,3.6,3.72,3.69,0.03,0.813,378659.81,138464.08,1.45,23.45,2.99,3.21,3.65,3.87,3.87,3.74,84.0
20230310,3.66,3.74,3.64,3.69,3.69,0.0,0.0,361766.93,133741.311,1.45,23.45,2.99,3.21,3.65,3.87,3.87,3.74,83.96
20230309,3.68,3.72,3.61,3.69,3.68,0.01,0.2717,286203.65,104775.874,1.45,23.45,2.99,3.21,3.65,3.87,3.87,3.73,83.95
20230308,3.59,3.68,3.58,3.68,3.61,0.07,1.9391,278340.15,101536.934,1.45,23.45,2.99,3.21,3.43,3.87,3.87,3.73,83.95
20230307,3.7,3.74,3.6,3.61,3.71,-0.1,-2.6954,367327.55,134420.138,1.45,23.45,2.99,3.21,3.43,3.87,3.87,3.73,51.02
20230306,3.78,3.81,3.7,3.71,3.77,-0.06,-1.5915,380602.04,142320.68,1.45,23.45,2.99,3.21,3.43,3.87,4.09,3.72,83.91
20230303,3.82,3.83,3.72,3.77,3.82,-0.05,-1.3089,483696.69,182447.682,1.45,23.45,2.99,3.21,3.43,3.87,4.09,3.72,84.25
20230302,3.78,3.93,3.75,3.82,3.73,0.09,2.4129,992632.63,379806.351,1.45,23.45,2.99,3.21,3.43,3.87,4.09,3.71,84.7
20230301,3.53,3.74,3.53,3.73,3.54,0.19,5.3672,735166.73,269647.883,1.45,23.45,2.99,3.21,3.43,3.65,3.87,3.68,88.17
20230228,3.53,3.56,3.49,3.54,3.51,0.03,0.8547,289745.52,102173.941,1.45,23.45,2.99,3.21,3.43,3.65,4.09,3.67,63.4
20230227,3.57,3.6,3.5,3.51,3.58,-0.07,-1.9553,307425.0,108856.701,1.45,23.45,2.99,3.21,3.43,3.65,4.09,3.67,63.17
20230224,3.58,3.61,3.55,3.58,3.57,0.01,0.2801,312962.69,112061.69,1.45,23.45,2.99,3.21,3.43,3.65,4.09,3.67,62.94
20230223,3.68,3.68,3.55,3.57,3.67,-0.1,-2.7248,463047.02,166524.056,1.45,23.45,2.99,3.21,3.43,3.65,4.09,3.67,62.68
20230222,3.64,3.71,3.58,3.67,3.66,0.01,0.2732,509039.79,185255.505,1.45,23.45,2.99,3.21,3.43,3.65,4.09,3.66,87.58
20230221,3.72,3.75,3.63,3.66,3.74,-0.08,-2.139,538934.5,198582.592,1.45,23.45,2.99,3.21,3.43,3.65,4.09,3.65,87.45
20230220,3.66,3.78,3.63,3.74,3.62,0.12,3.3149,708261.8,263483.941,1.45,23.45,2.99,3.21,3.43,3.65,4.09,3.64,87.56
20230217,3.7,3.77,3.6,3.62,3.74,-0.12,-3.2086,731419.15,267162.632,1.45,23.45,2.99,3.21,3.43,3.65,4.09,3.63,69.77
20230216,3.72,3.89,3.69,3.74,3.72,0.02,0.5376,1252200.76,476231.716,1.45,23.45,2.99,2.99,3.43,3.65,4.09,3.61,87.84
20230215,3.63,3.73,3.62,3.72,3.63,0.09,2.4793,502207.5,185447.687,1.45,23.45,2.99,2.99,3.21,3.65,4.31,3.57,92.66
20230214,3.65,3.68,3.62,3.63,3.65,-0.02,-0.5479,389454.73,142006.362,1.45,23.45,2.99,2.99,3.21,3.65,4.31,3.56,82.41
20230213,3.6,3.67,3.59,3.65,3.6,0.05,1.3889,487292.26,177229.843,1.45,23.45,2.99,2.99,3.21,3.65,4.31,3.56,83.51
20230210,3.6,3.68,3.57,3.6,3.62,-0.02,-0.5525,508471.8,184440.839,1.45,23.45,2.99,2.99,3.21,3.65,4.31,3.56,84.3
20230209,3.5,3.62,3.48,3.62,3.53,0.09,2.5496,509999.45,181726.816,1.45,23.45,2.99,2.99,3.21,3.43,4.31,3.55,85.15
20230208,3.63,3.65,3.52,3.53,3.65,-0.12,-3.2877,599655.22,213630.044,1.45,23.45,2.77,2.99,3.21,3.43,4.53,3.55,85.39
20230207,3.56,3.65,3.52,3.65,3.56,0.09,2.5281,604186.57,217290.132,1.45,23.45,2.77,2.99,3.21,3.43,4.53,3.54,85.69
20230206,3.56,3.6,3.51,3.56,3.55,0.01,0.2817,471219.82,167564.863,1.45,23.45,2.77,2.99,3.21,3.43,4.53,3.54,86.01
20230203,3.47,3.56,3.46,3.55,3.48,0.07,2.0115,557527.87,196652.642,1.45,23.45,2.77,2.99,3.21,3.43,4.53,3.53,86.24
20230202,3.5,3.54,3.47,3.48,3.49,-0.01,-0.2865,455618.89,159488.214,1.45,23.45,2.77,2.99,3.21,3.43,4.53,3.53,86.55
20230201,3.41,3.5,3.38,3.49,3.4,0.09,2.6471,489138.75,168634.577,1.45,23.45,2.77,2.99,3.21,3.43,4.53,3.53,86.79
20230131,3.38,3.41,3.35,3.4,3.37,0.03,0.8902,287252.3,97296.988,1.45,23.45,2.77,2.99,3.21,3.43,4.53,3.52,66.39
20230130,3.4,3.42,3.36,3.37,3.36,0.01,0.2976,386792.64,130874.015,1.45,23.45,2.77,2.99,3.21,3.43,4.53,3.52,66.32
20230120,3.34,3.36,3.32,3.36,3.34,0.02,0.5988,265872.38,88903.464,1.45,23.45,2.77,2.99,3.21,3.43,4.53,3.52,66.21
20230119,3.32,3.35,3.29,3.34,3.34,0.0,0.0,246938.41,82028.845,1.45,23.45,2.77,2.99,3.21,3.43,4.53,3.53,66.15
20230118,3.24,3.36,3.23,3.34,3.24,0.1,3.0864,472882.16,157308.185,1.45,23.45,2.77,2.99,3.21,3.43,4.53,3.52,66.1
20230117,3.28,3.29,3.22,3.24,3.28,-0.04,-1.2195,168740.8,54797.136,1.45,23.45,2.77,2.99,3.21,3.43,4.53,3.52,65.96
20230116,3.25,3.29,3.24,3.28,3.25,0.03,0.9231,230944.03,75503.817,1.45,23.45,2.77,2.99,3.21,3.43,4.53,3.53,65.92
20230113,3.24,3.25,3.21,3.25,3.22,0.03,0.9317,136497.0,44075.575,1.45,23.45,2.77,2.99,3.21,3.43,4.53,3.53,65.87
20230112,3.23,3.26,3.19,3.22,3.23,-0.01,-0.3096,186712.85,60209.608,1.45,23.45,2.77,2.99,3.21,3.43,4.53,3.52,65.83
20230111,3.33,3.34,3.23,3.23,3.31,-0.08,-2.4169,242822.4,79199.432,1.45,23.45,2.77,2.99,3.21,3.43,4.53,3.53,65.7
20230110,3.26,3.32,3.22,3.31,3.25,0.06,1.8462,297241.99,97638.597,1.45,23.45,2.77,2.99,3.21,3.43,4.53,3.53,65.64
20230109,3.25,3.29,3.24,3.25,3.25,0.0,0.0,181358.32,59209.587,1.45,23.45,2.77,2.99,3.21,3.43,4.53,3.53,65.55
20230106,3.32,3.34,3.24,3.25,3.32,-0.07,-2.1084,310540.34,101504.019,1.45,23.45,2.77,2.99,3.21,3.43,4.53,3.53,65.5
20230105,3.33,3.4,3.3,3.32,3.34,-0.02,-0.5988,362719.91,121339.263,1.45,23.45,2.77,2.99,3.21,3.43,4.53,3.53,65.41
20230104,3.3,3.36,3.28,3.34,3.31,0.03,0.9063,373766.86,124281.331,1.45,23.45,2.77,2.99,3.21,3.43,4.53,3.53,65.3
20230103,3.21,3.32,3.19,3.31,3.21,0.1,3.1153,432535.32,140976.634,1.45,23.45,2.77,2.99,3.21,3.43,4.53,3.53,65.18
20221230,3.09,3.22,3.09,3.21,3.11,0.1,3.2154,434782.58,138591.75,1.45,23.45,2.77,2.99,3.21,3.65,4.53,3.53,25.71
20221229,3.23,3.25,3.1,3.11,3.18,-0.07,-2.2013,437566.02,138720.26,1.45,23.45,2.77,2.99,3.21,3.65,4.53,3.53,25.41
20221228,3.18,3.19,3.12,3.18,3.18,0.0,0.0,178465.69,56467.154,1.45,23.45,2.77,2.99,3.21,3.65,4.53,3.53,25.1
20221227,3.19,3.23,3.16,3.18,3.17,0.01,0.3155,196235.77,62366.405,1.45,23.45,2.77,2.99,3.21,3.65,4.53,3.53,24.77
20221226,3.19,3.21,3.16,3.17,3.2,-0.03,-0.9375,181224.03,57615.332,1.45,23.45,2.77,2.99,3.21,3.65,4.53,3.54,24.63
20221223,3.12,3.23,3.12,3.2,3.15,0.05,1.5873,271367.42,86600.314,1.45,23.45,2.77,2.99,3.21,3.65,4.53,3.54,24.28
20221222,3.14,3.23,3.13,3.15,3.12,0.03,0.9615,280817.35,89286.026,1.45,23.45,2.77,2.99,3.21,3.65,4.53,3.54,24.08
20221221,3.14,3.18,3.1,3.12,3.15,-0.03,-0.9524,156008.84,48936.872,1.45,23.45,2.77,2.99,3.21,3.65,4.53,3.54,23.87
20221220,3.17,3.2,3.13,3.15,3.17,-0.02,-0.6309,202220.88,63851.836,1.45,23.45,2.77,2.99,3.21,3.65,4.53,3.54,23.57
20221219,3.23,3.3,3.15,3.17,3.23,-0.06,-1.8576,286315.54,91857.01,1.45,23.45,2.77,2.99,3.21,3.65,4.53,3.54,23.17
20221216,3.27,3.3,3.23,3.23,3.28,-0.05,-1.5244,263610.64,85623.576,1.45,23.45,2.77,2.99,3.21,3.65,4.53,3.54,61.89
20221215,3.32,3.35,3.28,3.28,3.32,-0.04,-1.2048,249022.9,82393.619,1.45,23.45,2.77,2.99,3.21,3.65,4.53,3.55,61.78
20221214,3.33,3.34,3.29,3.32,3.34,-0.02,-0.5988,219943.0,72903.988,1.45,23.45,2.77,2.99,3.21,3.65,4.53,3.55,61.66
20221213,3.27,3.37,3.26,3.34,3.27,0.07,2.1407,367287.69,122499.061,1.45,23.45,2.77,2.99,3.21,3.65,4.53,3.55,61.57
20221212,3.32,3.35,3.26,3.27,3.35,-0.08,-2.3881,308029.44,101640.236,1.45,23.45,2.77,2.99,3.21,3.65,4.53,3.55,61.4
20221209,3.34,3.36,3.27,3.35,3.34,0.01,0.2994,476910.19,157933.821,1.45,23.45,2.77,2.99,3.21,3.65,4.53,3.55,61.24
20221208,3.35,3.4,3.31,3.34,3.35,-0.01,-0.2985,344104.0,115177.099,1.45,23.45,2.77,2.99,3.21,3.65,4.75,3.55,61.03
20221207,3.32,3.38,3.28,3.35,3.31,0.04,1.2085,348478.33,115876.347,1.45,23.45,2.77,2.99,3.21,3.65,4.75,3.55,60.87
20221206,3.34,3.36,3.3,3.31,3.36,-0.05,-1.4881,336697.34,112099.185,1.45,23.45,2.77,2.99,3.21,3.65,4.75,3.55,60.7
20221205,3.32,3.37,3.31,3.36,3.32,0.04,1.2048,404087.4,134896.614,1.45,23.45,2.77,2.99,3.21,3.65,4.75,3.55,60.53
20221202,3.26,3.39,3.24,3.32,3.26,0.06,1.8405,442296.0,147218.242,1.45,23.45,2.77,2.99,3.21,3.65,4.75,3.55,60.34
20221201,3.28,3.3,3.25,3.26,3.26,0.0,0.0,368765.54,120679.319,1.45,23.45,2.77,2.99,3.21,3.65,4.75,3.55,60.12
20221130,3.24,3.32,3.22,3.26,3.26,0.0,0.0,508996.15,166801.056,1.45,23.45,2.77,2.99,3.21,3.65,4.75,3.55,59.94
20221129,3.16,3.27,3.16,3.26,3.18,0.08,2.5157,494529.08,159331.042,1.45,23.45,2.77,2.99,3.21,3.65,4.75,3.55,59.68
20221128,3.15,3.21,3.14,3.18,3.21,-0.03,-0.9346,317665.47,100737.55,1.45,23.45,2.77,2.99,3.21,3.65,4.75,3.55,28.28
20221125,3.2,3.24,3.19,3.21,3.2,0.01,0.3125,256208.85,82234.757,1.45,23.45,2.77,2.99,3.21,3.65,4.75,3.56,27.71
20221124,3.26,3.28,3.19,3.2,3.25,-0.05,-1.5385,382579.85,123223.261,1.45,23.45,2.77,2.99,3.21,3.65,4.75,3.56,27.87
20221123,3.32,3.33,3.21,3.25,3.33,-0.08,-2.4024,572704.09,186420.556,1.45,23.45,2.77,2.99,3.21,3.65,4.75,3.56,58.01
20221122,3.35,3.45,3.3,3.33,3.37,-0.04,-1.1869,881596.47,297137.845,1.45,23.45,2.77,2.99,3.21,3.65,4.75,3.56,57.67
20221121,3.46,3.5,3.34,3.37,3.61,-0.24,-6.6482,1507653.67,512155.263,1.45,23.45,2.77,2.99,3.21,3.65,4.75,3.56,58.21
20221118,3.31,3.8,3.27,3.61,3.25,0.36,11.0769,2598204.8,934306.144,1.45,23.45,2.77,2.99,3.21,3.65,4.75,3.56,78.3
20221117,3.36,3.45,3.18,3.25,3.15,0.1,3.1746,1056228.28,345890.554,1.45,23.45,2.77,2.99,3.21,3.65,4.75,3.54,64.9
20221116,3.11,3.17,3.09,3.15,3.11,0.04,1.2862,353816.59,111547.202,1.45,23.45,2.77,2.99,3.21,3.65,4.75,3.54,36.37
20221115,3.07,3.11,3.06,3.11,3.09,0.02,0.6472,203313.09,62974.746,1.45,23.45,2.77,2.99,3.21,3.65,4.75,3.55,35.86
20221114,3.07,3.1,3.05,3.09,3.07,0.02,0.6515,209855.45,64661.631,1.45,23.45,2.77,2.99,3.21,3.65,4.75,3.55,35.55
20221111,3.15,3.16,3.07,3.07,3.09,-0.02,-0.6472,292362.65,90686.041,1.45,23.45,2.77,2.99,3.21,3.65,4.75,3.55,35.24
20221110,3.02,3.11,3.01,3.09,3.04,0.05,1.6447,294558.93,90701.315,1.45,23.45,2.77,2.99,3.21,3.65,4.75,3.55,34.81
20221109,3.06,3.07,3.03,3.04,3.07,-0.03,-0.9772,175626.36,53559.809,1.45,23.45,2.77,2.99,3.21,3.65,4.75,3.56,34.37
20221108,3.05,3.07,3.02,3.07,3.05,0.02,0.6557,219033.38,66656.627,1.45,23.45,2.77,2.99,3.21,3.65,4.75,3.56,34.1
20221107,3.0,3.07,2.98,3.05,3.0,0.05,1.6667,314069.9,95249.243,1.45,23.45,2.77,2.99,3.21,3.65,4.75,3.56,33.76
20221104,2.96,3.02,2.95,3.0,2.98,0.02,0.6711,212437.8,63580.298,1.45,23.45,2.77,2.99,3.21,3.65,4.75,3.56,33.13
20221103,2.97,2.99,2.94,2.98,3.0,-0.02,-0.6667,213894.0,63438.156,1.45,23.45,2.77,2.99,3.21,3.65,4.75,3.57,13.03
20221102,3.03,3.05,2.99,3.0,2.97,0.03,1.0101,330710.92,99826.39,1.45,23.45,2.77,2.99,3.21,3.65,4.75,3.57,32.16
20221101,2.92,2.97,2.9,2.97,2.92,0.05,1.7123,193500.75,57022.63,1.45,23.45,2.77,2.99,3.21,3.65,4.75,3.57,12.68
20221031,2.84,2.95,2.83,2.92,2.87,0.05,1.7422,177151.68,51380.263,1.45,23.45,2.77,2.99,3.21,3.65,4.75,3.58,12.22
20221028,2.96,2.98,2.86,2.87,2.96,-0.09,-3.0405,212326.39,61893.072,1.45,23.45,2.77,2.99,3.21,3.65,4.75,3.58,11.79
20221027,2.93,2.98,2.91,2.96,2.92,0.04,1.3699,241112.51,71396.286,1.45,23.45,2.77,2.99,3.21,3.65,4.75,3.58,11.27
20221026,2.86,2.94,2.84,2.92,2.84,0.08,2.8169,196919.5,57221.083,1.45,23.45,2.77,2.99,3.21,3.65,4.75,3.59,10.69
20221025,2.86,2.89,2.82,2.84,2.86,-0.02,-0.6993,134596.87,38372.799,1.45,23.45,2.77,2.99,3.21,3.65,4.75,3.59,10.2
20221024,2.91,2.96,2.82,2.86,2.9,-0.04,-1.3793,198143.65,57347.092,1.45,23.45,2.77,2.99,3.21,3.65,4.75,3.59,9.86
20221021,2.94,2.94,2.89,2.9,2.92,-0.02,-0.6849,111347.7,32432.834,1.45,23.45,2.77,2.99,3.21,3.65,4.75,3.6,9.36
20221020,2.89,2.95,2.88,2.92,2.89,0.03,1.0381,133159.52,38893.152,1.45,23.45,2.77,2.99,3.21,3.65,4.75,3.6,9.08
20221019,2.94,2.94,2.89,2.89,2.93,-0.04,-1.3652,113433.87,32956.893,1.45,23.45,2.77,2.99,3.21,3.87,4.75,3.6,8.74
20221018,2.98,2.98,2.92,2.93,2.96,-0.03,-1.0135,165193.98,48653.507,1.45,23.45,2.77,2.99,3.21,3.87,4.75,3.61,8.45
20221017,2.91,2.97,2.88,2.96,2.91,0.05,1.7182,164413.66,48271.363,1.45,23.45,2.77,2.99,3.21,3.87,4.75,3.61,8.03
20221014,2.87,2.92,2.87,2.91,2.87,0.04,1.3937,152512.72,44346.677,1.45,23.45,2.77,2.99,3.21,3.87,4.75,3.61,7.61
20221013,2.85,2.9,2.83,2.87,2.86,0.01,0.3497,141361.31,40589.832,1.45,23.45,2.77,2.99,3.21,3.87,4.75,3.62,7.21
20221012,2.77,2.87,2.75,2.86,2.77,0.09,3.2491,177642.72,49892.833,1.45,23.45,2.77,2.99,3.21,3.87,4.75,3.62,6.84
20221011,2.74,2.78,2.71,2.77,2.75,0.02,0.7273,127635.24,35038.487,1.45,23.45,2.77,2.99,3.21,3.87,4.75,3.62,0.33
20221010,2.8,2.82,2.75,2.75,2.79,-0.04,-1.4337,132719.19,36869.957,1.45,23.45,2.77,2.99,3.21,3.87,4.75,3.63,0.12
20220930,2.79,2.82,2.77,2.79,2.8,-0.01,-0.3571,144368.6,40422.34,1.45,23.45,2.77,2.99,3.21,3.87,4.75,3.63,5.46
20220929,2.86,2.87,2.78,2.8,2.84,-0.04,-1.4085,179841.61,50797.979,1.45,23.45,2.77,2.99,3.21,3.87,4.75,3.63,5.08
20220928,2.88,2.89,2.84,2.84,2.9,-0.06,-2.069,143673.94,41119.13,1.45,23.45,2.99,2.99,3.21,3.87,4.75,3.64,4.6
20220927,2.84,2.91,2.84,2.9,2.84,0.06,2.1127,149537.48,42970.982,1.45,23.45,2.99,2.99,3.21,3.87,4.75,3.64,4.21
20220926,2.86,2.89,2.84,2.84,2.89,-0.05,-1.7301,182047.58,52029.003,1.45,23.45,2.99,2.99,3.21,3.87,4.75,3.64,3.81
20220923,2.95,2.95,2.88,2.89,2.94,-0.05,-1.7007,180176.08,52485.934,1.45,23.45,2.99,2.99,3.21,3.87,4.75,3.65,3.31
20220922,2.98,3.0,2.93,2.94,2.99,-0.05,-1.6722,196123.6,58049.22,1.45,23.45,2.99,2.99,3.21,3.87,4.75,3.65,2.82
20220921,2.95,3.0,2.9,2.99,2.95,0.04,1.3559,198711.62,58643.593,1.45,23.45,2.99,2.99,3.21,3.87,4.75,3.65,2.51
20220920,2.94,2.99,2.93,2.95,2.93,0.02,0.6826,156581.33,46228.031,1.45,23.45,2.99,2.99,3.21,3.87,4.75,3.66,2.2
20220919,3.0,3.0,2.92,2.93,3.0,-0.07,-2.3333,228631.54,67229.241,1.45,23.45,2.99,2.99,3.21,3.87,4.75,3.66,1.76
20220916,3.08,3.09,3.0,3.0,3.08,-0.08,-2.5974,270849.73,82396.924,1.45,23.45,2.99,2.99,3.21,3.87,4.75,3.67,18.96
20220915,3.13,3.14,3.04,3.08,3.11,-0.03,-0.9646,279735.87,86370.431,1.45,23.45,2.99,2.99,3.21,3.87,4.75,3.67,18.38
20220914,3.11,3.14,3.08,3.11,3.14,-0.03,-0.9554,219751.25,68367.144,1.45,23.45,2.99,2.99,3.21,3.87,4.75,3.67,17.78
20220913,3.17,3.21,3.13,3.14,3.17,-0.03,-0.9464,188821.75,59759.214,1.45,23.45,2.99,2.99,3.21,3.87,4.75,3.68,17.31
20220909,3.15,3.18,3.11,3.17,3.15,0.02,0.6349,185291.93,58280.122,1.45,23.45,2.99,2.99,3.21,3.87,4.75,3.68,16.9
20220908,3.19,3.22,3.15,3.15,3.19,-0.04,-1.2539,210731.33,67014.583,1.45,23.45,2.99,2.99,3.21,3.87,4.75,3.68,16.49
20220907,3.27,3.28,3.17,3.19,3.29,-0.1,-3.0395,365832.53,117501.15,1.45,23.45,2.99,2.99,3.21,3.87,4.75,3.68,16.28
20220906,3.3,3.32,3.25,3.29,3.28,0.01,0.3049,312993.22,102344.057,1.45,23.45,2.99,2.99,3.21,3.87,4.75,3.69,51.72
20220905,3.36,3.36,3.25,3.28,3.34,-0.06,-1.7964,328982.6,108008.877,1.45,23.45,2.99,2.99,3.21,3.87,4.75,3.69,51.45
20220902,3.28,3.35,3.24,3.34,3.25,0.09,2.7692,360161.76,119444.838,1.45,23.45,2.99,2.99,3.21,3.87,4.75,3.69,51.17
20220901,3.33,3.35,3.23,3.25,3.34,-0.09,-2.6946,301037.66,98867.357,1.45,23.45,2.99,2.99,3.21,3.87,4.75,3.69,50.87
20220831,3.31,3.39,3.29,3.34,3.32,0.02,0.6024,457999.99,153124.814,1.45,23.45,2.99,2.99,3.21,3.87,4.75,3.7,50.61
20220830,3.2,3.39,3.2,3.32,3.22,0.1,3.1056,522324.53,173770.451,1.45,23.45,2.99,2.99,3.21,3.87,4.75,3.7,50.21
20220829,3.19,3.22,3.15,3.22,3.22,0.0,0.0,224803.25,71530.026,1.45,23.45,2.99,2.99,3.43,3.87,4.75,3.7,49.48
20220826,3.23,3.29,3.22,3.22,3.25,-0.03,-0.9231,222917.01,72405.297,1.45,23.45,2.99,2.99,3.43,3.87,4.75,3.71,49.12
20220825,3.32,3.32,3.21,3.25,3.29,-0.04,-1.2158,268317.9,87135.629,1.45,23.45,2.99,2.99,3.43,3.87,4.75,3.71,48.92
20220824,3.36,3.38,3.28,3.29,3.34,-0.05,-1.497,339806.11,112606.392,1.45,23.45,2.99,2.99,3.43,3.87,4.75,3.71,48.67
20220823,3.38,3.4,3.34,3.34,3.38,-0.04,-1.1834,277764.02,93171.968,1.45,23.45,2.99,2.99,3.43,3.87,4.75,3.71,48.35
20220822,3.26,3.4,3.23,3.38,3.28,0.1,3.0488,529594.39,178103.489,1.45,23.45,2.99,2.99,3.43,4.09,4.75,3.72,48.08
20220819,3.24,3.37,3.24,3.28,3.25,0.03,0.9231,452924.67,150567.705,1.45,23.45,2.99,2.99,3.43,4.09,4.75,3.72,47.55
20220818,3.3,3.3,3.23,3.25,3.3,-0.05,-1.5152,207893.28,67553.75,1.45,23.45,2.99,2.99,3.43,4.09,4.75,3.72,47.09
20220817,3.24,3.3,3.22,3.3,3.23,0.07,2.1672,248180.12,81118.502,1.45,23.45,2.99,2.99,3.43,4.09,4.75,3.72,46.89
20220816,3.26,3.26,3.21,3.23,3.23,0.0,0.0,158528.31,51262.655,1.45,23.45,2.99,2.99,3.43,4.09,4.75,3.73,46.65
20220815,3.29,3.29,3.22,3.23,3.27,-0.04,-1.2232,206501.41,66876.5,1.45,23.45,2.99,2.99,3.43,4.09,4.97,3.73,46.49
20220812,3.21,3.29,3.2,3.27,3.22,0.05,1.5528,267158.48,86967.403,1.45,23.45,2.99,2.99,3.43,4.09,4.97,3.73,46.28
20220811,3.14,3.22,3.14,3.22,3.13,0.09,2.8754,266574.51,85153.778,1.45,23.45,2.99,2.99,3.43,4.09,4.97,3.73,45.87
20220810,3.15,3.17,3.11,3.13,3.16,-0.03,-0.9494,151426.22,47545.944,1.45,23.45,2.99,2.99,3.43,4.09,4.97,3.74,19.41
20220809,3.19,3.19,3.13,3.16,3.18,-0.02,-0.6289,165146.64,52055.509,1.45,23.45,2.99,2.99,3.43,4.09,4.97,3.74,19.09
20220808,3.19,3.21,3.17,3.18,3.18,0.0,0.0,259071.79,82457.968,1.45,23.45,2.99,2.99,3.43,4.09,4.97,3.74,18.75
20220805,3.08,3.18,3.08,3.18,3.08,0.1,3.2468,324320.35,101973.003,1.45,23.45,2.99,2.99,3.43,4.09,4.97,3.75,18.2
20220804,3.05,3.09,3.03,3.08,3.05,0.03,0.9836,186294.06,57091.383,1.45,23.45,2.99,2.99,3.43,4.09,4.97,3.75,17.5
20220803,3.05,3.13,3.03,3.05,3.06,-0.01,-0.3268,239011.0,73645.282,1.45,23.45,2.99,2.99,3.43,4.09,4.97,3.75,17.09
20220802,3.2,3.2,3.02,3.06,3.22,-0.16,-4.9689,411724.27,126266.85,1.45,23.45,2.99,2.99,3.43,4.09,4.97,3.76,16.56
20220801,3.21,3.24,3.18,3.22,3.22,0.0,0.0,136226.17,43813.406,1.45,23.45,2.99,2.99,3.43,4.31,4.97,3.77,41.79
20220729,3.24,3.28,3.22,3.22,3.25,-0.03,-0.9231,204522.84,66358.414,1.45,23.45,2.99,2.99,3.43,4.31,4.97,3.77,41.57
20220728,3.25,3.29,3.23,3.25,3.23,0.02,0.6192,186040.11,60636.237,1.45,23.45,2.99,2.99,3.43,4.31,4.97,3.77,41.32
20220727,3.28,3.28,3.23,3.23,3.28,-0.05,-1.5244,188898.17,61251.178,1.45,23.45,2.99,2.99,3.43,4.31,4.97,3.77,41.1
20220726,3.25,3.29,3.23,3.28,3.23,0.05,1.548,161757.69,52673.777,1.45,23.45,2.99,2.99,3.43,4.31,4.97,3.77,40.88
20220725,3.28,3.3,3.22,3.23,3.28,-0.05,-1.5244,180818.47,58642.646,1.45,23.45,2.99,2.99,3.43,4.31,4.97,3.77,40.67
20220722,3.32,3.36,3.24,3.28,3.34,-0.06,-1.7964,289355.0,95323.518,1.45,23.45,2.99,2.99,3.43,4.31,4.97,3.78,40.45
20220721,3.3,3.38,3.27,3.34,3.3,0.04,1.2121,366803.63,122562.113,1.45,23.45,2.99,2.99,3.43,4.31,4.97,3.78,40.08
20220720,3.3,3.32,3.27,3.3,3.28,0.02,0.6098,238164.3,78495.42,1.45,23.45,2.99,2.99,3.43,4.31,4.97,3.78,39.6
20220719,3.22,3.29,3.2,3.28,3.22,0.06,1.8634,293141.71,95357.903,1.45,23.45,2.99,2.99,3.43,4.31,4.97,3.78,39.29
20220718,3.1,3.22,3.1,3.22,3.08,0.14,4.5455,355892.1,113227.679,1.45,23.45,2.99,2.99,3.43,4.31,4.97,3.79,38.78
20220715,3.13,3.14,3.07,3.08,3.14,-0.06,-1.9108,240264.01,74289.337,1.45,23.45,2.99,2.99,3.43,4.31,4.97,3.79,16.52
20220714,3.16,3.17,3.13,3.14,3.17,-0.03,-0.9464,174596.43,54983.596,1.45,23.45,2.99,2.99,3.43,4.31,4.97,3.8,15.99
20220713,3.15,3.23,3.15,3.17,3.13,0.04,1.278,231563.71,73743.803,1.45,23.45,2.99,2.99,3.43,4.31,4.97,3.8,15.6
20220712,3.2,3.2,3.13,3.13,3.19,-0.06,-1.8809,213616.36,67244.295,1.45,23.45,2.99,2.99,3.43,4.31,4.97,3.8,15.36
20220711,3.23,3.24,3.17,3.19,3.24,-0.05,-1.5432,196937.9,62987.931,1.45,23.45,2.99,3.21,3.43,4.31,4.97,3.81,14.87
20220708,3.21,3.28,3.19,3.24,3.2,0.04,1.25,242162.75,78644.021,1.45,23.45,2.99,3.21,3.43,4.31,4.97,3.81,35.67
20220707,3.17,3.23,3.16,3.2,3.17,0.03,0.9464,165566.76,52985.864,1.45,23.45,2.99,3.21,3.43,4.31,4.97,3.82,14.68
20220706,3.2,3.23,3.15,3.17,3.22,-0.05,-1.5528,227243.78,72276.082,1.45,23.45,2.99,3.21,3.43,4.31,4.97,3.82,14.5
20220705,3.29,3.31,3.17,3.22,3.31,-0.09,-2.719,444486.75,143560.812,1.45,23.45,2.99,3.21,3.43,4.53,4.97,3.82,34.34
20220704,3.29,3.32,3.27,3.31,3.29,0.02,0.6079,226689.96,74698.365,1.45,23.45,2.99,3.21,3.43,4.53,4.97,3.83,33.45
20220701,3.36,3.36,3.29,3.29,3.34,-0.05,-1.497,251832.11,83612.773,1.45,23.45,2.99,3.21,3.43,4.53,4.97,3.83,33.1
20220630,3.34,3.4,3.34,3.34,3.33,0.01,0.3003,278625.43,93685.375,1.45,23.45,2.99,3.21,3.43,4.53,4.97,3.83,32.72
20220629,3.39,3.42,3.33,3.33,3.4,-0.07,-2.0588,332452.72,112367.806,1.45,23.45,2.99,3.21,3.43,4.53,4.97,3.84,32.28
20220628,3.35,3.41,3.32,3.4,3.37,0.03,0.8902,302540.82,101934.542,1.45,23.45,2.99,3.21,3.43,4.53,4.97,3.84,31.75
20220627,3.38,3.44,3.34,3.37,3.36,0.01,0.2976,364907.46,123798.118,1.45,23.45,2.99,2.99,3.43,4.53,4.97,3.84,31.27
20220624,3.36,3.41,3.34,3.36,3.35,0.01,0.2985,255109.33,86082.505,1.45,23.45,2.99,2.99,3.43,4.53,4.97,3.85,31.11
20220623,3.34,3.37,3.3,3.35,3.32,0.03,0.9036,372324.64,124112.441,1.45,23.45,2.99,2.99,3.43,4.53,4.97,3.85,30.7
20220622,3.4,3.43,3.31,3.32,3.43,-0.11,-3.207,412439.0,138668.875,1.45,23.45,2.99,2.99,3.43,4.53,4.97,3.86,30.08
20220621,3.4,3.44,3.37,3.43,3.4,0.03,0.8824,387122.29,132028.033,1.45,23.45,2.99,2.99,3.43,4.53,4.97,3.86,29.38
20220620,3.4,3.44,3.36,3.4,3.4,0.0,0.0,339899.24,115422.509,1.45,23.45,2.99,2.99,3.43,4.53,4.97,3.86,29.19
20220617,3.45,3.47,3.35,3.4,3.48,-0.08,-2.2989,493330.34,167484.89,1.45,23.45,2.99,2.99,3.43,4.53,4.97,3.87,29.02
20220616,3.38,3.54,3.37,3.48,3.39,0.09,2.6549,730681.4,253804.652,1.45,23.45,2.99,2.99,3.43,4.53,4.97,3.87,50.63
20220615,3.44,3.49,3.38,3.39,3.44,-0.05,-1.4535,534758.29,182875.056,1.45,23.45,2.99,2.99,3.65,4.53,4.97,3.88,29.23
20220614,3.43,3.44,3.33,3.44,3.48,-0.04,-1.1494,466368.41,157924.54,1.45,23.45,2.99,2.99,3.65,4.53,4.97,3.89,48.73
20220613,3.37,3.53,3.33,3.48,3.4,0.08,2.3529,796894.12,274388.213,1.45,23.45,2.99,2.99,3.65,4.53,4.97,3.89,47.95
20220610,3.44,3.49,3.38,3.4,3.49,-0.09,-2.5788,1037022.39,353588.28,1.45,23.45,2.99,2.99,3.65,4.53,4.97,3.9,29.24
20220609,3.65,3.68,3.46,3.49,3.65,-0.16,-4.3836,755265.71,267040.077,1.45,23.45,2.99,2.99,3.65,4.53,4.97,3.91,44.89
20220608,3.51,3.77,3.48,3.65,3.44,0.21,6.1047,1481725.94,537120.494,1.45,23.45,2.99,2.99,3.65,4.53,4.97,3.91,44.98
20220607,3.36,3.58,3.33,3.44,3.32,0.12,3.6145,1004723.09,348135.203,1.45,23.45,2.99,2.99,3.65,4.53,4.97,3.92,45.12
20220606,3.15,3.32,3.15,3.32,3.15,0.17,5.3968,948423.35,309524.277,1.45,23.45,2.99,2.99,3.65,4.53,4.97,3.93,32.15
20220602,3.08,3.16,3.05,3.15,3.11,0.04,1.2862,365862.97,113868.92,1.45,23.45,2.99,2.99,3.65,4.75,4.97,3.95,22.33
20220601,3.1,3.14,3.08,3.11,3.09,0.02,0.6472,321672.07,100029.768,1.45,23.45,2.99,2.99,3.65,4.75,4.97,3.96,21.6
20220531,3.06,3.11,3.03,3.09,3.06,0.03,0.9804,293244.34,90116.45,1.45,23.45,2.99,2.99,3.65,4.75,4.97,3.97,20.94
20220530,3.09,3.09,3.03,3.06,3.06,0.0,0.0,212138.28,64829.679,1.45,23.45,2.99,2.99,3.65,4.75,4.97,3.97,20.34
20220527,3.13,3.13,3.04,3.06,3.09,-0.03,-0.9709,238892.68,73513.774,1.45,23.45,2.99,2.99,3.65,4.75,4.97,3.98,19.91
20220526,3.05,3.09,3.01,3.09,3.05,0.04,1.3115,313091.87,95843.913,1.45,23.45,2.99,2.99,3.65,4.75,4.97,3.99,19.41
20220525,2.96,3.06,2.96,3.05,2.97,0.08,2.6936,278436.32,83900.377,1.45,23.45,2.99,2.99,3.65,4.75,4.97,3.99,18.75
20220524,3.11,3.13,2.96,2.97,3.11,-0.14,-4.5016,352096.94,106871.782,1.45,23.45,2.99,2.99,3.65,4.75,4.97,4.0,3.74
20220523,3.1,3.15,3.07,3.11,3.06,0.05,1.634,376410.54,117018.928,1.45,23.45,2.99,2.99,3.65,4.75,4.97,4.01,17.09
20220520,3.04,3.07,3.03,3.06,3.03,0.03,0.9901,284295.66,86780.178,1.45,23.45,2.99,2.99,3.65,4.75,4.97,4.02,16.26
20220519,2.98,3.04,2.95,3.03,3.03,0.0,0.0,285253.66,85644.615,1.45,23.45,2.99,2.99,3.65,4.75,4.97,4.03,15.63
20220518,3.04,3.07,3.03,3.03,3.03,0.0,0.0,280570.0,85516.239,1.45,23.45,2.99,3.21,3.65,4.75,4.97,4.04,14.84
20220517,3.06,3.08,2.98,3.03,3.06,-0.03,-0.9804,301518.63,90955.585,1.45,23.45,2.99,3.21,3.65,4.75,4.97,4.05,14.19
20220516,3.05,3.09,3.03,3.06,3.04,0.02,0.6579,246264.13,75355.495,1.45,23.45,2.99,3.21,3.65,4.75,4.97,4.06,13.34
20220513,3.05,3.07,3.01,3.04,3.03,0.01,0.33,187784.36,57010.245,1.45,23.45,2.99,3.21,3.65,4.75,4.97,4.07,12.75
20220512,3.0,3.07,2.98,3.03,3.02,0.01,0.3311,246662.46,74688.066,1.45,23.45,2.99,3.21,3.65,4.75,4.97,4.07,12.31
20220511,3.05,3.11,3.01,3.02,3.04,-0.02,-0.6579,401153.02,123167.343,1.45,23.45,2.99,3.21,3.65,4.75,4.97,4.08,11.6
20220510,2.99,3.05,2.94,3.04,3.01,0.03,0.9967,369697.11,111055.956,1.45,23.45,2.99,3.21,3.65,4.75,4.97,4.09,10.62
20220509,2.9,3.01,2.89,3.01,2.91,0.1,3.4364,361905.06,107357.001,1.45,23.45,2.99,3.43,3.65,4.75,4.97,4.1,9.52
20220506,2.93,2.94,2.87,2.91,3.04,-0.13,-4.2763,454643.23,132122.561,1.45,23.45,2.99,3.43,3.65,4.75,4.97,4.12,2.89
20220505,3.06,3.08,2.99,3.04,3.07,-0.03,-0.9772,282922.28,86109.105,1.45,23.45,2.99,3.43,3.65,4.75,4.97,4.14,6.74
20220429,2.99,3.1,2.97,3.07,2.96,0.11,3.7162,461132.15,140927.62,1.45,23.45,2.99,3.43,3.65,4.75,4.97,4.14,6.0
20220428,3.01,3.02,2.9,2.96,3.07,-0.11,-3.5831,309042.04,91529.999,1.45,23.45,3.21,3.43,3.87,4.75,4.97,4.16,1.45
20220427,2.93,3.08,2.84,3.07,2.94,0.13,4.4218,426979.26,125912.067,1.45,23.45,3.21,3.43,3.87,4.75,4.97,4.17,3.49
20220426,3.04,3.08,2.94,2.94,3.02,-0.08,-2.649,367777.08,110958.784,1.45,23.45,3.21,3.43,3.87,4.75,4.97,4.19,0.24
20220425,3.27,3.28,3.01,3.02,3.31,-0.29,-8.7613,407110.2,127596.004,1.45,23.45,3.21,3.43,3.87,4.75,4.97,4.2,0.79
20220422,3.33,3.34,3.26,3.31,3.31,0.0,0.0,207535.58,68436.709,1.45,23.45,3.43,3.43,3.87,4.75,4.97,4.22,3.73
20220421,3.37,3.41,3.31,3.31,3.39,-0.08,-2.3599,247501.64,82969.503,1.45,23.45,3.43,3.43,3.87,4.75,4.97,4.22,3.16
20220420,3.43,3.48,3.37,3.39,3.45,-0.06,-1.7391,188572.93,64780.852,1.45,23.45,3.43,3.43,3.87,4.75,4.97,4.23,2.48
20220419,3.43,3.46,3.4,3.45,3.43,0.02,0.5831,191886.25,65898.282,1.45,23.45,3.43,3.43,3.87,4.75,4.97,4.23,17.61
20220418,3.37,3.43,3.31,3.43,3.39,0.04,1.1799,212787.73,71869.901,1.45,23.45,3.43,3.43,3.87,4.75,4.97,4.24,2.34
20220415,3.44,3.44,3.37,3.39,3.47,-0.08,-2.3055,275482.56,93708.232,1.45,23.45,3.43,3.43,3.87,4.75,4.97,4.24,1.75
20220414,3.5,3.52,3.46,3.47,3.49,-0.02,-0.5731,345747.99,120632.306,1.45,23.45,3.43,3.43,3.87,4.75,4.97,4.25,15.62
20220413,3.61,3.64,3.47,3.49,3.65,-0.16,-4.3836,512354.2,180435.333,1.45,23.45,3.43,3.65,3.87,4.75,4.97,4.26,14.84
20220412,3.72,3.78,3.56,3.65,3.48,0.17,4.8851,827905.25,302609.196,1.45,23.45,3.43,3.65,3.87,4.75,4.97,4.27,13.65
20220411,3.62,3.63,3.45,3.48,3.61,-0.13,-3.6011,393571.14,137966.099,1.45,23.45,3.43,3.65,3.87,4.75,4.97,4.28,13.7
20220408,3.72,3.74,3.58,3.61,3.71,-0.1,-2.6954,370836.51,134437.615,1.45,23.45,3.43,3.65,3.87,4.75,4.97,4.29,12.77
20220407,3.77,3.82,3.71,3.71,3.79,-0.08,-2.1108,397746.75,149436.254,1.45,23.45,3.43,3.65,3.87,4.75,4.97,4.3,39.09
20220406,3.71,3.85,3.7,3.79,3.73,0.06,1.6086,484986.33,184140.515,1.45,23.45,3.43,3.65,3.87,4.75,4.97,4.3,38.57
20220401,3.63,3.76,3.58,3.73,3.64,0.09,2.4725,559187.72,207018.926,1.45,23.45,3.43,3.65,3.87,4.75,4.97,4.31,37.92
20220331,3.67,3.71,3.62,3.64,3.69,-0.05,-1.355,337084.02,123401.538,1.45,23.45,3.43,3.65,3.87,4.75,4.97,4.32,12.8
20220330,3.62,3.7,3.59,3.69,3.61,0.08,2.2161,382177.73,140286.565,1.45,23.45,3.43,3.65,3.87,4.75,4.97,4.32,36.23
20220329,3.67,3.68,3.59,3.61,3.64,-0.03,-0.8242,244244.58,88618.636,1.45,23.45,3.43,3.65,4.09,4.75,4.97,4.33,12.82
20220328,3.58,3.68,3.56,3.64,3.57,0.07,1.9608,386152.57,140571.289,1.45,23.45,3.43,3.65,4.09,4.75,4.97,4.34,12.53
20220325,3.57,3.65,3.55,3.57,3.58,-0.01,-0.2793,349886.5,125974.763,1.45,23.45,3.43,3.65,4.09,4.75,4.97,4.34,12.07
20220324,3.65,3.66,3.56,3.58,3.67,-0.09,-2.4523,360535.9,129397.144,1.45,23.45,3.43,3.65,4.09,4.75,4.97,4.35,11.23
20220323,3.64,3.71,3.63,3.67,3.64,0.03,0.8242,335921.72,123202.976,1.45,23.45,3.43,3.65,4.09,4.75,4.97,4.36,32.4
20220322,3.57,3.66,3.55,3.64,3.6,0.04,1.1111,295829.87,106710.733,1.45,23.45,3.43,3.65,4.09,4.75,4.97,4.37,10.78
20220321,3.61,3.68,3.55,3.6,3.62,-0.02,-0.5525,333647.34,120407.152,1.45,23.45,3.43,3.65,4.09,4.75,4.97,4.37,10.41
20220318,3.58,3.65,3.55,3.62,3.61,0.01,0.277,375855.36,135424.866,1.45,23.45,3.43,3.65,4.09,4.75,4.97,4.38,9.99
20220317,3.48,3.76,3.46,3.61,3.44,0.17,4.9419,937856.44,342824.969,1.45,23.45,3.43,3.65,4.09,4.75,4.97,4.39,9.05
20220316,3.37,3.46,3.26,3.44,3.32,0.12,3.6145,393444.18,132295.957,1.45,23.45,3.43,3.65,4.09,4.75,4.97,4.41,8.93
20220315,3.5,3.5,3.31,3.32,3.52,-0.2,-5.6818,430710.73,147113.701,1.45,23.45,3.43,3.65,4.31,4.75,4.97,4.42,1.11
20220314,3.6,3.64,3.52,3.52,3.6,-0.08,-2.2222,252313.8,90216.975,1.45,23.45,3.43,3.65,4.31,4.75,4.97,4.43,6.21
20220311,3.48,3.6,3.43,3.6,3.51,0.09,2.5641,367686.39,129659.169,1.45,23.45,3.43,3.65,4.31,4.75,4.97,4.44,5.54
20220310,3.58,3.61,3.51,3.51,3.51,0.0,0.0,325561.95,115927.479,1.45,23.45,3.65,3.65,4.31,4.75,4.97,4.45,4.55
20220309,3.61,3.63,3.32,3.51,3.6,-0.09,-2.5,531979.87,185581.52,1.45,23.45,3.65,3.65,4.31,4.75,4.97,4.46,3.66
20220308,3.7,3.72,3.54,3.6,3.71,-0.11,-2.965,420276.02,152619.496,1.45,23.45,3.65,3.65,4.31,4.75,4.97,4.48,1.93
20220307,3.74,3.76,3.68,3.71,3.79,-0.08,-2.1108,324913.24,120679.206,1.45,23.45,3.65,3.65,4.31,4.75,4.97,4.49,19.26
20220304,3.77,3.83,3.73,3.79,3.78,0.01,0.2646,389662.82,147303.071,1.45,23.45,3.65,3.65,4.31,4.75,4.97,4.5,18.57
20220303,3.8,3.82,3.76,3.78,3.79,-0.01,-0.2639,259994.42,98286.084,1.45,23.45,3.65,3.65,4.31,4.75,4.97,4.5,17.73
20220302,3.73,3.81,3.71,3.79,3.76,0.03,0.7979,293621.25,110971.555,1.45,23.45,3.65,3.65,4.31,4.75,4.97,4.51,17.16
20220301,3.73,3.78,3.71,3.76,3.73,0.03,0.8043,272104.47,101961.623,1.45,23.45,3.65,3.65,4.31,4.75,4.97,4.52,16.51
20220228,3.72,3.75,3.65,3.73,3.72,0.01,0.2688,256287.38,94700.148,1.45,23.45,3.65,3.65,4.53,4.75,4.97,4.52,15.91
20220225,3.75,3.78,3.71,3.72,3.71,0.01,0.2695,289198.19,108418.553,1.45,23.45,3.65,3.65,4.53,4.75,4.97,4.53,15.33
20220224,3.83,3.84,3.66,3.71,3.86,-0.15,-3.886,650458.54,243776.85,1.45,23.45,3.65,3.87,4.53,4.75,4.97,4.54,14.67
20220223,3.84,3.88,3.83,3.86,3.84,0.02,0.5208,335598.65,129598.85,1.45,23.45,3.65,3.87,4.53,4.75,4.97,4.55,13.15
20220222,3.91,3.92,3.79,3.84,3.95,-0.11,-2.7848,463018.08,177989.329,1.45,23.45,3.65,3.87,4.53,4.75,4.97,4.56,12.76
20220221,3.84,3.96,3.82,3.95,3.85,0.1,2.5974,445995.06,174912.869,1.45,23.45,3.65,3.87,4.53,4.75,4.97,4.57,27.77
20220218,3.8,3.87,3.78,3.85,3.82,0.03,0.7853,322859.4,123816.682,1.45,23.45,3.65,3.87,4.53,4.75,4.97,4.58,12.21
20220217,3.88,3.89,3.8,3.82,3.9,-0.08,-2.0513,350620.53,134786.673,1.45,23.45,3.65,3.87,4.53,4.75,4.97,4.58,11.43
20220216,3.89,3.95,3.88,3.9,3.87,0.03,0.7752,302050.7,118040.631,1.45,23.45,3.65,3.87,4.53,4.75,4.97,4.59,24.95
20220215,3.89,3.98,3.81,3.87,3.88,-0.01,-0.2577,382933.9,149032.575,1.45,23.45,3.65,3.87,4.53,4.75,4.97,4.6,11.13
20220214,3.87,3.93,3.85,3.88,3.93,-0.05,-1.2723,405862.35,157832.457,1.45,23.45,3.65,3.87,4.53,4.75,4.97,4.6,23.45
20220211,3.99,4.07,3.89,3.93,4.13,-0.2,-4.8426,1012689.92,400423.92,1.45,23.45,3.65,3.87,4.53,4.75,4.97,4.61,22.46
20220210,3.93,4.22,3.85,4.13,3.93,0.2,5.0891,1255430.96,510940.306,1.45,23.45,3.65,3.87,4.53,4.97,4.97,4.63,28.98
20220209,3.76,3.94,3.74,3.93,3.76,0.17,4.5213,674947.36,262118.937,1.45,23.45,3.65,3.87,4.53,4.97,4.97,4.66,18.27
20220208,3.65,3.76,3.62,3.76,3.66,0.1,2.7322,537946.59,199189.774,1.45,23.45,3.65,3.87,4.53,4.97,4.97,4.67,11.68
20220207,3.77,3.77,3.61,3.66,3.71,-0.05,-1.3477,568863.98,208212.815,1.45,23.45,3.65,4.09,4.53,4.97,4.97,4.69,10.1
20220128,3.7,3.76,3.65,3.71,3.64,0.07,1.9231,657779.22,244812.148,1.45,23.45,3.65,4.09,4.53,4.97,4.97,4.71,8.39
20220127,3.86,3.86,3.62,3.64,4.21,-0.57,-13.5392,1497708.14,556433.103,1.45,23.45,3.65,4.09,4.53,4.97,4.97,4.73,1.23
20220126,4.19,4.26,4.16,4.21,4.16,0.05,1.2019,392013.62,164726.477,1.45,23.45,3.87,4.31,4.53,4.97,4.97,4.78,13.49
20220125,4.48,4.5,4.15,4.16,4.52,-0.36,-7.9646,957980.41,408164.514,1.45,23.45,3.87,4.31,4.53,4.97,4.97,4.78,12.56
20220124,4.43,4.54,4.41,4.52,4.48,0.04,0.8929,477870.98,214155.908,1.45,23.45,3.87,4.31,4.53,4.97,4.97,4.8,21.83
20220121,4.65,4.74,4.48,4.48,4.69,-0.21,-4.4776,957022.46,436823.171,1.45,23.45,3.87,4.31,4.75,4.97,4.97,4.8,21.43
20220120,4.84,4.87,4.65,4.69,4.87,-0.18,-3.6961,1220437.34,573669.515,1.45,23.45,3.87,4.31,4.75,4.97,4.97,4.8,48.34
20220119,4.62,5.04,4.62,4.87,4.57,0.3,6.5646,2122462.73,1031223.914,1.45,23.45,3.87,4.31,4.75,4.97,4.97,4.8,79.67
20220118,4.88,4.89,4.55,4.57,4.87,-0.3,-6.1602,1461535.3,684487.07,1.45,23.45,3.87,4.31,4.53,4.97,4.97,4.78,52.26
20220117,4.7,4.9,4.68,4.87,4.71,0.16,3.397,1028471.89,497890.285,1.45,23.45,3.87,4.31,4.53,4.97,4.97,4.77,80.75
20220114,4.66,4.8,4.59,4.71,4.66,0.05,1.073,886809.49,418248.509,1.45,23.45,3.87,4.09,4.53,4.97,4.97,4.76,54.54
20220113,4.68,4.78,4.65,4.66,4.7,-0.04,-0.8511,917701.43,432405.705,1.45,23.45,3.87,4.09,4.53,4.97,5.19,4.76,54.97
20220112,4.68,4.78,4.64,4.7,4.65,0.05,1.0753,817727.55,385174.898,1.45,23.45,3.87,4.09,4.53,4.97,5.19,4.76,55.42
20220111,4.77,4.83,4.64,4.65,4.77,-0.12,-2.5157,1050117.6,495672.883,1.45,23.45,3.87,4.09,4.53,4.97,5.19,4.75,55.85
20220110,4.84,4.84,4.66,4.77,4.78,-0.01,-0.2092,945149.31,449203.005,1.45,23.45,3.87,4.09,4.53,4.97,5.19,4.75,78.88
20220107,4.96,5.07,4.76,4.78,4.95,-0.17,-3.4343,1343970.99,657050.809,1.45,23.45,3.87,4.09,4.53,4.97,5.19,4.74,78.65
20220106,5.03,5.07,4.9,4.95,5.07,-0.12,-2.3669,1319081.08,654681.985,1.45,23.45,3.87,4.09,4.53,4.97,5.19,4.72,80.64
20220105,4.93,5.18,4.92,5.07,4.97,0.1,2.0121,2134642.02,1077960.838,1.45,23.45,3.87,4.09,4.53,4.97,5.19,4.7,94.94
20220104,4.88,5.1,4.82,4.97,4.86,0.11,2.2634,1781956.72,884062.306,1.45,23.45,3.87,4.09,4.53,4.75,4.97,4.66,89.09
20211231,4.76,4.95,4.72,4.86,4.77,0.09,1.8868,1621917.61,787757.692,1.45,23.45,3.87,4.09,4.53,4.75,4.97,4.62,92.53
20211230,4.43,4.88,4.42,4.77,4.45,0.32,7.191,1878546.66,883373.92,1.45,23.45,3.87,4.09,4.53,4.75,4.97,4.6,93.0
20211229,4.45,4.51,4.4,4.45,4.47,-0.02,-0.4474,718863.84,320238.54,1.45,23.45,3.87,4.09,4.53,4.75,4.97,4.59,48.83
20211228,4.48,4.54,4.44,4.47,4.47,0.0,0.0,744388.45,333248.361,1.45,23.45,3.87,4.09,4.53,4.75,4.97,4.59,48.14
20211227,4.63,4.63,4.44,4.47,4.62,-0.15,-3.2468,972027.67,436944.817,1.45,23.45,3.87,4.09,4.53,4.75,4.97,4.58,48.31
20211224,4.73,4.74,4.57,4.62,4.67,-0.05,-1.0707,1049326.75,488851.569,1.45,23.45,3.87,4.09,4.53,4.75,4.97,4.58,80.33
20211223,4.82,4.84,4.67,4.67,4.83,-0.16,-3.3126,1612277.1,761575.856,1.45,23.45,3.87,4.09,4.31,4.75,4.97,4.57,80.64
20211222,4.54,5.09,4.5,4.83,4.53,0.3,6.6225,2837402.89,1376096.709,1.45,23.45,3.65,3.87,4.31,4.75,4.97,4.55,92.41
20211221,4.49,4.63,4.48,4.53,4.53,0.0,0.0,978936.04,445164.189,1.45,23.45,3.65,3.87,4.31,4.53,4.97,4.51,60.18
20211220,4.6,4.74,4.48,4.53,4.61,-0.08,-1.7354,1239785.42,566612.812,1.45,23.45,3.65,3.87,4.31,4.53,4.97,4.5,62.11
20211217,4.54,4.73,4.44,4.61,4.54,0.07,1.5419,1731544.46,797644.529,1.45,23.45,3.65,3.87,4.31,4.53,4.97,4.49,90.38
20211216,4.6,4.63,4.5,4.54,4.65,-0.11,-2.3656,1292268.54,588563.667,1.45,23.45,3.65,3.87,4.31,4.53,4.97,4.47,90.77
20211215,4.45,4.67,4.43,4.65,4.47,0.18,4.0268,1848626.58,846226.538,1.45,23.45,3.65,3.87,4.31,4.53,4.97,4.45,91.09
20211214,4.4,4.56,4.36,4.47,4.46,0.01,0.2242,1666680.06,744548.2,1.45,23.45,3.65,3.87,4.31,4.53,4.97,4.43,76.06
20211213,4.16,4.47,4.14,4.46,4.16,0.3,7.2115,1770019.75,766660.846,1.45,23.45,3.65,3.87,4.09,4.53,5.19,4.41,78.38
20211210,4.07,4.21,4.05,4.16,4.07,0.09,2.2113,1073609.16,445418.237,1.45,23.45,3.65,3.87,4.09,4.53,5.19,4.41,56.32
20211209,4.06,4.11,4.04,4.07,4.07,0.0,0.0,529796.82,215437.434,1.45,23.45,3.65,3.87,4.09,4.53,5.19,4.41,27.96
20211208,4.03,4.1,3.98,4.07,4.02,0.05,1.2438,501051.43,202508.409,1.45,23.45,3.65,3.87,4.09,4.53,5.19,4.41,27.64
20211207,4.01,4.05,3.98,4.02,4.0,0.02,0.5,449171.55,180496.18,1.45,23.45,3.65,3.87,4.09,4.53,5.19,4.42,27.33
20211206,4.06,4.07,4.0,4.0,4.07,-0.07,-1.7199,466932.97,188035.296,1.45,23.45,3.65,3.87,4.09,4.53,5.19,4.42,26.51
20211203,4.09,4.1,4.04,4.07,4.06,0.01,0.2463,399260.81,162567.345,1.45,23.45,3.65,3.87,4.09,4.53,5.19,4.42,25.64
20211202,4.11,4.14,4.05,4.06,4.14,-0.08,-1.9324,460739.85,188295.11,1.45,23.45,3.65,3.87,4.09,4.53,5.19,4.43,25.38
20211201,4.03,4.14,4.01,4.14,4.03,0.11,2.7295,678726.53,277691.648,1.45,23.45,3.65,3.87,4.09,4.53,5.19,4.43,50.71
20211130,4.03,4.08,4.01,4.03,4.01,0.02,0.4988,609291.53,246202.397,1.45,23.45,3.65,3.87,4.31,4.53,5.19,4.43,25.98
20211129,4.0,4.03,3.96,4.01,4.03,-0.02,-0.4963,526566.81,210300.968,1.45,23.45,3.65,3.87,4.31,4.53,5.19,4.44,24.84
20211126,4.11,4.12,4.02,4.03,4.14,-0.11,-2.657,769320.48,311781.15,1.45,23.45,3.65,3.87,4.31,4.53,5.19,4.45,23.83
20211125,4.26,4.26,4.12,4.14,4.29,-0.15,-3.4965,1011182.21,421236.84,1.45,23.45,3.65,3.87,4.31,4.53,5.19,4.45,46.26
20211124,4.2,4.32,4.16,4.29,4.19,0.1,2.3866,1136373.15,482236.74,1.45,23.45,3.65,3.87,4.31,4.53,5.41,4.46,45.17
20211123,4.21,4.23,4.13,4.19,4.24,-0.05,-1.1792,821991.44,343715.025,1.45,23.45,3.65,3.87,4.31,4.53,5.41,4.46,45.28
20211122,4.28,4.31,4.19,4.24,4.28,-0.04,-0.9346,820616.15,348639.487,1.45,23.45,3.65,3.87,4.31,4.53,5.41,4.46,44.36
20211119,4.32,4.41,4.26,4.28,4.32,-0.04,-0.9259,875133.29,377581.251,1.45,23.45,3.65,3.87,4.31,4.53,5.41,4.46,43.42
20211118,4.5,4.54,4.31,4.32,4.47,-0.15,-3.3557,1455299.35,637759.125,1.45,23.45,3.65,3.87,4.31,4.53,5.41,4.46,67.88
20211117,4.52,4.59,4.45,4.47,4.58,-0.11,-2.4017,1184686.05,534165.378,1.45,23.45,3.65,3.87,4.31,4.53,5.41,4.44,69.42
20211116,4.41,4.71,4.41,4.58,4.46,0.12,2.6906,1596024.78,731668.18,1.45,23.45,3.65,3.65,4.31,4.53,5.41,4.43,87.53
20211115,4.42,4.58,4.36,4.46,4.44,0.02,0.4505,1192392.47,534107.455,1.45,23.45,3.65,3.65,4.09,4.53,5.41,4.41,74.6
20211112,4.5,4.56,4.37,4.44,4.57,-0.13,-2.8446,1522594.21,677460.995,1.45,23.45,3.65,3.65,4.09,4.53,5.63,4.4,76.17
20211111,4.31,4.8,4.25,4.57,4.35,0.22,5.0575,2164513.75,979983.879,1.45,23.45,3.65,3.65,4.09,4.53,5.63,4.38,87.28
20211110,4.27,4.51,4.26,4.35,4.27,0.08,1.8735,1519217.81,668803.878,1.45,23.45,3.65,3.65,4.09,4.53,5.63,4.36,82.87
20211109,4.22,4.38,4.21,4.27,4.27,0.0,0.0,976262.18,420091.641,1.45,23.45,3.43,3.65,4.09,4.53,5.63,4.35,67.09
20211108,4.2,4.39,4.19,4.27,4.2,0.07,1.6667,1175136.65,505210.598,1.45,23.45,3.43,3.65,4.09,4.53,5.63,4.34,68.08
20211105,4.06,4.33,4.04,4.2,4.08,0.12,2.9412,1296729.65,546318.607,1.45,23.45,3.43,3.65,4.09,4.53,5.85,4.34,69.31
20211104,3.98,4.12,3.96,4.08,3.98,0.1,2.5126,615981.76,249835.046,1.45,23.45,3.43,3.65,4.09,4.53,5.85,4.33,48.66
20211103,3.97,4.09,3.96,3.98,3.97,0.01,0.2519,490027.92,197062.122,1.45,23.45,3.43,3.65,4.09,4.53,5.85,4.34,48.82
20211102,4.01,4.03,3.94,3.97,4.04,-0.07,-1.7327,534281.08,213002.221,1.45,23.45,3.43,3.65,4.09,4.53,5.85,4.34,48.36
20211101,3.89,4.09,3.88,4.04,3.89,0.15,3.856,817497.33,328319.566,1.45,23.45,3.43,3.65,4.09,4.53,5.85,4.34,47.84
20211029,3.65,3.94,3.65,3.89,3.64,0.25,6.8681,700641.83,269638.936,1.45,23.45,3.43,3.65,4.09,4.53,5.85,4.35,47.01
20211028,3.67,3.71,3.61,3.64,3.68,-0.04,-1.087,169452.0,61794.551,1.45,23.45,3.43,3.65,4.09,4.53,5.85,4.36,6.48
20211027,3.78,3.78,3.67,3.68,3.77,-0.09,-2.3873,253084.05,93843.681,1.45,23.45,3.43,3.65,4.09,4.53,5.85,4.36,25.83
20211026,3.83,3.83,3.74,3.77,3.83,-0.06,-1.5666,255436.39,96297.156,1.45,23.45,3.43,3.65,4.09,4.53,5.85,4.36,25.36
20211025,3.84,3.86,3.77,3.83,3.85,-0.02,-0.5195,283695.84,108041.854,1.45,23.45,3.43,3.65,4.09,4.53,5.85,4.37,24.88
20211022,3.77,3.88,3.74,3.85,3.74,0.11,2.9412,391802.05,150182.699,1.45,23.45,3.43,3.65,4.09,4.53,5.85,4.37,24.33
20211021,3.78,3.84,3.73,3.74,3.8,-0.06,-1.5789,192613.72,72870.135,1.45,23.45,3.43,3.65,4.09,4.75,5.85,4.38,24.05
20211020,3.8,3.82,3.77,3.8,3.82,-0.02,-0.5236,165056.37,62729.134,1.45,23.45,3.43,3.65,4.09,4.75,5.85,4.38,23.68
20211019,3.76,3.85,3.74,3.82,3.76,0.06,1.5957,221781.46,84435.291,1.45,23.45,3.43,3.65,4.09,4.75,5.85,4.38,23.36
20211018,3.77,3.79,3.72,3.76,3.78,-0.02,-0.5291,201536.72,75735.853,1.45,23.45,3.43,3.65,4.09,4.75,5.85,4.39,22.92
20211015,3.86,3.88,3.76,3.78,3.85,-0.07,-1.8182,222343.0,84994.196,1.45,23.45,3.43,3.65,4.09,4.75,5.85,4.39,22.53
20211014,3.91,3.91,3.83,3.85,3.9,-0.05,-1.2821,170521.0,65746.746,1.45,23.45,3.43,3.65,4.09,4.75,5.85,4.39,22.35
20211013,3.85,3.92,3.85,3.9,3.84,0.06,1.5625,205208.5,79933.948,1.45,23.45,3.43,3.65,4.09,4.75,5.85,4.4,40.66
20211012,3.9,3.9,3.82,3.84,3.92,-0.08,-2.0408,221648.78,85277.894,1.45,23.45,3.43,3.65,4.09,4.75,5.85,4.4,22.29
20211011,3.86,3.96,3.86,3.92,3.87,0.05,1.292,321106.51,125573.287,1.45,23.45,3.43,3.65,4.09,4.75,5.85,4.4,39.87
20211008,3.83,3.89,3.81,3.87,3.77,0.1,2.6525,269517.4,103811.172,1.45,23.45,3.43,3.65,4.09,4.75,5.85,4.4,22.24
20210930,3.73,3.83,3.73,3.77,3.72,0.05,1.3441,207340.0,78377.87,1.45,23.45,3.43,3.65,4.09,4.75,5.85,4.41,22.02
20210929,3.83,3.83,3.71,3.72,3.84,-0.12,-3.125,303455.11,113756.542,1.45,23.45,3.43,3.65,4.09,4.75,5.85,4.41,21.61
20210928,3.84,3.88,3.82,3.84,3.83,0.01,0.2611,184264.22,70917.647,1.45,23.45,3.43,3.65,4.09,4.75,5.85,4.42,20.99
20210927,3.99,4.0,3.82,3.83,4.01,-0.18,-4.4888,441456.9,171285.802,1.45,23.45,3.43,3.65,4.09,4.75,5.85,4.42,20.84
20210924,4.04,4.1,3.99,4.01,4.02,-0.01,-0.2488,351169.3,142200.655,1.45,23.45,3.43,3.65,4.09,4.75,5.85,4.42,36.35
20210923,4.0,4.07,3.99,4.02,3.97,0.05,1.2594,339118.18,136591.355,1.45,23.45,3.43,3.65,4.09,4.97,5.85,4.43,36.27
20210922,3.92,3.98,3.88,3.97,3.96,0.01,0.2525,331324.88,129947.225,1.45,23.45,3.43,3.65,4.09,4.97,5.85,4.43,35.79
20210917,4.04,4.07,3.93,3.96,4.09,-0.13,-3.1785,470823.14,187354.58,1.45,23.45,3.43,3.65,4.09,4.97,5.85,4.43,35.32
20210916,4.07,4.17,4.0,4.09,4.05,0.04,0.9877,632286.25,257763.439,1.45,23.45,3.43,3.65,4.09,4.97,5.85,4.44,34.62
20210915,4.06,4.12,4.03,4.05,4.06,-0.01,-0.2463,451098.04,183436.965,1.45,23.45,3.43,3.65,4.09,4.97,5.85,4.44,34.42
20210914,4.2,4.25,4.05,4.06,4.23,-0.17,-4.0189,886429.67,365363.032,1.45,23.45,3.43,3.65,4.09,4.97,5.85,4.45,34.28
20210913,4.02,4.34,3.97,4.23,4.03,0.2,4.9628,1409485.18,588586.421,1.45,23.45,3.43,3.65,4.09,4.97,5.85,4.45,55.73
20210910,4.09,4.16,4.02,4.03,4.13,-0.1,-2.4213,857344.13,349415.784,1.45,23.45,3.43,3.65,4.09,4.97,5.85,4.46,36.62
20210909,4.2,4.24,4.1,4.13,4.39,-0.26,-5.9226,1693345.7,703371.094,1.45,23.45,3.43,3.65,4.09,4.97,5.85,4.46,54.17
20210908,3.93,4.53,3.91,4.39,3.93,0.46,11.7048,2471402.43,1052220.149,1.45,23.45,3.43,3.65,4.09,5.19,5.85,4.47,68.78
20210907,3.77,3.99,3.75,3.93,3.78,0.15,3.9683,1060267.86,413034.874,1.45,23.45,3.43,3.65,4.09,5.19,5.85,4.49,42.19
20210906,3.74,3.8,3.71,3.78,3.73,0.05,1.3405,477386.21,179350.448,1.45,23.45,3.43,3.65,4.31,5.19,5.85,4.5,31.96
20210903,3.8,3.8,3.7,3.73,3.7,0.03,0.8108,529628.79,197998.854,1.45,23.45,3.43,3.65,4.31,5.19,5.85,4.51,31.19
20210902,3.68,3.79,3.65,3.7,3.69,0.01,0.271,627391.27,233333.21,1.45,23.45,3.43,3.65,4.31,5.19,5.85,4.52,30.32
20210901,3.54,3.72,3.53,3.69,3.54,0.15,4.2373,816571.68,299256.037,1.45,23.45,3.43,3.65,4.31,5.19,6.07,4.54,29.25
20210831,3.55,3.55,3.48,3.54,3.63,-0.09,-2.4793,487496.59,171383.77,1.45,23.45,3.43,3.65,4.31,5.19,6.07,4.56,12.5
20210830,3.59,3.64,3.56,3.63,3.58,0.05,1.3966,362649.25,130522.69,1.45,23.45,3.43,3.65,4.31,5.19,6.07,4.57,11.33
20210827,3.63,3.64,3.53,3.58,3.65,-0.07,-1.9178,422304.0,150854.875,1.45,23.45,3.43,3.65,4.31,5.19,6.07,4.58,10.45
20210826,3.7,3.73,3.63,3.65,3.72,-0.07,-1.8817,588923.34,215800.984,1.45,23.45,3.43,3.65,4.31,5.19,6.07,4.6,9.41
20210825,3.53,3.88,3.52,3.72,3.51,0.21,5.9829,1077886.45,401718.388,1.45,23.45,3.43,3.65,4.31,5.19,6.07,4.61,22.43
20210824,3.55,3.57,3.5,3.51,3.54,-0.03,-0.8475,238903.0,84110.113,1.45,23.45,3.43,3.65,4.31,5.41,6.07,4.64,9.4
20210823,3.51,3.57,3.5,3.54,3.5,0.04,1.1429,249906.48,88579.7,1.45,23.45,3.43,3.65,4.31,5.41,6.07,4.65,8.8
20210820,3.55,3.55,3.48,3.5,3.55,-0.05,-1.4085,283029.46,98912.405,1.45,23.45,3.43,3.65,4.31,5.41,6.07,4.66,8.17
20210819,3.55,3.63,3.55,3.55,3.56,-0.01,-0.2809,281156.18,100693.913,1.45,23.45,3.43,3.65,4.31,5.41,6.07,4.67,7.44
20210818,3.56,3.58,3.51,3.56,3.59,-0.03,-0.8357,351520.19,124292.788,1.45,23.45,3.43,3.65,4.31,5.41,6.07,4.68,6.71
20210817,3.7,3.71,3.58,3.59,3.69,-0.1,-2.71,318403.04,115781.676,1.45,23.45,3.43,3.65,4.31,5.41,6.07,4.69,5.79
20210816,3.59,3.73,3.57,3.69,3.59,0.1,2.7855,471683.92,173127.666,1.45,23.45,3.43,3.65,4.31,5.41,6.07,4.7,15.5
20210813,3.63,3.65,3.57,3.59,3.64,-0.05,-1.3736,294805.22,106121.352,1.45,23.45,3.43,3.87,4.31,5.41,6.07,4.72,5.19
20210812,3.67,3.71,3.63,3.64,3.68,-0.04,-1.087,337882.41,123685.025,1.45,23.45,3.65,3.87,4.31,5.41,6.07,4.73,4.4
20210811,3.67,3.75,3.64,3.68,3.65,0.03,0.8219,439881.51,162733.677,1.45,23.45,3.65,3.87,4.31,5.41,6.07,4.74,12.27
20210810,3.63,3.67,3.61,3.65,3.64,0.01,0.2747,303735.7,110730.472,1.45,23.45,3.65,3.87,4.31,5.41,6.07,4.75,4.15
20210809,3.57,3.65,3.56,3.64,3.59,0.05,1.3928,382623.23,138107.538,1.45,23.45,3.65,3.87,4.31,5.41,6.07,4.76,4.05
20210806,3.58,3.62,3.47,3.59,3.57,0.02,0.5602,550622.34,194597.28,1.45,23.45,3.65,3.87,4.31,5.41,6.07,4.78,3.0
20210805,3.7,3.7,3.55,3.57,3.7,-0.13,-3.5135,645465.6,232516.44,1.45,23.45,3.65,4.09,4.53,5.41,6.07,4.8,1.46
20210804,3.75,3.75,3.67,3.7,3.8,-0.1,-2.6316,545095.11,201900.839,1.45,23.45,3.87,4.09,4.53,5.41,6.07,4.83,4.65
20210803,3.91,3.94,3.78,3.8,3.89,-0.09,-2.3136,544223.58,208756.965,1.45,23.45,3.87,4.09,4.53,5.41,6.07,4.84,3.15
20210802,3.78,3.91,3.72,3.89,3.81,0.08,2.0997,400428.19,153377.859,1.45,23.45,3.87,4.09,4.53,5.41,6.07,4.86,7.71
20210730,3.9,3.91,3.63,3.81,3.92,-0.11,-2.8061,579911.73,217931.155,1.45,23.45,3.87,4.09,4.53,5.41,6.07,4.88,1.63
20210729,3.9,3.95,3.9,3.92,3.9,0.02,0.5128,275849.59,108182.513,1.45,23.45,4.09,4.09,4.53,5.41,6.07,4.9,4.36
20210728,3.88,3.95,3.87,3.9,3.89,0.01,0.2571,365799.56,142909.685,1.45,23.45,4.09,4.09,4.53,5.41,6.07,4.9,3.61
20210727,4.01,4.04,3.87,3.89,4.0,-0.11,-2.75,489524.98,191929.504,1.45,23.45,4.09,4.09,4.53,5.63,6.07,4.91,2.6
20210726,4.14,4.16,3.98,4.0,4.15,-0.15,-3.6145,549385.31,222164.767,1.45,23.45,4.09,4.09,4.53,5.63,6.07,4.93,1.22
20210723,4.2,4.21,4.14,4.15,4.19,-0.04,-0.9547,342575.45,142651.32,1.45,23.45,4.09,4.31,4.53,5.63,6.07,4.94,14.49
20210722,4.19,4.23,4.16,4.19,4.2,-0.01,-0.2381,271278.84,113963.644,1.45,23.45,4.09,4.31,4.53,5.63,6.07,4.95,13.7
20210721,4.22,4.28,4.18,4.2,4.24,-0.04,-0.9434,347727.9,146422.956,1.45,23.45,4.09,4.31,4.53,5.63,6.07,4.96,13.07
20210720,4.17,4.26,4.16,4.24,4.21,0.03,0.7126,254218.57,107216.065,1.45,23.45,4.09,4.31,4.53,5.63,6.07,4.96,12.25
20210719,4.25,4.26,4.16,4.21,4.27,-0.06,-1.4052,316806.52,132858.222,1.45,23.45,4.09,4.31,4.53,5.63,6.07,4.97,11.65
20210716,4.28,4.33,4.26,4.27,4.29,-0.02,-0.4662,311691.68,133756.61,1.45,23.45,4.09,4.31,4.53,5.63,6.07,4.98,10.87
20210715,4.41,4.43,4.26,4.29,4.39,-0.1,-2.2779,394094.72,169832.965,1.45,23.45,4.09,4.31,4.53,5.63,6.07,4.98,10.48
20210714,4.45,4.53,4.38,4.39,4.48,-0.09,-2.0089,641613.12,284854.471,1.45,23.45,4.09,4.31,4.53,5.63,6.07,4.99,35.83
20210713,4.3,4.54,4.26,4.48,4.31,0.17,3.9443,1033319.71,459353.182,1.45,23.45,4.09,4.31,4.53,5.63,6.07,5.0,34.87
20210712,4.18,4.39,4.16,4.31,4.18,0.13,3.11,572268.84,244388.167,1.45,23.45,4.09,4.31,4.53,5.63,6.07,5.02,10.8
20210709,4.13,4.19,4.11,4.18,4.12,0.06,1.4563,329740.66,137021.951,1.45,23.45,4.09,4.31,4.53,5.63,6.07,5.03,10.07
20210708,4.26,4.26,4.11,4.12,4.26,-0.14,-3.2864,556227.24,232323.774,1.45,23.45,4.09,4.31,4.53,5.63,6.07,5.04,9.24
20210707,4.3,4.3,4.25,4.26,4.31,-0.05,-1.1601,298522.32,127465.918,1.45,23.45,4.09,4.31,4.53,5.63,6.07,5.05,7.82
20210706,4.31,4.36,4.25,4.31,4.32,-0.01,-0.2315,316254.89,135994.838,1.45,23.45,4.09,4.31,4.53,5.63,6.07,5.06,7.05
20210705,4.29,4.33,4.27,4.32,4.3,0.02,0.4651,266822.41,114829.741,1.45,23.45,4.09,4.31,4.53,5.63,6.07,5.07,28.58
20210702,4.25,4.34,4.25,4.3,4.26,0.04,0.939,290208.75,124754.215,1.45,23.45,4.09,4.31,4.75,5.63,6.07,5.07,6.22
20210701,4.23,4.33,4.23,4.26,4.25,0.01,0.2353,335516.9,143683.022,1.45,23.45,4.09,4.31,4.75,5.63,6.07,5.08,5.8
20210630,4.28,4.3,4.23,4.25,4.28,-0.03,-0.7009,286713.52,122086.849,1.45,23.45,4.09,4.31,4.75,5.63,6.07,5.09,5.31
20210629,4.36,4.38,4.27,4.28,4.35,-0.07,-1.6092,338871.0,146069.686,1.45,23.45,4.31,4.31,4.75,5.63,6.07,5.1,4.54
20210628,4.35,4.39,4.33,4.35,4.36,-0.01,-0.2294,298801.36,130282.747,1.45,23.45,4.31,4.31,4.75,5.63,6.07,5.1,24.75
20210625,4.39,4.41,4.32,4.36,4.39,-0.03,-0.6834,433661.35,188889.032,1.45,23.45,4.31,4.31,4.75,5.63,6.07,5.11,24.18
20210624,4.53,4.54,4.38,4.39,4.55,-0.16,-3.5165,638402.46,283358.574,1.45,23.45,4.31,4.31,4.75,5.63,6.07,5.12,23.34
20210623,4.54,4.61,4.51,4.55,4.56,-0.01,-0.2193,397642.44,180998.589,1.45,23.45,4.31,4.31,4.75,5.63,6.07,5.13,44.89
20210622,4.65,4.67,4.55,4.56,4.66,-0.1,-2.1459,498273.5,229011.587,1.45,23.45,4.31,4.31,4.75,5.63,6.07,5.13,44.27
20210621,4.62,4.68,4.58,4.66,4.64,0.02,0.431,520125.01,241157.793,1.45,23.45,4.31,4.31,4.97,5.85,6.07,5.14,43.69
20210618,4.63,4.67,4.56,4.64,4.64,0.0,0.0,469845.08,216486.58,1.45,23.45,4.31,4.31,4.97,5.85,6.07,5.15,43.1
20210617,4.65,4.69,4.55,4.64,4.69,-0.05,-1.0661,611142.43,281941.266,1.45,23.45,4.31,4.31,4.97,5.85,6.07,5.15,42.54
20210616,4.57,4.74,4.52,4.69,4.59,0.1,2.1786,903172.93,420601.367,1.45,23.45,4.09,4.31,4.97,5.85,6.07,5.16,41.79
20210615,4.59,4.63,4.49,4.59,4.57,0.02,0.4376,491294.55,224256.407,1.45,23.45,4.09,4.31,4.97,5.85,6.07,5.18,40.2
20210611,4.61,4.71,4.54,4.57,4.62,-0.05,-1.0823,761991.08,351366.071,1.45,23.45,4.09,4.31,4.97,5.85,6.07,5.18,39.32
20210610,4.5,4.69,4.45,4.62,4.48,0.14,3.125,910921.63,418393.197,1.45,23.45,4.09,4.31,4.97,5.85,6.07,5.2,38.29
20210609,4.57,4.57,4.45,4.48,4.58,-0.1,-2.1834,604338.38,271655.54,1.45,23.45,4.09,4.31,4.97,5.85,6.07,5.21,27.01
20210608,4.33,4.63,4.3,4.58,4.34,0.24,5.53,1232280.06,555038.161,1.45,23.45,4.09,4.31,4.97,5.85,6.07,5.23,35.23
20210607,4.28,4.38,4.28,4.34,4.3,0.04,0.9302,316462.41,136987.708,1.45,23.45,4.09,4.31,5.19,5.85,6.29,5.26,24.87
20210604,4.39,4.39,4.28,4.3,4.38,-0.08,-1.8265,444723.64,191829.513,1.45,23.45,4.09,4.31,5.19,5.85,6.29,5.27,5.63
20210603,4.27,4.45,4.26,4.38,4.27,0.11,2.5761,593733.09,260526.618,1.45,23.45,4.09,4.31,5.19,5.85,6.29,5.28,23.03
20210602,4.4,4.42,4.26,4.27,4.4,-0.13,-2.9545,454879.34,196444.587,1.45,23.45,4.09,4.31,5.19,5.85,6.29,5.3,5.35
20210601,4.39,4.44,4.33,4.4,4.39,0.01,0.2278,321899.19,141336.852,1.45,23.45,4.09,4.31,5.19,5.85,6.29,5.31,20.41
20210531,4.38,4.42,4.35,4.39,4.4,-0.01,-0.2273,299187.87,131047.705,1.45,23.45,4.09,4.31,5.19,5.85,6.29,5.32,19.74
20210528,4.52,4.52,4.4,4.4,4.52,-0.12,-2.6549,403616.0,179253.18,1.45,23.45,4.09,4.31,5.19,5.85,6.29,5.33,19.11
20210527,4.48,4.57,4.46,4.52,4.47,0.05,1.1186,460283.59,208394.466,1.45,23.45,4.09,4.31,5.19,5.85,6.29,5.34,18.25
20210526,4.4,4.55,4.38,4.47,4.38,0.09,2.0548,541699.04,242367.672,1.45,23.45,4.09,4.31,5.19,5.85,6.29,5.35,18.36
20210525,4.35,4.4,4.31,4.38,4.36,0.02,0.4587,310249.85,135356.723,1.45,23.45,4.09,4.31,5.19,5.85,6.29,5.37,17.83
20210524,4.34,4.4,4.32,4.36,4.36,0.0,0.0,277633.93,120971.232,1.45,23.45,4.09,4.31,5.19,5.85,6.29,5.38,17.15
20210521,4.29,4.45,4.27,4.36,4.3,0.06,1.3953,484899.33,212211.751,1.45,23.45,4.09,4.31,5.19,5.85,6.29,5.38,16.53
20210520,4.31,4.33,4.2,4.3,4.3,0.0,0.0,358439.59,152660.252,1.45,23.45,4.09,4.31,5.19,5.85,6.29,5.4,5.61
20210519,4.33,4.34,4.29,4.3,4.32,-0.02,-0.463,196112.02,84555.395,1.45,23.45,4.09,4.53,5.19,5.85,6.29,5.41,5.08
20210518,4.3,4.36,4.26,4.32,4.29,0.03,0.6993,269818.98,116348.747,1.45,23.45,4.09,4.53,5.19,5.85,6.29,5.42,13.58
20210517,4.4,4.42,4.28,4.29,4.42,-0.13,-2.9412,382115.26,165429.509,1.45,23.45,4.31,4.53,5.19,5.85,6.29,5.43,4.94
20210514,4.42,4.45,4.38,4.42,4.4,0.02,0.4545,327860.8,144350.277,1.45,23.45,4.31,4.75,5.19,5.85,6.29,5.44,11.71
20210513,4.3,4.44,4.29,4.4,4.32,0.08,1.8519,439771.94,192918.067,1.45,23.45,4.31,4.75,5.19,5.85,6.29,5.45,10.91
20210512,4.28,4.34,4.26,4.32,4.31,0.01,0.232,266415.63,114684.507,1.45,23.45,4.31,4.75,5.19,5.85,6.29,5.47,9.61
20210511,4.27,4.35,4.24,4.31,4.28,0.03,0.7009,293176.11,125984.117,1.45,23.45,4.31,4.75,5.19,5.85,6.29,5.48,4.35
20210510,4.24,4.32,4.22,4.28,4.22,0.06,1.4218,312337.28,133334.565,1.45,23.45,4.31,4.97,5.19,5.85,6.29,5.49,3.9
20210507,4.24,4.27,4.21,4.22,4.25,-0.03,-0.7059,300993.77,127629.833,1.45,23.45,4.31,4.97,5.19,5.85,6.29,5.5,3.42
20210506,4.24,4.31,4.21,4.25,4.22,0.03,0.7109,316455.92,134722.471,1.45,23.45,4.31,4.97,5.19,5.85,6.29,5.52,2.59
20210430,4.44,4.5,4.18,4.22,4.46,-0.24,-5.3812,810449.78,348209.941,1.45,23.45,4.53,4.97,5.19,5.85,6.29,5.53,1.71
20210429,4.43,4.64,4.43,4.46,4.72,-0.26,-5.5085,767287.48,346489.349,1.45,23.45,4.75,4.97,5.19,5.85,6.29,5.57,1.68
20210428,4.72,4.74,4.65,4.72,4.72,0.0,0.0,291095.8,137002.48,1.45,23.45,4.75,4.97,5.41,5.85,6.29,5.59,1.57
20210427,4.84,4.89,4.65,4.72,4.88,-0.16,-3.2787,501304.86,238218.728,1.45,23.45,4.97,4.97,5.41,5.85,6.29,5.6,0.74
20210426,4.91,4.94,4.88,4.88,4.91,-0.03,-0.611,292651.3,143626.058,1.45,23.45,4.97,4.97,5.41,5.85,6.29,5.62,2.84
20210423,5.01,5.02,4.9,4.91,5.01,-0.1,-1.996,520769.75,256442.518,1.45,23.45,4.97,4.97,5.41,5.85,6.29,5.62,2.02
20210422,5.03,5.05,5.0,5.01,5.02,-0.01,-0.1992,281547.6,141288.417,1.45,23.45,4.97,4.97,5.41,5.85,6.29,5.63,22.22
20210421,5.08,5.08,5.01,5.02,5.09,-0.07,-1.3752,352284.48,177462.059,1.45,23.45,4.97,4.97,5.41,5.85,6.29,5.64,21.66
20210420,5.13,5.24,5.08,5.09,5.15,-0.06,-1.165,518083.89,267530.518,1.45,23.45,4.97,4.97,5.41,5.85,6.29,5.64,20.94
20210419,5.07,5.18,5.05,5.15,5.08,0.07,1.378,462022.14,236696.512,1.45,23.45,4.97,4.97,5.41,5.85,6.29,5.65,20.49
20210416,5.0,5.09,4.99,5.08,5.01,0.07,1.3972,370953.69,187608.129,1.45,23.45,4.97,4.97,5.41,5.85,6.29,5.66,19.51
20210415,5.02,5.04,4.98,5.01,5.04,-0.03,-0.5952,312463.4,156339.471,1.45,23.45,4.97,4.97,5.41,5.85,6.51,5.66,18.72
20210414,5.01,5.06,4.99,5.04,5.03,0.01,0.1988,266398.47,133949.384,1.45,23.45,4.97,4.97,5.41,5.85,6.51,5.67,18.05
20210413,5.0,5.06,5.0,5.03,5.03,0.0,0.0,246211.49,123649.201,1.45,23.45,4.97,4.97,5.41,5.85,6.51,5.67,17.48
20210412,5.15,5.16,4.99,5.03,5.14,-0.11,-2.1401,385834.65,195316.187,1.45,23.45,4.97,4.97,5.41,5.85,6.51,5.68,16.95
20210409,5.1,5.17,5.07,5.14,5.12,0.02,0.3906,362481.86,185469.648,1.45,23.45,4.97,4.97,5.41,5.85,6.51,5.68,16.09
20210408,5.15,5.16,5.08,5.12,5.16,-0.04,-0.7752,345728.09,177094.374,1.45,23.45,4.97,4.97,5.41,5.85,6.51,5.69,15.27
20210407,5.15,5.19,5.11,5.16,5.17,-0.01,-0.1934,322419.97,165979.567,1.45,23.45,4.97,5.19,5.41,5.85,6.51,5.69,14.48
20210406,5.18,5.21,5.1,5.17,5.15,0.02,0.3883,369415.31,190515.042,1.45,23.45,4.97,5.19,5.41,5.85,6.51,5.7,13.73
20210402,5.11,5.22,5.1,5.15,5.03,0.12,2.3857,594590.09,306680.184,1.45,23.45,4.97,5.19,5.41,5.85,6.51,5.71,13.3
20210401,5.03,5.05,4.99,5.03,5.06,-0.03,-0.5929,287252.63,144302.89,1.45,23.45,4.97,5.19,5.41,5.85,6.51,5.72,12.6
20210331,5.06,5.07,4.98,5.06,5.02,0.04,0.7968,369179.35,185317.211,1.45,23.45,4.97,5.19,5.41,5.85,6.51,5.72,11.92
20210330,5.16,5.16,4.98,5.02,5.16,-0.14,-2.7132,674739.61,340408.267,1.45,23.45,4.97,5.19,5.63,5.85,6.51,5.73,11.01
20210329,5.26,5.28,5.14,5.16,5.26,-0.1,-1.9011,512478.75,265571.218,1.45,23.45,4.97,5.19,5.63,5.85,6.51,5.74,9.32
20210326,5.3,5.32,5.2,5.26,5.29,-0.03,-0.5671,508698.27,267597.729,1.45,23.45,4.97,5.19,5.63,5.85,6.51,5.75,30.7
20210325,5.32,5.42,5.26,5.29,5.37,-0.08,-1.4898,537531.33,286618.5,1.45,23.45,4.97,5.19,5.63,6.07,6.51,5.76,29.83
20210324,5.28,5.4,5.23,5.37,5.31,0.06,1.1299,646585.66,344117.332,1.45,23.45,4.97,5.19,5.63,6.07,6.51,5.76,29.56
20210323,5.22,5.35,5.15,5.31,5.21,0.1,1.9194,723181.37,380750.673,1.45,23.45,4.97,5.19,5.63,6.07,6.51,5.77,28.43
20210322,5.16,5.22,5.14,5.21,5.13,0.08,1.5595,364451.51,188797.218,1.45,23.45,4.97,5.19,5.63,6.07,6.51,5.78,26.78
20210319,5.16,5.25,5.11,5.13,5.21,-0.08,-1.5355,443755.39,229276.266,1.45,23.45,4.97,5.19,5.63,6.07,6.51,5.79,8.62
20210318,5.29,5.29,5.18,5.21,5.3,-0.09,-1.6981,534310.34,279738.229,1.45,23.45,4.97,5.19,5.63,6.07,6.51,5.79,24.69
20210317,5.25,5.34,5.21,5.3,5.27,0.03,0.5693,511626.51,270350.175,1.45,23.45,4.97,5.19,5.63,6.07,6.51,5.8,23.41
20210316,5.24,5.29,5.18,5.27,5.23,0.04,0.7648,511982.36,268655.437,1.45,23.45,4.97,5.19,5.63,6.07,6.51,5.81,22.39
20210315,5.49,5.49,5.18,5.23,5.44,-0.21,-3.8603,934207.01,492851.378,1.45,23.45,4.97,5.19,5.63,6.07,6.51,5.82,21.11
20210312,5.53,5.54,5.39,5.44,5.53,-0.09,-1.6275,612715.37,332801.439,1.45,23.45,4.97,5.19,5.63,6.07,6.51,5.83,35.07
20210311,5.44,5.61,5.33,5.53,5.42,0.11,2.0295,696755.53,383517.711,1.45,23.45,4.97,5.19,5.63,6.07,6.51,5.84,33.84
20210310,5.7,5.73,5.38,5.42,5.63,-0.21,-3.73,909613.1,500583.666,1.45,23.45,4.97,5.19,5.63,6.07,6.51,5.84,32.39
20210309,5.7,5.84,5.41,5.63,5.71,-0.08,-1.4011,1089635.57,618686.551,1.45,23.45,4.97,5.19,5.63,6.07,6.51,5.85,31.32
20210308,5.92,6.08,5.71,5.71,5.92,-0.21,-3.5473,1138749.65,672415.207,1.45,23.45,4.97,5.19,5.63,6.07,6.51,5.85,50.99
20210305,5.8,6.04,5.76,5.92,5.89,0.03,0.5093,1063783.06,631629.192,1.45,23.45,4.97,5.19,5.63,6.07,6.73,5.85,80.73
20210304,5.79,5.94,5.66,5.89,5.84,0.05,0.8562,1188815.82,692303.338,1.45,23.45,4.97,5.19,5.63,6.07,6.73,5.84,80.5
20210303,5.79,5.93,5.75,5.84,5.82,0.02,0.3436,902195.88,528405.93,1.45,23.45,4.97,5.19,5.63,6.07,6.73,5.84,55.24
20210302,6.02,6.03,5.81,5.82,6.07,-0.25,-4.1186,1284796.39,755335.455,1.45,23.45,4.97,5.19,5.63,6.07,6.73,5.83,56.78
20210301,6.0,6.16,5.93,6.07,6.0,0.07,1.1667,1203304.53,727268.777,1.45,23.45,4.97,5.19,5.63,6.07,6.73,5.82,79.41
20210226,5.97,6.22,5.88,6.0,6.11,-0.11,-1.8003,1740881.37,1054558.021,1.45,23.45,4.97,5.19,5.63,6.07,6.73,5.8,81.2
20210225,5.87,6.15,5.66,6.11,5.84,0.27,4.6233,2105204.57,1236797.701,1.45,23.45,4.97,5.19,5.63,6.07,6.95,5.78,89.45
20210224,5.68,5.98,5.63,5.84,5.61,0.23,4.0998,2077475.48,1211356.712,1.45,23.45,4.97,5.19,5.63,5.85,6.95,5.75,71.59
20210223,5.76,5.86,5.56,5.61,5.76,-0.15,-2.6042,1261039.14,715154.762,1.45,23.45,4.97,5.19,5.41,5.85,6.95,5.74,53.13
20210222,5.78,5.98,5.72,5.76,5.78,-0.02,-0.346,2225254.79,1301844.699,1.45,23.45,4.97,4.97,5.41,6.07,6.95,5.73,74.74
20210219,5.39,5.83,5.3,5.78,5.36,0.42,7.8358,1945664.29,1090896.854,1.45,23.45,4.97,4.97,5.41,6.07,7.17,5.71,80.59
20210218,5.2,5.47,5.17,5.36,5.11,0.25,4.8924,1450156.01,773356.141,1.45,23.45,4.97,4.97,5.41,6.07,7.17,5.71,42.84
20210210,5.2,5.32,5.1,5.11,5.24,-0.13,-2.4809,966240.5,500499.334,1.45,23.45,4.97,4.97,5.41,6.07,7.39,5.73,18.7
20210209,5.2,5.31,5.11,5.24,5.2,0.04,0.7692,1002920.57,522046.674,1.45,23.45,4.97,4.97,5.41,6.29,7.39,5.75,39.78
20210208,5.32,5.36,5.07,5.2,5.36,-0.16,-2.9851,1302220.81,678147.506,1.45,23.45,4.97,4.97,5.41,6.29,7.61,5.76,37.9
20210205,5.64,5.94,5.36,5.36,5.68,-0.32,-5.6338,1683826.51,955188.382,1.45,23.45,4.97,4.97,5.41,6.29,7.61,5.78,35.34
20210204,5.66,5.75,5.51,5.68,5.78,-0.1,-1.7301,1633478.3,919280.382,1.45,23.45,4.97,4.97,5.41,6.29,7.61,5.78,76.05
20210203,5.62,5.8,5.44,5.78,5.35,0.43,8.0374,2384973.35,1347615.38,1.45,23.45,4.97,4.97,5.41,6.51,7.83,5.78,75.36
20210202,5.4,5.53,5.23,5.35,5.43,-0.08,-1.4733,1232315.94,661840.692,1.45,23.45,4.97,4.97,5.41,6.51,8.05,5.78,44.12
20210201,5.62,5.7,5.36,5.43,5.56,-0.13,-2.3381,1220613.27,667972.336,1.45,23.45,4.97,4.97,5.41,6.51,8.05,5.8,60.79
20210129,5.6,5.63,5.42,5.56,5.7,-0.14,-2.4561,1495972.31,826349.58,1.45,23.45,4.97,4.97,5.41,6.51,8.05,5.8,60.79
20210128,5.65,5.82,5.55,5.7,5.67,0.03,0.5291,2435904.62,1384405.893,1.45,23.45,4.75,4.97,5.41,6.51,8.27,5.81,70.44
20210127,5.11,5.85,5.03,5.67,5.11,0.56,10.9589,2991014.94,1647998.942,1.45,23.45,4.75,4.97,5.19,6.51,8.27,5.82,68.8
20210126,4.95,5.2,4.92,5.11,5.02,0.09,1.7928,944095.31,480974.831,1.45,23.45,4.75,4.97,5.19,6.73,8.49,5.86,32.78
20210125,5.25,5.27,4.98,5.02,5.29,-0.27,-5.104,1103244.27,557860.872,1.45,23.45,4.75,4.97,5.19,6.73,8.49,5.88,31.7
20210122,5.31,5.34,5.16,5.29,5.28,0.01,0.1894,1077295.43,565412.85,1.45,23.45,4.75,4.97,5.19,6.73,8.71,5.91,54.09
20210121,4.98,5.41,4.98,5.28,4.97,0.31,6.2374,1691335.51,886393.139,1.45,23.45,4.75,4.97,5.19,6.73,8.71,5.93,52.7
20210120,5.09,5.1,4.94,4.97,5.12,-0.15,-2.9297,737543.02,368084.813,1.45,23.45,4.75,4.97,5.19,6.95,8.71,5.97,7.37
20210119,4.94,5.15,4.86,5.12,5.04,0.08,1.5873,1075962.44,539995.628,1.45,23.45,4.75,4.97,5.41,6.95,8.71,5.99,31.81
20210118,5.07,5.12,5.0,5.04,5.06,-0.02,-0.3953,604599.58,305063.333,1.45,23.45,4.75,4.97,5.41,6.95,8.71,6.03,29.46
20210115,5.02,5.11,4.96,5.06,5.01,0.05,0.998,581855.32,293160.632,1.45,23.45,4.75,4.97,5.41,6.95,8.71,6.05,28.39
20210114,5.03,5.19,5.0,5.01,5.06,-0.05,-0.9881,798821.6,406364.574,1.45,23.45,4.75,4.97,5.41,6.95,8.71,6.07,27.06
20210113,5.13,5.2,4.93,5.06,5.15,-0.09,-1.7476,878883.08,444932.587,1.45,23.45,4.75,4.97,5.41,6.95,8.71,6.1,25.57
20210112,5.2,5.3,5.09,5.15,5.24,-0.09,-1.7176,788061.92,407123.137,1.45,23.45,4.75,4.97,5.63,6.95,8.71,6.13,24.29
20210111,5.2,5.44,5.17,5.24,5.2,0.04,0.7692,1312441.63,692957.975,1.45,23.45,4.75,4.97,5.85,6.95,8.71,6.16,39.24
20210108,4.73,5.3,4.72,5.2,4.74,0.46,9.7046,1618034.47,825485.954,1.45,23.45,4.75,4.97,6.07,7.17,8.93,6.2,38.05
20210107,4.98,5.0,4.65,4.74,4.95,-0.21,-4.2424,972952.37,465654.842,1.45,23.45,4.75,4.97,6.07,7.17,8.93,6.27,0.85
20210106,5.09,5.1,4.92,4.95,5.1,-0.15,-2.9412,699882.45,347953.276,1.45,23.45,4.97,4.97,6.29,7.17,8.93,6.32,4.26
20210105,5.08,5.18,5.05,5.1,5.11,-0.01,-0.1957,621235.04,317573.839,1.45,23.45,4.97,4.97,6.29,7.17,8.93,6.35,16.7
20210104,5.15,5.2,5.01,5.11,5.11,0.0,0.0,693053.67,353551.49,1.45,23.45,4.97,4.97,6.29,7.39,8.93,6.38,15.28
20201231,5.1,5.2,5.06,5.11,5.14,-0.03,-0.5837,633970.11,324963.889,1.45,23.45,4.97,5.19,6.29,7.39,8.93,6.41,14.51
20201230,5.11,5.22,5.05,5.14,5.11,0.03,0.5871,678534.74,349224.609,1.45,23.45,4.97,5.19,6.29,7.39,8.93,6.43,13.79
20201229,4.97,5.22,4.93,5.11,4.91,0.2,4.0733,968553.24,495372.872,1.45,23.45,4.97,5.19,6.29,7.39,8.93,6.47,12.99
20201228,4.94,5.03,4.85,4.91,4.99,-0.08,-1.6032,540980.72,266879.748,1.45,23.45,4.97,5.19,6.29,7.61,8.93,6.51,4.22
20201225,4.81,5.04,4.81,4.99,4.81,0.18,3.7422,737411.77,364842.44,1.45,23.45,4.97,5.19,6.29,7.61,8.93,6.55,9.34
20201224,5.08,5.08,4.8,4.81,5.1,-0.29,-5.6863,966640.53,475094.792,1.45,23.45,4.97,5.19,6.29,7.61,8.93,6.59,2.2
20201223,5.16,5.18,5.02,5.1,5.2,-0.1,-1.9231,807202.95,410730.656,1.45,23.45,5.19,5.41,6.51,7.61,8.93,6.65,3.57
20201222,5.29,5.42,5.16,5.2,5.29,-0.09,-1.7013,964368.56,506641.357,1.45,23.45,5.19,5.41,6.51,7.61,8.93,6.7,10.14
20201221,5.29,5.34,5.2,5.29,5.26,0.03,0.5703,552421.15,291949.753,1.45,23.45,5.19,5.41,6.51,7.83,8.93,6.74,8.14
20201218,5.34,5.35,5.19,5.26,5.31,-0.05,-0.9416,571449.83,300344.27,1.45,23.45,5.19,5.63,6.51,7.83,8.93,6.77,6.71
20201217,5.24,5.36,5.14,5.31,5.24,0.07,1.3359,723818.95,381542.908,1.45,23.45,5.19,5.85,6.51,7.83,8.93,6.8,5.18
20201216,5.48,5.48,5.23,5.24,5.46,-0.22,-4.0293,749258.74,397435.53,1.45,23.45,5.41,5.85,6.51,7.83,8.93,6.84,2.84
20201215,5.46,5.53,5.4,5.46,5.45,0.01,0.1835,514308.66,280487.62,1.45,23.45,5.41,6.07,6.51,8.05,9.15,6.88,7.02
20201214,5.52,5.55,5.4,5.45,5.5,-0.05,-0.9091,519555.3,283931.113,1.45,23.45,5.41,6.07,6.51,8.05,9.15,6.91,5.41
20201211,5.79,5.8,5.4,5.5,5.8,-0.3,-5.1724,1184661.2,655325.522,1.45,23.45,5.63,6.07,6.51,8.05,9.15,6.94,3.74
20201210,6.02,6.03,5.76,5.8,6.02,-0.22,-3.6545,928563.82,542802.55,1.45,23.45,5.85,6.07,6.51,8.05,9.15,7.0,1.59
20201209,6.19,6.21,6.02,6.02,6.19,-0.17,-2.7464,666927.33,406078.1,1.45,23.45,6.07,6.29,6.51,8.27,9.15,7.04,2.07
20201208,6.22,6.35,6.15,6.19,6.23,-0.04,-0.6421,595821.7,371089.552,1.45,23.45,6.07,6.29,6.51,8.27,9.15,7.06,12.31
20201207,6.4,6.4,6.22,6.23,6.4,-0.17,-2.6563,539666.3,337987.61,1.45,23.45,6.07,6.29,6.51,8.27,9.15,7.08,11.57
20201204,6.5,6.52,6.35,6.4,6.53,-0.13,-1.9908,624939.84,399978.993,1.45,23.45,6.07,6.29,6.51,8.27,9.15,7.09,28.09
20201203,6.51,6.65,6.47,6.53,6.52,0.01,0.1534,755530.5,493738.714,1.45,23.45,6.07,6.29,6.73,8.27,9.15,7.1,49.03
20201202,6.66,6.69,6.5,6.52,6.64,-0.12,-1.8072,905981.82,595052.22,1.45,23.45,6.07,6.29,6.73,8.27,9.15,7.12,47.92
20201201,6.42,6.77,6.41,6.64,6.44,0.2,3.1056,1584915.11,1053629.566,1.45,23.45,6.07,6.29,6.73,8.27,9.15,7.13,46.53
20201130,6.18,6.59,6.1,6.44,6.17,0.27,4.376,1193324.03,765134.025,1.45,23.45,6.07,6.29,6.73,8.49,9.15,7.16,30.05
20201127,6.17,6.25,6.11,6.17,6.2,-0.03,-0.4839,362458.35,223246.629,1.45,23.45,6.07,6.29,6.73,8.49,9.15,7.19,12.75
20201126,6.35,6.39,6.16,6.2,6.37,-0.17,-2.6688,451030.2,281827.253,1.45,23.45,6.07,6.29,6.73,8.49,9.15,7.21,11.87
20201125,6.39,6.51,6.35,6.37,6.37,0.0,0.0,660892.51,424115.306,1.45,23.45,6.07,6.29,6.73,8.49,9.15,7.22,26.35
20201124,6.22,6.42,6.19,6.37,6.21,0.16,2.5765,709783.34,450124.905,1.45,23.45,6.07,6.29,6.73,8.49,9.15,7.24,25.11
20201123,6.25,6.27,6.13,6.21,6.25,-0.04,-0.64,447178.94,276798.73,1.45,23.45,6.07,6.29,6.73,8.49,9.15,7.26,11.57
20201120,6.24,6.27,6.13,6.25,6.24,0.01,0.1603,387689.01,240449.193,1.45,23.45,6.07,6.29,6.73,8.71,9.15,7.28,10.47
20201119,6.2,6.35,6.17,6.24,6.24,0.0,0.0,517465.38,324477.14,1.45,23.45,6.07,6.29,6.95,8.71,9.15,7.3,9.5
20201118,6.09,6.27,6.06,6.24,6.12,0.12,1.9608,550819.19,340615.513,1.45,23.45,6.07,6.29,6.95,8.71,9.15,7.31,8.81
20201117,6.21,6.21,6.0,6.12,6.19,-0.07,-1.1309,642027.82,389810.545,1.45,23.45,6.07,6.29,6.95,8.71,9.15,7.34,7.13
20201116,6.28,6.33,6.17,6.19,6.28,-0.09,-1.4331,648496.18,402350.119,1.45,23.45,6.07,6.29,6.95,8.71,9.15,7.37,5.11
20201113,6.29,6.31,6.16,6.28,6.26,0.02,0.3195,453220.2,282875.174,1.45,23.45,6.29,6.51,6.95,8.71,9.37,7.39,4.12
20201112,6.41,6.47,6.22,6.26,6.36,-0.1,-1.5723,646828.98,407491.1,1.45,23.45,6.29,6.51,6.95,8.71,9.37,7.41,3.42
20201111,6.6,6.63,6.35,6.36,6.66,-0.3,-4.5045,865358.04,555710.814,1.45,23.45,6.29,6.51,6.95,8.71,9.37,7.43,10.41
20201110,6.87,6.87,6.55,6.66,6.88,-0.22,-3.1977,1147812.68,764018.291,1.45,23.45,6.29,6.51,6.95,8.71,9.37,7.47,25.06
20201109,6.63,6.94,6.55,6.88,6.65,0.23,3.4586,1503968.67,1024518.202,1.45,23.45,6.29,6.51,6.95,8.71,9.37,7.49,38.55
20201106,6.5,6.98,6.43,6.65,6.49,0.16,2.4653,1920176.52,1286834.159,1.45,23.45,6.29,6.51,7.17,8.71,9.37,7.53,24.93
20201105,6.45,6.74,6.38,6.49,6.22,0.27,4.3408,1169687.49,762312.671,1.45,23.45,6.29,6.51,7.17,8.93,9.37,7.59,10.54
20201104,6.57,6.59,6.19,6.22,6.45,-0.23,-3.5659,724165.65,454412.122,1.45,23.45,6.29,6.51,7.17,8.93,9.37,7.63,3.98
20201103,6.24,6.55,6.13,6.45,6.21,0.24,3.8647,815683.55,521272.949,1.45,23.45,6.29,6.51,7.39,8.93,9.37,7.67,8.79
20201102,6.59,6.6,6.16,6.21,6.5,-0.29,-4.4615,890568.8,559826.193,1.45,23.45,6.29,6.51,7.39,8.93,9.37,7.71,3.01
20201030,6.83,6.86,6.48,6.5,6.84,-0.34,-4.9708,757265.1,504182.607,1.45,23.45,6.29,6.73,7.39,8.93,9.37,7.75,5.08
20201029,6.39,6.93,6.23,6.84,6.71,0.13,1.9374,1060720.05,709123.053,1.45,23.45,6.51,6.73,7.39,8.93,9.37,7.78,19.93
20201028,6.65,6.71,6.42,6.71,6.62,0.09,1.3595,514896.12,338904.111,1.45,23.45,6.51,6.73,7.61,8.93,9.37,7.83,9.94
20201027,6.6,6.68,6.5,6.62,6.6,0.02,0.303,406554.79,268434.954,1.45,23.45,6.51,6.73,7.61,8.93,9.37,7.86,8.38
20201026,6.58,6.66,6.47,6.6,6.55,0.05,0.7634,366369.66,241201.004,1.45,23.45,6.51,6.95,7.61,8.93,9.37,7.88,7.14
20201023,6.93,6.95,6.44,6.55,6.89,-0.34,-4.9347,862461.52,575391.775,1.45,23.45,6.51,6.95,7.61,8.93,9.37,7.89,6.0
20201022,6.9,6.97,6.82,6.89,6.91,-0.02,-0.2894,420755.8,290646.043,1.45,23.45,6.73,6.95,7.61,8.93,9.37,7.94,9.66
20201021,7.11,7.14,6.85,6.91,7.11,-0.2,-2.8129,580085.98,403371.966,1.45,23.45,6.73,6.95,7.61,8.93,9.37,7.95,9.09
20201020,6.83,7.15,6.77,7.11,6.77,0.34,5.0222,790091.19,552357.428,1.45,23.45,6.73,6.95,7.83,8.93,9.37,7.97,23.24
20201019,6.94,6.98,6.75,6.77,6.9,-0.13,-1.8841,440950.52,302018.336,1.45,23.45,6.73,6.95,7.83,8.93,9.37,8.0,8.88
20201016,6.88,7.03,6.85,6.9,6.93,-0.03,-0.4329,459230.31,317775.791,1.45,23.45,6.73,6.95,7.83,8.93,9.37,8.01,8.27
20201015,7.05,7.08,6.91,6.93,7.05,-0.12,-1.7021,469820.95,328160.512,1.45,23.45,6.73,6.95,7.83,8.93,9.37,8.04,7.62
20201014,7.22,7.31,6.99,7.05,7.22,-0.17,-2.3546,780409.4,554388.944,1.45,23.45,6.73,6.95,7.83,8.93,9.37,8.05,17.42
20201013,7.3,7.32,7.12,7.22,7.29,-0.07,-0.9602,654231.47,470790.695,1.45,23.45,6.73,6.95,8.05,8.93,9.37,8.08,26.45
20201012,7.15,7.3,7.05,7.29,7.09,0.2,2.8209,1089451.45,780795.509,1.45,23.45,6.73,6.95,8.05,8.93,9.59,8.1,24.88
20201009,6.95,7.12,6.91,7.09,6.82,0.27,3.9589,815233.87,575058.518,1.45,23.45,6.73,6.95,8.05,8.93,9.59,8.13,16.87
20200930,6.94,6.97,6.71,6.82,6.92,-0.1,-1.4451,638441.09,436175.496,1.45,23.45,6.51,7.17,8.27,9.15,9.59,8.17,8.07
20200929,7.07,7.09,6.89,6.92,7.0,-0.08,-1.1429,701058.48,488992.929,1.45,23.45,6.73,7.17,8.27,9.15,9.59,8.2,6.71
20200928,7.07,7.4,6.97,7.0,7.01,-0.01,-0.1427,837227.33,596398.707,1.45,23.45,6.51,7.17,8.27,9.15,9.59,8.23,10.53
20200925,7.5,7.57,6.91,7.01,7.55,-0.54,-7.1523,1296518.76,924721.395,1.45,23.45,6.51,7.39,8.27,9.15,9.59,8.26,9.85
20200924,7.39,8.09,7.38,7.55,7.46,0.09,1.2064,1706201.56,1319244.823,1.45,23.45,6.51,7.39,8.27,9.15,9.59,8.32,17.53
20200923,7.39,7.52,7.33,7.46,7.33,0.13,1.7735,466033.75,346344.182,1.45,23.45,6.51,7.39,8.49,9.15,9.59,8.36,17.19
20200922,7.45,7.55,7.31,7.33,7.54,-0.21,-2.7851,693884.62,514747.86,1.45,23.45,6.51,7.39,8.49,9.15,9.59,8.37,10.32
20200921,7.7,7.82,7.5,7.54,7.7,-0.16,-2.0779,650484.72,495540.272,1.45,23.45,6.29,7.61,8.49,9.15,9.59,8.4,13.94
20200918,7.64,7.75,7.38,7.7,7.63,0.07,0.9174,840746.93,636133.441,1.45,23.45,6.29,7.61,8.49,9.15,9.59,8.42,20.93
20200917,7.71,7.8,7.56,7.63,7.74,-0.11,-1.4212,532615.82,407820.254,1.45,23.45,6.29,7.61,8.49,9.15,9.59,8.44,18.5
20200916,7.89,7.93,7.6,7.74,7.92,-0.18,-2.2727,680976.14,526166.118,1.45,23.45,6.29,7.61,8.49,9.15,9.59,8.46,17.07
20200915,7.99,8.42,7.85,7.92,7.99,-0.07,-0.8761,966120.46,783973.798,1.45,23.45,6.29,7.61,8.49,9.15,9.59,8.48,21.49
20200914,7.85,8.06,7.77,7.99,7.79,0.2,2.5674,672847.29,533613.846,1.45,23.45,6.07,7.61,8.71,9.15,9.59,8.49,21.97
20200911,7.72,7.86,7.54,7.79,7.77,0.02,0.2574,991365.07,763988.951,1.45,23.45,6.07,7.61,8.71,9.15,9.59,8.5,16.59
20200910,8.69,8.73,7.69,7.77,8.56,-0.79,-9.229,1443869.95,1159790.669,1.45,23.45,6.07,7.83,8.71,9.15,9.59,8.53,14.77
20200909,8.97,8.97,8.55,8.56,9.14,-0.58,-6.3457,1019895.46,894955.707,1.45,23.45,6.07,7.61,8.71,9.15,9.59,8.55,41.91
20200908,8.83,9.15,8.61,9.14,8.83,0.31,3.5108,1076459.47,959875.944,1.45,23.45,6.07,7.61,8.71,9.15,9.59,8.54,75.15
20200907,8.71,9.15,8.7,8.83,8.71,0.12,1.3777,1043769.67,932187.925,1.45,23.45,5.85,7.39,8.71,9.37,9.59,8.52,58.85
20200904,8.58,8.79,8.48,8.71,8.8,-0.09,-1.0227,562924.27,487289.3,1.45,23.45,5.85,7.39,8.71,9.37,9.59,8.51,46.45
20200903,9.13,9.13,8.75,8.8,9.14,-0.34,-3.7199,784075.85,694823.24,1.45,23.45,5.85,7.39,8.71,9.37,9.59,8.51,58.99
20200902,8.86,9.23,8.84,9.14,8.86,0.28,3.1603,1034143.91,934204.096,1.45,23.45,5.85,7.39,8.71,9.37,9.59,8.49,72.47
20200901,8.79,8.94,8.56,8.86,8.86,0.0,0.0,654807.81,572603.444,1.45,23.45,5.85,7.17,8.71,9.37,9.59,8.47,61.56
20200831,9.03,9.33,8.85,8.86,9.12,-0.26,-2.8509,1053547.91,949720.679,1.45,23.45,5.85,7.17,8.49,9.37,9.59,8.46,61.53
20200828,8.72,9.2,8.7,9.12,8.72,0.4,4.5872,1178359.2,1061574.781,1.45,23.45,5.85,7.17,8.49,9.37,9.59,8.43,72.81
20200827,8.58,9.08,8.49,8.72,8.36,0.36,4.3062,1234475.33,1082663.063,1.45,23.45,5.85,6.95,8.49,9.37,9.59,8.41,65.5
20200826,8.58,8.6,8.18,8.36,8.66,-0.3,-3.4642,754802.88,632592.122,1.45,23.45,5.85,6.95,8.49,9.37,9.81,8.38,44.35
20200825,8.46,8.85,8.34,8.66,8.48,0.18,2.1226,964972.56,831414.026,1.45,23.45,5.63,6.95,8.49,9.37,9.81,8.38,56.12
20200824,8.39,8.6,8.08,8.48,8.4,0.08,0.9524,852800.54,713959.711,1.45,23.45,5.63,6.95,8.49,9.37,9.81,8.37,45.15
20200821,8.13,8.65,8.13,8.4,8.1,0.3,3.7037,1003685.58,846927.272,1.45,23.45,5.63,6.95,8.49,9.37,9.81,8.37,44.57
20200820,8.09,8.25,8.0,8.1,8.14,-0.04,-0.4914,548823.45,444913.404,1.45,23.45,5.63,6.73,8.49,9.37,9.81,8.36,33.54
20200819,8.47,8.48,8.13,8.14,8.44,-0.3,-3.5545,611704.92,503285.545,1.45,23.45,5.63,6.73,8.49,9.37,9.81,8.37,32.36
20200818,8.59,8.6,8.4,8.44,8.59,-0.15,-1.7462,554836.33,469470.471,1.45,23.45,5.63,6.73,8.49,9.37,9.81,8.37,41.43
20200817,8.53,8.62,8.3,8.59,8.56,0.03,0.3505,711938.71,603229.509,1.45,23.45,5.63,6.73,8.71,9.37,9.81,8.37,49.86
20200814,8.31,8.76,8.26,8.56,8.28,0.28,3.3816,773851.1,656188.822,1.45,23.45,5.63,6.73,8.71,9.37,9.81,8.37,48.65
20200813,8.54,8.58,8.25,8.28,8.41,-0.13,-1.5458,651187.44,543729.224,1.45,23.45,5.63,6.73,8.71,9.37,9.81,8.36,41.08
20200812,8.58,8.63,8.24,8.41,8.56,-0.15,-1.7523,727562.64,611402.135,1.45,23.45,5.63,6.73,8.71,9.37,9.81,8.36,40.52
20200811,9.0,9.15,8.5,8.56,8.99,-0.43,-4.7831,957983.39,843210.625,1.45,23.45,5.63,6.73,8.71,9.37,9.81,8.36,45.02
20200810,9.24,9.32,8.77,8.99,9.26,-0.27,-2.9158,697880.61,629774.911,1.45,23.45,5.63,6.73,8.71,9.37,9.81,8.34,60.36
20200807,9.65,9.79,9.08,9.26,9.6,-0.34,-3.5417,782621.16,732643.063,1.45,23.45,5.63,6.51,8.71,9.37,9.81,8.32,72.17
20200806,9.95,10.03,9.44,9.6,9.94,-0.34,-3.4205,1083681.77,1048371.213,1.45,23.45,5.63,6.51,8.71,9.37,9.81,8.29,93.37
20200805,9.24,10.08,9.23,9.94,9.22,0.72,7.8091,1654998.74,1615372.384,1.45,23.45,5.63,6.51,8.49,9.37,9.81,8.23,97.29
20200804,9.34,9.4,9.04,9.22,9.36,-0.14,-1.4957,764217.57,705806.323,1.45,23.45,5.63,6.51,8.49,9.37,9.59,8.12,81.14
20200803,9.64,9.72,9.21,9.36,9.39,-0.03,-0.3195,1020718.43,953967.973,1.45,23.45,5.63,6.51,8.27,9.37,9.59,8.09,81.73
20200731,9.37,9.54,9.2,9.39,9.28,0.11,1.1853,948753.32,889112.712,1.45,23.45,5.63,6.29,8.27,9.37,9.59,8.03,93.88
20200730,9.31,9.56,9.12,9.28,9.48,-0.2,-2.1097,1357608.76,1260433.407,1.45,23.45,5.63,6.29,8.27,9.15,9.59,7.98,86.58
20200729,8.6,9.48,8.51,9.48,8.62,0.86,9.9768,1841407.65,1718359.231,1.45,23.45,5.63,6.07,8.05,9.15,9.59,7.9,94.17
20200728,8.08,8.66,7.95,8.62,7.96,0.66,8.2915,1099250.09,916218.153,1.45,23.45,5.41,6.07,7.83,9.15,9.59,7.81,68.99
20200727,7.9,8.09,7.75,7.96,7.8,0.16,2.0513,688499.37,547095.245,1.45,23.45,5.41,6.07,7.83,9.15,9.59,7.78,52.62
20200724,8.38,8.51,7.69,7.8,8.42,-0.62,-7.3634,1062961.72,857082.655,1.45,23.45,5.41,6.07,7.83,9.15,9.59,7.78,48.91
20200723,8.52,8.62,8.2,8.42,8.63,-0.21,-2.4334,854604.7,716185.195,1.45,23.45,5.41,6.07,7.61,9.15,9.59,7.76,59.04
20200722,8.67,8.85,8.52,8.63,8.62,0.01,0.116,659873.03,573764.745,1.45,23.45,5.41,5.85,7.61,9.15,9.59,7.74,64.68
20200721,8.75,8.94,8.42,8.62,8.79,-0.17,-1.934,814568.93,705387.142,1.45,23.45,5.41,5.85,7.61,9.15,9.59,7.71,65.21
20200720,8.78,8.9,8.56,8.79,8.78,0.01,0.1139,783670.52,683202.013,1.45,23.45,5.41,5.85,7.39,9.15,9.59,7.68,73.72
20200717,8.55,9.04,8.41,8.78,8.37,0.41,4.8984,1069470.78,936730.615,1.45,23.45,5.41,5.85,7.39,9.15,9.59,7.64,73.29
20200716,8.99,9.09,8.36,8.37,8.81,-0.44,-4.9943,957269.9,837459.987,1.45,23.45,5.41,5.85,7.39,9.15,9.59,7.59,66.81
20200715,9.48,9.48,8.8,8.81,9.47,-0.66,-6.9694,1052532.82,950047.681,1.45,23.45,5.41,5.85,7.17,9.15,9.59,7.54,73.49
20200714,9.53,9.91,9.1,9.47,9.58,-0.11,-1.1482,1065266.4,1012065.507,1.45,23.45,5.41,5.85,7.17,9.15,9.59,7.48,92.36
20200713,9.3,9.75,9.14,9.58,9.35,0.23,2.4599,1101370.89,1044532.505,1.45,23.45,5.41,5.85,7.17,9.15,9.59,7.39,93.82
20200710,9.55,9.66,9.08,9.35,9.46,-0.11,-1.1628,1296332.37,1209632.771,1.45,23.45,5.41,5.85,6.95,8.93,9.59,7.3,90.92
20200709,9.0,9.99,8.9,9.46,9.1,0.36,3.956,1930053.46,1824777.564,1.45,23.45,5.41,5.63,6.95,8.71,9.37,7.19,95.65
20200708,8.56,9.24,8.5,9.1,8.4,0.7,8.3333,1813478.59,1616245.743,1.45,23.45,5.41,5.63,6.95,8.05,8.93,7.0,96.8
20200707,8.1,8.7,7.9,8.4,7.93,0.47,5.9269,1672307.97,1395292.324,1.45,23.45,5.41,5.63,6.73,7.61,8.27,6.85,96.13
20200706,7.75,8.0,7.59,7.93,7.72,0.21,2.7202,1319939.71,1033611.202,1.45,23.45,5.41,5.63,6.73,7.39,7.83,6.74,97.17
20200703,7.8,7.86,7.53,7.72,7.83,-0.11,-1.4049,1352985.6,1042546.935,1.45,23.45,5.41,5.63,6.73,7.39,7.61,6.68,95.4
20200702,7.19,7.83,7.1,7.83,7.12,0.71,9.9719,1405750.36,1080920.662,1.45,23.45,5.41,5.63,6.73,7.17,7.61,6.62,97.3
20200701,7.3,7.55,7.04,7.12,7.33,-0.21,-2.8649,831732.56,603931.227,1.45,23.45,5.41,5.63,6.51,7.17,7.39,6.56,77.73
20200630,7.26,7.55,7.21,7.33,7.2,0.13,1.8056,700601.4,518542.142,1.45,23.45,5.41,5.63,6.51,7.17,7.39,6.54,90.2
20200629,7.25,7.38,7.12,7.2,7.27,-0.07,-0.9629,664448.48,481463.57,1.45,23.45,5.19,5.63,6.51,7.17,7.39,6.51,92.37
20200624,7.27,7.42,7.2,7.27,7.27,0.0,0.0,925087.95,674468.996,1.45,23.45,5.19,5.63,6.51,7.17,7.39,6.49,92.56
20200623,6.75,7.4,6.67,7.27,6.76,0.51,7.5444,1459375.61,1034507.792,1.45,23.45,5.19,5.63,6.51,6.95,7.39,6.45,94.41
20200622,6.7,6.83,6.63,6.76,6.68,0.08,1.1976,486313.06,327481.341,1.45,23.45,5.19,5.63,6.29,6.95,7.17,6.41,77.43
20200619,6.77,6.8,6.63,6.68,6.71,-0.03,-0.4471,611383.26,409670.524,1.45,23.45,5.19,5.63,6.29,6.95,7.17,6.4,63.26
20200618,6.97,7.02,6.7,6.71,6.94,-0.23,-3.3141,549130.59,372501.5,1.45,23.45,5.19,5.41,6.29,6.95,7.39,6.39,63.75
20200617,6.9,7.11,6.81,6.94,6.97,-0.03,-0.4304,591794.6,410509.906,1.45,23.45,5.19,5.41,6.29,6.95,7.39,6.38,77.28
20200616,7.05,7.06,6.62,6.97,6.91,0.06,0.8683,993137.35,677916.397,1.45,23.45,5.19,5.41,6.29,6.95,7.39,6.37,88.53
20200615,7.25,7.3,6.88,6.91,7.12,-0.21,-2.9494,1080572.91,767423.507,1.45,23.45,5.19,5.41,6.07,6.95,7.39,6.34,78.77
20200612,6.71,7.14,6.66,7.12,6.86,0.26,3.7901,1253466.19,873139.856,1.45,23.45,5.19,5.41,6.07,6.95,7.39,6.31,89.49
20200611,6.62,6.98,6.58,6.86,6.57,0.29,4.414,981204.59,673394.382,1.45,23.45,5.19,5.41,6.07,6.95,7.39,6.27,84.15
20200610,6.65,6.69,6.5,6.57,6.64,-0.07,-1.0542,371531.42,244179.701,1.45,23.45,5.19,5.41,6.07,6.73,7.39,6.24,77.91
20200609,6.51,6.79,6.44,6.64,6.53,0.11,1.6845,586241.98,388028.665,1.45,23.45,5.19,5.41,6.07,6.95,7.39,6.24,77.82
20200608,6.56,6.66,6.46,6.53,6.48,0.05,0.7716,519991.57,340869.708,1.45,23.45,5.19,5.41,6.07,6.95,7.39,6.23,78.22
20200605,6.48,6.65,6.43,6.48,6.42,0.06,0.9346,493180.73,321001.501,1.45,23.45,5.19,5.41,5.85,6.95,7.39,6.22,69.62
20200604,6.56,6.66,6.42,6.42,6.55,-0.13,-1.9847,429962.16,278454.596,1.45,23.45,5.19,5.41,5.85,6.95,7.39,6.21,70.73
20200603,6.61,6.82,6.53,6.55,6.64,-0.09,-1.3554,683357.86,454765.643,1.45,23.45,5.19,5.41,5.85,6.95,7.39,6.2,77.71
20200602,6.48,6.9,6.48,6.64,6.27,0.37,5.9011,1214533.47,815517.544,1.45,23.45,5.19,5.41,5.85,6.95,7.39,6.19,78.66
20200601,6.16,6.35,6.09,6.27,6.11,0.16,2.6187,596064.88,373403.749,1.45,23.45,5.19,5.41,5.85,6.95,7.39,6.16,69.7
20200529,5.86,6.27,5.85,6.11,5.88,0.23,3.9116,699415.89,429227.127,1.45,23.45,5.19,5.41,5.85,6.95,7.39,6.15,70.34
20200528,5.93,5.98,5.8,5.88,5.94,-0.06,-1.0101,334780.76,196836.983,1.45,23.45,5.19,5.41,5.85,6.95,7.39,6.15,59.31
20200527,6.08,6.09,5.92,5.94,6.02,-0.08,-1.3289,383172.62,229190.241,1.45,23.45,5.19,5.41,5.85,6.95,7.39,6.15,58.96
20200526,6.04,6.22,5.94,6.02,6.03,-0.01,-0.1658,640861.59,387265.499,1.45,23.45,5.19,5.41,5.85,6.95,7.39,6.15,59.21
20200525,5.71,6.1,5.71,6.03,5.78,0.25,4.3253,758094.31,451567.658,1.45,23.45,5.19,5.41,5.85,6.95,7.39,6.15,59.63
20200522,5.53,5.94,5.52,5.78,5.57,0.21,3.7702,801741.56,464382.69,1.45,23.45,5.19,5.41,5.85,6.95,7.39,6.15,46.85
20200521,5.65,5.72,5.54,5.57,5.66,-0.09,-1.5901,289906.83,162916.409,1.45,23.45,5.19,5.41,5.85,6.95,7.39,6.16,25.38
20200520,5.61,5.8,5.53,5.66,5.61,0.05,0.8913,418061.9,236745.344,1.45,23.45,5.19,5.41,5.85,6.95,7.39,6.17,45.86
20200519,5.54,5.65,5.54,5.61,5.6,0.01,0.1786,387283.87,216302.132,1.45,23.45,5.19,5.41,5.85,6.95,7.39,6.18,25.38
20200518,5.69,5.73,5.51,5.6,5.69,-0.09,-1.5817,428472.67,239506.503,1.45,23.45,5.19,5.41,5.85,6.95,7.39,6.18,25.1
20200515,5.96,6.0,5.66,5.69,5.93,-0.24,-4.0472,761338.77,439706.035,1.45,23.45,5.19,5.41,5.85,6.95,7.39,6.19,43.65
20200514,5.62,6.11,5.6,5.93,5.66,0.27,4.7703,962582.77,571532.885,1.45,23.45,5.19,5.41,5.85,7.17,7.39,6.2,54.91
20200513,5.66,5.7,5.56,5.66,5.71,-0.05,-0.8757,368065.49,207016.327,1.45,23.45,5.19,5.41,5.85,7.17,7.39,6.21,44.31
20200512,5.71,5.74,5.61,5.71,5.72,-0.01,-0.1748,214692.8,121759.564,1.45,23.45,5.19,5.41,5.85,7.17,7.39,6.21,43.62
20200511,5.69,5.88,5.66,5.72,5.66,0.06,1.0601,466044.82,268199.859,1.45,23.45,5.19,5.41,5.85,7.17,7.39,6.22,43.26
20200508,5.72,5.78,5.65,5.66,5.68,-0.02,-0.3521,258890.5,147525.621,1.45,23.45,5.19,5.41,5.85,7.17,7.39,6.22,43.26
20200507,5.71,5.78,5.65,5.68,5.7,-0.02,-0.3509,333193.79,190233.698,1.45,23.45,5.19,5.41,5.85,7.17,7.39,6.23,42.94
20200506,5.61,5.72,5.56,5.7,5.64,0.06,1.0638,459188.27,259565.482,1.45,23.45,5.19,5.41,5.85,7.17,7.39,6.23,42.55
20200430,5.38,5.69,5.34,5.64,5.3,0.34,6.4151,423411.36,235770.701,1.45,23.45,5.19,5.41,5.85,7.17,7.39,6.24,41.75
20200429,5.28,5.39,5.22,5.3,5.26,0.04,0.7605,221409.76,117333.463,1.45,23.45,5.19,5.41,6.07,7.17,7.39,6.25,11.64
20200428,5.31,5.39,5.1,5.26,5.33,-0.07,-1.3133,283140.6,148319.627,1.45,23.45,5.19,5.41,6.07,7.17,7.39,6.25,11.08
20200427,5.39,5.42,5.27,5.33,5.37,-0.04,-0.7449,240034.25,127814.614,1.45,23.45,5.19,5.41,6.07,7.17,7.39,6.27,10.23
20200424,5.56,5.57,5.34,5.37,5.56,-0.19,-3.4173,285243.34,154272.374,1.45,23.45,5.19,5.41,6.07,7.17,7.39,6.27,9.9
20200423,5.6,5.64,5.46,5.56,5.59,-0.03,-0.5367,275372.2,152264.103,1.45,23.45,5.19,5.41,6.07,7.17,7.39,6.28,24.31
20200422,5.55,5.61,5.45,5.59,5.53,0.06,1.085,358657.79,198345.509,1.45,23.45,5.19,5.41,6.07,7.17,7.39,6.29,24.1
20200421,5.7,5.71,5.51,5.53,5.7,-0.17,-2.9825,287980.04,160067.413,1.45,23.45,5.19,5.41,6.07,7.17,7.39,6.3,23.39
20200420,5.65,5.71,5.6,5.7,5.68,0.02,0.3521,262494.04,148807.684,1.45,23.45,5.19,5.41,6.07,7.17,7.39,6.3,36.39
20200417,5.75,5.84,5.58,5.68,5.77,-0.09,-1.5598,448628.89,255412.654,1.45,23.45,5.19,5.41,6.07,7.17,7.39,6.31,35.87
20200416,5.68,5.82,5.65,5.77,5.68,0.09,1.5845,327678.99,187773.112,1.45,23.45,5.19,5.41,6.07,7.17,7.39,6.32,34.98
20200415,5.65,5.81,5.61,5.68,5.67,0.01,0.1764,374660.65,213733.444,1.45,23.45,5.19,5.41,6.07,7.17,7.39,6.32,34.48
20200414,5.4,5.73,5.4,5.67,5.44,0.23,4.2279,402009.13,224621.301,1.45,23.45,5.19,5.41,6.07,7.17,7.39,6.33,33.71
20200413,5.51,5.54,5.32,5.44,5.57,-0.13,-2.3339,310803.07,168372.551,1.45,23.45,5.19,5.41,6.07,7.17,7.39,6.34,23.31
20200410,5.63,5.7,5.51,5.57,5.86,-0.29,-4.9488,870823.81,486220.169,1.45,23.45,5.19,5.41,6.07,7.17,7.39,6.35,22.54
20200409,5.7,5.92,5.64,5.86,5.66,0.2,3.5336,539080.36,311513.17,1.45,23.45,5.19,5.41,6.07,7.17,7.39,6.37,39.4
20200408,5.46,5.72,5.42,5.66,5.47,0.19,3.4735,549848.95,307595.642,1.45,23.45,5.19,5.41,6.29,7.17,7.39,6.38,29.52
20200407,5.37,5.52,5.35,5.47,5.26,0.21,3.9924,460914.91,250837.021,1.45,23.45,5.19,5.41,6.29,7.17,7.39,6.4,21.81
20200403,5.37,5.43,5.23,5.26,5.37,-0.11,-2.0484,305081.0,162199.066,1.45,23.45,5.19,5.41,6.29,7.17,7.39,6.42,11.51
20200402,5.07,5.37,5.05,5.37,5.11,0.26,5.0881,638016.81,334669.314,1.45,23.45,5.19,5.41,6.29,7.17,7.39,6.42,11.12
20200401,5.14,5.23,5.06,5.11,5.18,-0.07,-1.3514,338159.0,173930.306,1.45,23.45,5.19,5.41,6.29,7.17,7.39,6.45,4.47
20200331,5.23,5.3,5.13,5.18,5.18,0.0,0.0,366007.17,190679.082,1.45,23.45,5.19,5.41,6.29,7.17,7.39,6.47,3.94
20200330,5.16,5.23,4.91,5.18,5.24,-0.06,-1.145,616913.54,313117.073,1.45,23.45,5.19,5.41,6.29,7.17,7.39,6.48,3.81
20200327,5.5,5.51,5.22,5.24,5.44,-0.2,-3.6765,644869.14,344097.377,1.45,23.45,5.41,5.63,6.29,7.17,7.39,6.51,4.74
20200326,5.4,5.55,5.32,5.44,5.46,-0.02,-0.3663,557931.8,304021.116,1.45,23.45,5.41,5.63,6.29,7.17,7.39,6.54,11.33
20200325,5.5,5.55,5.31,5.46,5.39,0.07,1.2987,817798.81,445507.772,1.45,23.45,5.41,5.63,6.29,7.17,7.39,6.56,9.65
20200324,5.73,5.77,5.19,5.39,5.59,-0.2,-3.5778,1177662.9,637371.252,1.45,23.45,5.41,5.85,6.51,7.17,7.39,6.6,3.22
20200323,6.0,6.07,5.54,5.59,6.16,-0.57,-9.2532,975931.06,562165.782,1.45,23.45,5.63,5.85,6.51,7.17,7.39,6.64,4.49
20200320,6.23,6.34,6.06,6.16,6.22,-0.06,-0.9646,821935.89,508560.078,1.45,23.45,5.63,5.85,6.51,7.17,7.39,6.67,32.95
20200319,5.92,6.23,5.91,6.22,5.9,0.32,5.4237,1078278.27,658898.161,1.45,23.45,5.63,5.85,6.51,7.17,7.61,6.68,32.0
20200318,6.08,6.23,5.87,5.9,6.01,-0.11,-1.8303,845170.41,513573.916,1.45,23.45,5.63,5.85,6.73,7.17,7.61,6.7,18.24
20200317,5.95,6.03,5.72,6.01,5.84,0.17,2.911,757521.45,446778.304,1.45,23.45,5.63,5.85,6.73,7.17,7.61,6.72,18.43
20200316,5.9,6.14,5.8,5.84,5.85,-0.01,-0.1709,976815.16,581606.339,1.45,23.45,5.63,5.85,6.73,7.17,7.61,6.74,8.26
20200313,5.72,5.96,5.6,5.85,5.98,-0.13,-2.1739,637995.2,368859.446,1.45,23.45,5.41,6.07,6.73,7.17,7.61,6.77,8.26
20200312,5.84,6.02,5.73,5.98,5.92,0.06,1.0135,487293.87,288655.104,1.45,23.45,5.41,6.07,6.73,7.17,7.61,6.79,12.52
20200311,6.14,6.18,5.91,5.92,6.13,-0.21,-3.4258,582885.59,351484.236,1.45,23.45,5.41,6.07,6.73,7.17,7.61,6.8,11.07
20200310,5.88,6.13,5.77,6.13,6.0,0.13,2.1667,704786.24,421945.535,1.45,23.45,5.41,6.07,6.73,7.17,7.61,6.82,17.61
20200309,6.3,6.32,5.91,6.0,6.38,-0.38,-5.9561,919993.7,558039.464,1.45,23.45,5.41,6.07,6.73,7.17,7.61,6.84,8.85
20200306,6.31,6.55,6.2,6.38,6.35,0.03,0.4724,669511.86,427973.971,1.45,23.45,5.41,6.29,6.95,7.39,7.61,6.86,25.73
20200305,6.43,6.46,6.23,6.35,6.33,0.02,0.316,677009.7,428662.933,1.45,23.45,5.41,6.29,6.95,7.39,7.61,6.87,24.77
20200304,6.48,6.48,6.16,6.33,6.6,-0.27,-4.0909,1038247.09,657769.261,1.45,23.45,5.41,6.29,6.95,7.39,7.61,6.88,23.1
20200303,6.8,6.94,6.53,6.6,6.73,-0.13,-1.9316,998968.64,673661.391,1.45,23.45,5.41,6.29,6.95,7.39,7.61,6.9,29.49
20200302,6.69,6.9,6.6,6.73,6.59,0.14,2.1244,843631.14,566754.507,1.45,23.45,5.41,6.29,6.95,7.39,7.61,6.9,30.18
20200228,6.81,7.05,6.59,6.59,7.08,-0.49,-6.9209,988533.07,671571.167,1.45,23.45,5.41,6.07,6.95,7.39,7.61,6.9,29.75
20200227,6.99,7.22,6.76,7.08,6.98,0.1,1.4327,968783.1,682316.706,1.45,23.45,5.19,6.07,6.95,7.39,7.61,6.9,55.76
20200226,7.12,7.22,6.93,6.98,7.28,-0.3,-4.1209,946636.3,670161.476,1.45,23.45,5.19,6.07,6.95,7.39,7.61,6.89,55.53
20200225,7.28,7.35,7.0,7.28,7.49,-0.21,-2.8037,1531278.75,1102929.087,1.45,23.45,5.19,6.07,6.95,7.39,7.61,6.88,80.82
20200224,7.29,7.6,7.16,7.49,7.29,0.2,2.7435,1666621.4,1227504.379,1.45,23.45,4.97,6.07,6.95,7.39,7.61,6.85,92.48
20200221,7.08,7.48,7.07,7.29,7.17,0.12,1.6736,1266486.29,927197.511,1.45,23.45,4.97,6.07,6.95,7.39,7.61,6.82,81.87
20200220,7.1,7.21,6.96,7.17,7.11,0.06,0.8439,814155.9,578200.033,1.45,23.45,4.97,6.07,6.95,7.39,7.61,6.79,64.34
20200219,7.41,7.44,7.03,7.11,7.49,-0.38,-5.0734,1219850.01,874748.208,1.45,23.45,4.75,6.07,6.73,7.39,7.61,6.77,65.06
20200218,7.23,7.54,7.22,7.49,7.3,0.19,2.6027,1247697.61,921606.9,1.45,23.45,4.75,5.85,6.73,7.39,7.61,6.74,92.06
20200217,7.04,7.37,7.04,7.3,7.1,0.2,2.8169,1305169.02,949146.347,1.45,23.45,4.75,5.85,6.73,7.17,7.61,6.7,87.43
20200214,7.08,7.28,6.93,7.1,6.99,0.11,1.5737,1348049.74,955285.646,1.45,23.45,4.75,5.85,6.73,7.17,7.61,6.67,74.58
20200213,7.16,7.22,6.93,6.99,7.26,-0.27,-3.719,1332812.96,939174.461,1.45,23.45,4.75,5.85,6.51,7.17,7.61,6.64,75.31
20200212,7.06,7.34,7.05,7.26,7.03,0.23,3.2717,1492325.94,1077979.584,1.45,23.45,4.53,5.85,6.51,7.17,7.61,6.61,86.8
20200211,7.33,7.44,7.02,7.03,7.41,-0.38,-5.1282,1765703.54,1263221.559,1.45,23.45,4.53,5.63,6.51,7.17,7.61,6.57,80.05
20200210,7.97,7.97,7.28,7.41,7.37,0.04,0.5427,2540843.86,1933472.049,1.45,23.45,4.53,5.63,6.51,7.17,7.61,6.51,90.75
20200207,6.68,7.37,6.57,7.37,6.7,0.67,10.0,2425014.07,1697631.168,1.45,23.45,4.53,5.63,6.51,6.95,7.17,6.38,97.25
20200206,6.23,6.84,6.06,6.7,6.29,0.41,6.5183,1897210.54,1244913.484,1.45,23.45,4.53,5.41,6.29,6.73,6.95,6.31,73.51
20200205,6.33,6.62,6.19,6.29,6.24,0.05,0.8013,1644477.91,1049846.101,1.45,23.45,4.53,5.41,6.29,6.73,6.95,6.29,39.11
20200204,5.66,6.24,5.66,6.24,5.67,0.57,10.0529,1442338.26,886225.705,1.45,23.45,4.31,5.41,6.29,6.73,7.17,6.27,41.23
20200203,5.5,6.09,5.5,5.67,6.11,-0.44,-7.2013,1560948.04,909944.113,1.45,23.45,4.31,5.41,6.29,6.73,7.17,6.27,24.86
20200123,6.18,6.5,5.98,6.11,6.26,-0.15,-2.3962,1149495.22,721828.993,1.45,23.45,4.31,5.19,6.29,6.73,7.17,6.29,34.55
20200122,6.26,6.37,6.14,6.26,6.25,0.01,0.16,843708.01,530475.076,1.45,23.45,4.31,5.19,6.51,6.73,7.17,6.29,33.29
20200121,6.42,6.56,6.22,6.25,6.4,-0.15,-2.3438,800292.64,505854.071,1.45,23.45,4.31,5.19,6.51,6.73,7.17,6.29,33.99
20200120,6.36,6.57,6.13,6.4,6.46,-0.06,-0.9288,986934.23,634486.223,1.45,23.45,4.31,5.19,6.51,6.95,7.17,6.28,46.52
20200117,6.79,6.79,6.45,6.46,6.79,-0.33,-4.8601,784210.09,517473.906,1.45,23.45,4.31,4.97,6.51,6.95,7.17,6.27,45.91
20200116,6.75,6.93,6.66,6.79,6.74,0.05,0.7418,588278.75,398284.0,1.45,23.45,4.31,4.97,6.51,6.95,7.17,6.25,83.76
20200115,6.74,6.87,6.64,6.74,6.85,-0.11,-1.6058,528705.16,356021.485,1.45,23.45,4.31,4.97,6.51,6.95,7.17,6.24,83.72
20200114,6.8,7.1,6.75,6.85,6.83,0.02,0.2928,868533.96,601622.763,1.45,23.45,4.31,4.97,6.51,6.95,7.17,6.22,83.68
20200113,6.78,6.84,6.52,6.83,6.82,0.01,0.1466,830130.85,557711.187,1.45,23.45,4.31,4.75,6.29,6.73,7.17,6.2,85.15
20200110,6.85,6.91,6.64,6.82,6.93,-0.11,-1.5873,951166.45,641954.223,1.45,23.45,4.09,4.75,6.29,6.95,7.17,6.18,84.94
20200109,7.15,7.16,6.76,6.93,7.14,-0.21,-2.9412,1419537.51,982955.553,1.45,23.45,4.09,4.75,6.29,6.95,7.17,6.15,84.91
20200108,7.18,7.27,6.97,7.14,7.11,0.03,0.4219,1496867.71,1066090.471,1.45,23.45,4.09,4.75,6.29,6.73,7.17,6.1,93.75
20200107,6.46,7.11,6.45,7.11,6.46,0.65,10.0619,2060116.94,1421944.882,1.45,23.45,4.09,4.75,6.29,6.73,6.95,6.02,96.94
20200106,6.35,6.61,6.26,6.46,6.45,0.01,0.155,1095682.63,705155.854,1.45,23.45,4.09,4.53,6.07,6.51,6.95,5.95,66.71
20200103,6.66,6.72,6.42,6.45,6.63,-0.18,-2.7149,1089192.49,714099.846,1.45,23.45,3.87,4.53,6.07,6.51,6.95,5.92,66.95
20200102,6.2,6.79,6.13,6.63,6.17,0.46,7.4554,1643765.47,1087770.705,1.45,23.45,3.87,4.53,6.07,6.51,6.95,5.89,85.51
20191231,6.31,6.38,6.05,6.17,6.3,-0.13,-2.0635,937182.35,576700.255,1.45,23.45,3.87,4.53,5.85,6.51,6.95,5.83,60.76
20191230,6.36,6.37,5.98,6.3,6.43,-0.13,-2.0218,1066567.92,659967.244,1.45,23.45,3.87,4.53,5.85,6.51,6.95,5.81,71.51
20191227,6.55,6.66,6.35,6.43,6.57,-0.14,-2.1309,790741.15,513868.749,1.45,23.45,3.87,4.53,5.63,6.51,6.95,5.79,70.54
20191226,6.7,6.7,6.4,6.57,6.69,-0.12,-1.7937,713201.15,465820.246,1.45,23.45,3.65,4.53,5.63,6.51,6.95,5.77,85.52
20191225,6.6,6.83,6.56,6.69,6.63,0.06,0.905,897580.4,601195.965,1.45,23.45,3.65,4.53,5.63,6.51,6.95,5.74,85.52
20191224,6.32,6.65,6.32,6.63,6.32,0.31,4.9051,711551.3,465582.08,1.45,23.45,3.65,4.53,5.63,6.51,6.95,5.7,87.08
20191223,6.44,6.58,6.22,6.32,6.49,-0.17,-2.6194,903136.65,577203.252,1.45,23.45,3.65,4.53,5.63,6.51,6.95,5.67,77.67
20191220,6.66,6.86,6.44,6.49,6.71,-0.22,-3.2787,1041060.65,689767.559,1.45,23.45,3.65,4.53,5.41,6.51,6.95,5.64,78.28
20191219,6.78,7.01,6.62,6.71,6.75,-0.04,-0.5926,909886.1,617261.807,1.45,23.45,3.65,4.31,5.41,6.51,6.95,5.59,88.0
20191218,6.56,6.96,6.51,6.75,6.6,0.15,2.2727,1206131.51,816243.996,1.45,23.45,3.65,4.31,5.41,6.51,6.73,5.54,95.49
20191217,6.62,6.73,6.55,6.6,6.69,-0.09,-1.3453,937597.1,621439.824,1.45,23.45,3.65,4.31,5.41,6.29,6.51,5.47,95.14
20191216,6.25,6.75,6.25,6.69,6.14,0.55,8.9577,1411227.66,914468.794,1.45,23.45,3.65,4.31,5.41,6.29,6.51,5.42,96.01
20191213,6.18,6.2,5.99,6.14,6.11,0.03,0.491,815352.07,498239.139,1.45,23.45,3.65,4.31,5.41,6.07,6.51,5.35,88.29
20191212,6.24,6.34,6.08,6.11,6.22,-0.11,-1.7685,964602.24,597718.757,1.45,23.45,3.65,4.31,5.41,6.07,6.51,5.32,88.42
20191211,6.33,6.69,6.18,6.22,6.34,-0.12,-1.8927,1223883.57,781406.074,1.45,23.45,3.65,4.31,5.19,6.07,6.51,5.28,90.23
20191210,6.05,6.53,5.96,6.34,6.09,0.25,4.1051,1130485.78,707428.102,1.45,23.45,3.43,4.31,5.19,5.85,6.29,5.22,96.37
20191209,6.05,6.23,5.92,6.09,6.03,0.06,0.995,1176591.39,713046.005,1.45,23.45,3.43,4.31,5.19,5.63,6.07,5.16,96.63
20191206,5.58,6.15,5.55,6.03,5.62,0.41,7.2954,1609122.77,947655.28,1.45,23.45,3.43,4.31,4.97,5.63,5.85,5.11,95.31
20191205,5.57,5.67,5.5,5.62,5.59,0.03,0.5367,704895.88,393581.522,1.45,23.45,3.43,4.09,4.97,5.63,5.63,5.05,84.66
20191204,5.51,5.75,5.45,5.59,5.55,0.04,0.7207,859511.82,485135.916,1.45,23.45,3.43,4.09,4.97,5.41,5.63,5.03,85.88
20191203,5.55,5.65,5.4,5.55,5.62,-0.07,-1.2456,571947.01,314820.757,1.45,23.45,3.43,4.09,4.75,5.41,5.63,5.0,88.46
20191202,5.4,5.62,5.25,5.62,5.43,0.19,3.4991,910933.02,499662.504,1.45,23.45,3.43,4.09,4.75,5.41,5.63,4.99,89.12
20191129,5.34,5.56,5.28,5.43,5.36,0.07,1.306,679378.77,367873.659,1.45,23.45,3.43,4.09,4.75,5.41,5.63,4.96,89.27
20191128,5.45,5.46,5.23,5.36,5.5,-0.14,-2.5455,714303.13,381375.39,1.45,23.45,3.43,4.09,4.75,5.41,5.63,4.94,72.06
20191127,5.35,5.54,5.28,5.5,5.42,0.08,1.476,753395.81,408227.782,1.45,23.45,3.43,4.09,4.75,5.41,5.63,4.93,89.33
20191126,5.52,5.57,5.39,5.42,5.63,-0.21,-3.73,930676.61,510277.404,1.45,23.45,3.43,4.09,4.75,5.41,5.63,4.91,89.48
20191125,5.55,5.66,5.31,5.63,5.53,0.1,1.8083,1347834.21,740571.133,1.45,23.45,3.43,4.09,4.75,5.41,5.63,4.88,89.64
20191122,5.31,5.81,5.23,5.53,5.3,0.23,4.3396,1803806.22,1008185.339,1.45,23.45,3.43,3.87,4.53,5.41,5.63,4.83,91.27
20191121,5.23,5.55,5.2,5.3,5.3,0.0,0.0,1215142.48,649609.143,1.45,23.45,3.43,3.87,4.53,5.19,5.63,4.77,86.66
20191120,5.69,5.8,5.3,5.3,5.4,-0.1,-1.8519,2156620.5,1201395.236,1.45,23.45,3.43,3.87,4.53,5.19,5.63,4.73,88.89
20191119,4.92,5.4,4.88,5.4,4.91,0.49,9.9796,1005423.68,526664.221,1.45,23.45,3.43,3.65,4.53,4.97,5.19,4.65,96.15
20191118,4.75,4.98,4.64,4.91,4.74,0.17,3.5865,747263.96,362479.956,1.45,23.45,3.43,3.65,4.53,4.97,5.19,4.63,83.68
20191115,4.72,4.88,4.69,4.74,4.73,0.01,0.2114,750007.42,359129.944,1.45,23.45,3.43,3.65,4.53,4.97,5.19,4.61,66.41
20191114,4.68,4.84,4.62,4.73,4.68,0.05,1.0684,727642.89,344969.368,1.45,23.45,3.43,3.65,4.53,4.97,5.19,4.6,68.07
20191113,4.75,4.8,4.64,4.68,4.81,-0.13,-2.7027,694189.34,326682.25,1.45,23.45,3.43,3.65,4.53,4.97,5.19,4.59,68.84
20191112,4.95,4.96,4.73,4.81,4.9,-0.09,-1.8367,817867.07,393326.167,1.45,23.45,3.43,3.65,4.53,4.97,5.19,4.58,84.05
20191111,5.03,5.12,4.87,4.9,5.06,-0.16,-3.1621,1039551.85,520162.687,1.45,23.45,3.43,3.65,4.53,4.97,5.19,4.57,84.05
20191108,5.04,5.18,4.97,5.06,4.91,0.15,3.055,1807672.46,917988.425,1.45,23.45,3.43,3.65,4.53,4.75,5.19,4.54,94.56
20191107,4.45,4.91,4.41,4.91,4.46,0.45,10.0897,1301463.27,624923.804,1.45,23.45,3.43,3.65,4.31,4.75,4.97,4.49,93.73
20191106,4.51,4.54,4.33,4.46,4.56,-0.1,-2.193,518063.12,229053.0,1.45,23.45,3.43,3.65,4.31,4.75,4.97,4.47,55.88
20191105,4.59,4.65,4.5,4.56,4.62,-0.06,-1.2987,367546.22,167338.023,1.45,23.45,3.43,3.65,4.31,4.75,4.97,4.46,82.49
20191104,4.61,4.7,4.52,4.62,4.62,0.0,0.0,449282.14,207010.495,1.45,23.45,3.43,3.65,4.31,4.75,4.97,4.46,82.46
20191101,4.57,4.66,4.54,4.62,4.56,0.06,1.3158,392325.94,180554.776,1.45,23.45,3.43,3.65,4.31,4.75,4.97,4.45,82.43
20191031,4.59,4.65,4.51,4.56,4.6,-0.04,-0.8696,327886.16,150616.697,1.45,23.45,3.43,3.43,4.31,4.75,4.97,4.45,82.61
20191030,4.55,4.66,4.49,4.6,4.61,-0.01,-0.2169,415290.87,189739.915,1.45,23.45,3.43,3.43,4.31,4.75,4.97,4.44,82.58
20191029,4.39,4.72,4.38,4.61,4.43,0.18,4.0632,833124.13,381118.969,1.45,23.45,3.43,3.43,4.31,4.75,4.97,4.44,82.56
20191028,4.39,4.48,4.36,4.43,4.35,0.08,1.8391,508816.69,225023.395,1.45,23.45,3.43,3.43,4.31,4.75,4.97,4.42,61.63
20191025,4.32,4.42,4.29,4.35,4.31,0.04,0.9281,327248.95,142505.078,1.45,23.45,3.21,3.43,4.31,4.75,4.97,4.42,61.41
20191024,4.29,4.39,4.28,4.31,4.3,0.01,0.2326,315603.32,136457.353,1.45,23.45,3.21,3.43,4.31,4.75,4.97,4.42,42.66
20191023,4.5,4.5,4.27,4.3,4.52,-0.22,-4.8673,525966.41,229388.327,1.45,23.45,3.21,3.43,4.31,4.75,4.97,4.42,43.04
20191022,4.51,4.58,4.35,4.52,4.58,-0.06,-1.31,663108.86,295349.509,1.45,23.45,3.21,3.43,4.31,4.75,4.97,4.41,60.31
20191021,4.58,4.63,4.4,4.58,4.53,0.05,1.1038,651827.47,294284.362,1.45,23.45,3.21,3.43,4.31,4.75,4.97,4.4,81.32
20191018,4.51,4.68,4.39,4.53,4.55,-0.02,-0.4396,686444.13,309917.071,1.45,23.45,3.21,3.43,4.31,4.75,4.97,4.4,61.31
20191017,4.58,4.7,4.46,4.55,4.54,0.01,0.2203,615007.73,280945.361,1.45,23.45,3.21,3.43,4.31,4.75,4.97,4.39,80.83
20191016,4.79,4.82,4.48,4.54,4.71,-0.17,-3.6093,961395.92,444696.4,1.45,23.45,3.21,3.43,4.31,4.75,4.97,4.38,80.73
20191015,4.73,5.05,4.66,4.71,4.82,-0.11,-2.2822,1201046.13,581188.593,1.45,23.45,3.21,3.43,4.09,4.75,4.97,4.36,81.57
20191014,4.66,4.92,4.58,4.82,4.69,0.13,2.7719,1213724.76,575516.872,1.45,23.45,3.21,3.43,4.09,4.53,4.97,4.32,94.91
20191011,4.43,4.86,4.38,4.69,4.43,0.26,5.8691,1563520.55,724995.314,1.45,23.45,3.21,3.43,4.09,4.53,4.75,4.29,87.41
20191010,4.5,4.51,4.27,4.43,4.55,-0.12,-2.6374,1195275.2,526056.664,1.45,23.45,3.21,3.43,4.09,4.53,4.75,4.26,76.22
20191009,4.43,4.55,4.37,4.55,4.43,0.12,2.7088,903851.16,403014.083,1.45,23.45,3.21,3.43,4.09,4.53,4.75,4.24,88.72
20191008,4.62,4.77,4.43,4.43,4.74,-0.31,-6.5401,1146159.03,524505.135,1.45,23.45,3.21,3.43,3.87,4.53,4.75,4.23,77.04
20190930,4.9,4.9,4.61,4.74,4.74,0.0,0.0,1286299.6,612559.044,1.45,23.45,3.21,3.43,3.87,4.53,4.75,4.2,90.0
20190927,4.37,4.74,4.33,4.74,4.31,0.43,9.9768,1571917.0,727755.23,1.45,23.45,3.21,3.43,3.87,4.53,4.75,4.16,94.18
20190926,4.46,4.54,4.29,4.31,4.43,-0.12,-2.7088,1251048.97,552678.97,1.45,23.45,3.21,3.43,3.87,4.31,4.75,4.12,75.26
20190925,4.25,4.59,4.19,4.43,4.3,0.13,3.0233,1485666.91,653840.292,1.45,23.45,3.21,3.43,3.87,4.31,4.75,4.09,90.83
20190924,4.16,4.3,4.11,4.3,4.14,0.16,3.8647,879221.17,371799.766,1.45,23.45,3.21,3.43,3.65,4.31,4.75,4.06,83.1
20190923,4.09,4.17,4.02,4.14,4.12,0.02,0.4854,719041.67,294985.076,1.45,23.45,3.21,3.43,3.65,4.31,4.75,4.05,83.47
20190920,4.04,4.18,3.98,4.12,4.02,0.1,2.4876,821822.86,336745.983,1.45,23.45,3.21,3.43,3.65,4.31,4.75,4.04,83.45
20190919,3.94,4.03,3.86,4.02,3.95,0.07,1.7722,812441.06,321149.009,1.45,23.45,3.21,3.43,3.65,4.31,4.75,4.03,71.68
20190918,3.77,4.08,3.76,3.95,3.75,0.2,5.3333,1115094.62,437564.641,1.45,23.45,3.21,3.43,3.65,4.31,4.75,4.03,71.26
20190917,3.79,3.86,3.73,3.75,3.79,-0.04,-1.0554,548495.28,208070.705,1.45,23.45,3.21,3.43,3.65,4.31,4.97,4.02,61.34
20190916,3.7,3.87,3.67,3.79,3.71,0.08,2.1563,580747.24,219797.736,1.45,23.45,3.21,3.43,3.65,4.31,4.97,4.02,61.09
20190912,3.69,3.71,3.67,3.71,3.68,0.03,0.8152,216191.46,79778.402,1.45,23.45,3.21,3.43,3.65,4.31,5.19,4.02,60.81
20190911,3.72,3.74,3.65,3.68,3.71,-0.03,-0.8086,274878.76,101191.863,1.45,23.45,3.21,3.43,3.65,4.31,5.19,4.02,60.72
20190910,3.76,3.76,3.68,3.71,3.76,-0.05,-1.3298,376452.32,139808.957,1.45,23.45,3.21,3.43,3.65,4.31,5.19,4.02,60.6
20190909,3.73,3.76,3.67,3.76,3.7,0.06,1.6216,434577.01,161672.203,1.45,23.45,3.21,3.43,3.65,4.31,4.97,4.02,60.45
20190906,3.67,3.73,3.65,3.7,3.66,0.04,1.0929,338978.95,125082.856,1.45,23.45,3.21,3.43,3.65,4.31,5.19,4.02,60.24
20190905,3.63,3.72,3.62,3.66,3.62,0.04,1.105,442120.49,162875.636,1.45,23.45,3.21,3.43,3.65,4.31,5.19,4.02,60.09
20190904,3.59,3.66,3.57,3.62,3.59,0.03,0.8357,321750.9,116179.622,1.45,23.45,3.21,3.43,3.65,4.31,4.97,4.02,44.85
20190903,3.58,3.6,3.55,3.59,3.58,0.01,0.2793,222325.68,79618.035,1.45,23.45,3.21,3.43,3.65,4.31,5.19,4.03,44.88
20190902,3.47,3.59,3.46,3.58,3.47,0.11,3.17,292594.92,103828.206,1.45,23.45,3.21,3.43,3.65,4.31,5.19,4.03,44.65
20190830,3.56,3.58,3.45,3.47,3.5,-0.03,-0.8571,286506.94,100602.295,1.45,23.45,3.21,3.43,3.65,4.31,5.19,4.03,44.33
20190829,3.56,3.59,3.48,3.5,3.56,-0.06,-1.6854,241830.2,85001.944,1.45,23.45,3.21,3.43,3.65,4.31,5.19,4.03,44.02
20190828,3.55,3.6,3.54,3.56,3.57,-0.01,-0.2801,177975.51,63547.271,1.45,23.45,3.21,3.43,3.65,4.31,5.19,4.03,43.74
20190827,3.49,3.62,3.48,3.57,3.46,0.11,3.1792,331485.62,117978.805,1.45,23.45,3.21,3.43,3.65,4.31,5.19,4.04,43.54
20190826,3.44,3.49,3.44,3.46,3.53,-0.07,-1.983,219562.84,76013.71,1.45,23.45,3.21,3.43,3.65,4.31,5.19,4.04,43.16
20190823,3.54,3.57,3.51,3.53,3.52,0.01,0.2841,186974.9,66135.899,1.45,23.45,3.21,3.21,3.65,4.31,4.97,4.04,42.91
20190822,3.55,3.56,3.5,3.52,3.55,-0.03,-0.8451,205228.52,72268.089,1.45,23.45,3.21,3.21,3.65,4.31,5.19,4.04,42.69
20190821,3.53,3.6,3.52,3.55,3.54,0.01,0.2825,244378.57,87033.025,1.45,23.45,3.21,3.21,3.65,4.31,5.19,4.04,42.45
20190820,3.58,3.63,3.53,3.54,3.57,-0.03,-0.8403,297115.73,105969.998,1.45,23.45,3.21,3.21,3.65,4.31,5.19,4.05,42.15
20190819,3.49,3.58,3.48,3.57,3.46,0.11,3.1792,385998.76,136673.369,1.45,23.45,3.21,3.21,3.65,4.31,5.19,4.05,41.79
20190816,3.46,3.52,3.45,3.46,3.49,-0.03,-0.8596,252381.53,87856.382,1.45,23.45,3.21,3.21,3.65,4.31,5.19,4.05,41.32
20190815,3.29,3.51,3.27,3.49,3.4,0.09,2.6471,351789.11,120380.543,1.45,23.45,3.21,3.21,3.65,4.31,5.19,4.06,41.02
20190814,3.43,3.47,3.39,3.4,3.39,0.01,0.295,219923.56,75634.45,1.45,23.45,3.21,3.21,3.65,4.31,5.19,4.06,15.69
20190813,3.4,3.43,3.38,3.39,3.43,-0.04,-1.1662,162305.5,55208.547,1.45,23.45,3.21,3.21,3.65,4.31,4.97,4.06,15.72
20190812,3.32,3.43,3.32,3.43,3.32,0.11,3.3133,204587.31,69351.264,1.45,23.45,3.21,3.21,3.65,4.31,5.19,4.07,15.34
20190809,3.32,3.38,3.3,3.32,3.3,0.02,0.6061,182565.12,61062.632,1.45,23.45,3.21,3.43,3.65,4.31,5.19,4.07,14.87
20190808,3.31,3.36,3.29,3.3,3.3,0.0,0.0,135699.57,45112.088,1.45,23.45,3.21,3.43,3.65,4.31,5.19,4.07,14.45
20190807,3.39,3.39,3.3,3.3,3.37,-0.07,-2.0772,198320.0,66246.605,1.45,23.45,3.21,3.43,3.65,4.31,5.19,4.08,14.13
20190806,3.36,3.39,3.25,3.37,3.43,-0.06,-1.7493,370924.67,123724.015,1.45,23.45,3.21,3.43,3.65,4.31,5.19,4.08,13.67
20190805,3.5,3.52,3.42,3.43,3.53,-0.1,-2.8329,319959.08,110921.544,1.45,23.45,3.21,3.43,3.65,4.31,5.19,4.09,12.79
20190802,3.39,3.54,3.37,3.53,3.45,0.08,2.3188,423866.31,147168.994,1.45,23.45,3.21,3.43,3.65,4.31,5.19,4.09,36.45
20190801,3.44,3.47,3.42,3.45,3.46,-0.01,-0.289,193812.61,66876.623,1.45,23.45,3.21,3.43,3.87,4.31,5.19,4.1,35.63
20190731,3.44,3.49,3.42,3.46,3.45,0.01,0.2899,244174.48,84450.627,1.45,23.45,3.21,3.43,3.87,4.31,5.19,4.1,35.25
20190730,3.37,3.51,3.36,3.45,3.36,0.09,2.6786,421412.16,145887.571,1.45,23.45,3.21,3.43,3.87,4.31,5.19,4.1,34.78
20190729,3.35,3.37,3.33,3.36,3.37,-0.01,-0.2967,154627.83,51824.605,1.45,23.45,3.21,3.43,3.87,4.31,5.19,4.11,12.85
20190726,3.31,3.46,3.3,3.37,3.32,0.05,1.506,296644.57,100295.737,1.45,23.45,3.21,3.43,3.87,4.31,5.19,4.11,12.48
20190725,3.34,3.34,3.31,3.32,3.33,-0.01,-0.3003,142465.43,47350.649,1.45,23.45,3.21,3.43,3.87,4.31,5.19,4.12,12.13
20190724,3.3,3.36,3.29,3.33,3.27,0.06,1.8349,199809.7,66648.88,1.45,23.45,3.21,3.43,3.87,4.31,5.19,4.12,11.78
20190723,3.25,3.28,3.23,3.27,3.24,0.03,0.9259,99459.82,32424.741,1.45,23.45,3.21,3.43,3.87,4.31,5.19,4.13,11.29
20190722,3.3,3.32,3.22,3.24,3.29,-0.05,-1.5198,138416.99,45165.06,1.45,23.45,3.21,3.43,3.87,4.31,5.19,4.13,11.04
20190719,3.27,3.34,3.27,3.29,3.27,0.02,0.6116,134428.65,44516.725,1.45,23.45,3.21,3.43,3.87,4.31,5.19,4.13,10.7
20190718,3.33,3.34,3.24,3.27,3.36,-0.09,-2.6786,161116.09,52917.847,1.45,23.45,3.21,3.43,3.87,4.31,5.19,4.13,10.36
20190717,3.34,3.36,3.31,3.36,3.33,0.03,0.9009,157691.71,52704.594,1.45,23.45,3.21,3.43,3.87,4.31,5.19,4.14,9.95
20190716,3.32,3.36,3.3,3.33,3.33,0.0,0.0,124458.99,41404.878,1.45,23.45,3.21,3.43,3.87,4.31,5.19,4.14,9.55
20190715,3.22,3.35,3.19,3.33,3.28,0.05,1.5244,246588.97,80733.26,1.45,23.45,3.21,3.43,3.87,4.31,5.19,4.14,9.23
20190712,3.26,3.29,3.24,3.28,3.26,0.02,0.6135,109676.93,35910.15,1.45,23.45,3.21,3.43,3.87,4.31,5.19,4.15,8.48
20190711,3.29,3.32,3.25,3.26,3.28,-0.02,-0.6098,146010.12,48020.721,1.45,23.45,3.21,3.43,3.87,4.31,5.19,4.15,8.19
20190710,3.31,3.32,3.25,3.28,3.32,-0.04,-1.2048,178587.7,58449.651,1.45,23.45,3.21,3.43,3.87,4.31,5.19,4.15,7.81
20190709,3.32,3.34,3.28,3.32,3.32,0.0,0.0,144212.71,47674.068,1.45,23.45,3.21,3.43,3.87,4.31,5.19,4.16,7.34
20190708,3.44,3.45,3.3,3.32,3.46,-0.14,-4.0462,239437.12,80032.76,1.45,23.45,3.21,3.43,3.87,4.31,5.19,4.16,6.96
20190705,3.44,3.47,3.41,3.46,3.45,0.01,0.2899,161952.35,55693.914,1.45,23.45,3.21,3.43,3.87,4.31,5.19,4.17,27.01
20190704,3.47,3.5,3.44,3.45,3.47,-0.02,-0.5764,136456.08,47277.516,1.45,23.45,3.21,3.43,3.87,4.31,5.19,4.17,26.64
20190703,3.51,3.52,3.45,3.47,3.52,-0.05,-1.4205,188935.0,65565.415,1.45,23.45,3.21,3.43,3.87,4.31,5.19,4.17,26.39
20190702,3.56,3.57,3.52,3.52,3.56,-0.04,-1.1236,215409.49,76093.42,1.45,23.45,3.21,3.43,3.87,4.31,5.19,4.17,26.03
20190701,3.52,3.57,3.49,3.56,3.45,0.11,3.1884,283797.44,100404.018,1.45,23.45,3.21,3.43,3.87,4.31,5.19,4.18,25.62
20190628,3.52,3.53,3.42,3.45,3.51,-0.06,-1.7094,167886.16,57980.869,1.45,23.45,3.21,3.43,3.87,4.31,5.19,4.18,25.09
20190627,3.51,3.55,3.49,3.51,3.49,0.02,0.5731,194526.61,68434.42,1.45,23.45,3.21,3.43,3.87,4.31,5.19,4.18,24.69
20190626,3.49,3.55,3.48,3.49,3.52,-0.03,-0.8523,196840.32,69130.425,1.45,23.45,3.21,3.43,3.87,4.31,5.19,4.19,24.32
20190625,3.57,3.57,3.46,3.52,3.56,-0.04,-1.1236,251612.14,88124.771,1.45,23.45,3.21,3.43,3.87,4.31,5.19,4.19,23.94
20190624,3.62,3.62,3.54,3.56,3.62,-0.06,-1.6575,308906.16,110366.97,1.45,23.45,3.21,3.43,3.87,4.31,5.19,4.2,23.45
20190621,3.62,3.73,3.59,3.62,3.54,0.08,2.2599,634324.03,231269.69,1.45,23.45,3.21,3.43,4.09,4.31,5.19,4.2,22.84
20190620,3.51,3.59,3.44,3.54,3.52,0.02,0.5682,429326.05,150704.987,1.45,23.45,3.21,3.43,4.09,4.31,5.19,4.21,23.11
20190619,3.59,3.64,3.51,3.52,3.51,0.01,0.2849,483644.63,172549.105,1.45,23.45,3.21,3.43,4.09,4.31,5.19,4.21,22.25
20190618,3.4,3.54,3.38,3.51,3.43,0.08,2.3324,432755.3,150697.069,1.45,23.45,3.21,3.43,4.09,4.31,5.19,4.22,21.27
20190617,3.4,3.45,3.35,3.43,3.38,0.05,1.4793,234937.8,79748.575,1.45,23.45,3.21,3.43,4.09,4.31,5.41,4.23,7.36
20190614,3.46,3.54,3.37,3.38,3.5,-0.12,-3.4286,345629.91,119253.412,1.45,23.45,3.21,3.43,4.09,4.31,5.41,4.24,7.03
20190613,3.38,3.67,3.36,3.5,3.37,0.13,3.8576,627362.3,221304.177,1.45,23.45,3.21,3.43,4.09,4.31,5.41,4.24,18.59
20190612,3.4,3.41,3.36,3.37,3.41,-0.04,-1.173,220166.75,74387.085,1.45,23.45,3.21,3.43,4.09,4.31,5.41,4.25,6.94
20190611,3.28,3.41,3.25,3.41,3.27,0.14,4.2813,270919.93,90700.503,1.45,23.45,3.21,3.43,4.09,4.31,5.41,4.26,6.36
20190610,3.3,3.3,3.23,3.27,3.25,0.02,0.6154,145647.27,47602.107,1.45,23.45,3.21,3.43,4.09,4.31,5.41,4.27,5.64
20190606,3.35,3.35,3.25,3.25,3.35,-0.1,-2.9851,203007.47,66649.87,1.45,23.45,3.21,3.43,4.09,4.31,5.41,4.27,5.24
20190605,3.37,3.39,3.35,3.35,3.34,0.01,0.2994,150755.6,50755.473,1.45,23.45,3.43,3.65,4.09,4.31,5.41,4.28,4.69
20190604,3.33,3.35,3.27,3.34,3.31,0.03,0.9063,202702.32,67513.178,1.45,23.45,3.43,3.65,4.09,4.31,5.41,4.28,4.27
20190603,3.37,3.4,3.31,3.31,3.38,-0.07,-2.071,218024.28,73028.412,1.45,23.45,3.43,3.65,4.09,4.31,5.41,4.29,3.72
20190531,3.37,3.45,3.35,3.38,3.4,-0.02,-0.5882,303888.23,103029.748,1.45,23.45,3.43,3.65,4.09,4.31,5.41,4.29,3.12
20190530,3.49,3.49,3.36,3.4,3.51,-0.11,-3.1339,348651.61,118214.605,1.45,23.45,3.43,3.65,4.09,4.31,5.41,4.3,2.64
20190529,3.54,3.54,3.49,3.51,3.53,-0.02,-0.5666,200439.14,70529.857,1.45,23.45,3.43,3.65,4.09,4.31,5.41,4.31,10.84
20190528,3.58,3.6,3.52,3.53,3.58,-0.05,-1.3966,238322.1,85028.638,1.45,23.45,3.43,3.65,4.09,4.31,5.41,4.31,10.34
20190527,3.5,3.6,3.47,3.58,3.49,0.09,2.5788,271058.48,96448.095,1.45,23.45,3.43,3.65,4.09,4.31,5.41,4.32,9.74
20190524,3.48,3.54,3.47,3.49,3.49,0.0,0.0,160771.82,56276.453,1.45,23.45,3.43,3.65,4.09,4.31,5.41,4.32,9.06
20190523,3.57,3.58,3.48,3.49,3.58,-0.09,-2.514,202764.02,71420.419,1.45,23.45,3.43,3.65,4.09,4.31,5.41,4.33,8.64
20190522,3.6,3.63,3.55,3.58,3.6,-0.02,-0.5556,196848.04,70607.768,1.45,23.45,3.43,3.65,4.09,4.31,5.41,4.33,8.12
20190521,3.53,3.64,3.52,3.6,3.53,0.07,1.983,281661.21,101222.824,1.45,23.45,3.43,3.65,4.09,4.31,5.41,4.33,7.61
20190520,3.47,3.56,3.46,3.53,3.49,0.04,1.1461,275318.08,96756.84,1.45,23.45,3.43,3.65,4.09,4.31,5.41,4.34,6.88
20190517,3.72,3.73,3.45,3.49,3.72,-0.23,-6.1828,484192.9,173485.837,1.45,23.45,3.43,3.65,4.09,4.31,5.41,4.35,6.15
20190516,3.68,3.74,3.68,3.72,3.7,0.02,0.5405,270727.15,100484.4,1.45,23.45,3.43,3.65,4.09,4.31,5.41,4.36,17.63
20190515,3.69,3.72,3.66,3.7,3.64,0.06,1.6484,262806.69,97032.796,1.45,23.45,3.43,3.65,4.09,4.31,5.41,4.36,17.04
20190514,3.68,3.75,3.63,3.64,3.72,-0.08,-2.1505,301152.11,111113.164,1.45,23.45,3.43,3.65,4.09,4.31,5.41,4.36,5.55
20190513,3.79,3.8,3.7,3.72,3.82,-0.1,-2.6178,294350.27,110197.54,1.45,23.45,3.43,3.65,4.09,4.31,5.41,4.37,15.64
20190510,3.75,3.83,3.69,3.82,3.72,0.1,2.6882,414021.22,156746.383,1.45,23.45,3.43,3.87,4.09,4.31,5.41,4.37,14.97
20190509,3.7,3.79,3.7,3.72,3.74,-0.02,-0.5348,243613.33,91162.189,1.45,23.45,3.43,3.87,4.09,4.31,5.63,4.38,14.0
20190508,3.76,3.85,3.72,3.74,3.84,-0.1,-2.6042,375767.82,141981.63,1.45,23.45,3.43,3.87,4.09,4.31,5.41,4.38,13.43
20190507,3.83,3.88,3.76,3.84,3.78,0.06,1.5873,414499.27,158701.498,1.45,23.45,3.43,3.87,4.09,4.31,5.63,4.39,12.53
20190506,4.03,4.06,3.74,3.78,4.14,-0.36,-8.6957,773842.38,303318.027,1.45,23.45,3.43,3.87,4.09,4.31,5.63,4.39,12.03
20190430,3.97,4.24,3.97,4.14,3.98,0.16,4.0201,605573.91,250213.199,1.45,23.45,3.43,3.87,4.09,4.31,5.63,4.4,58.05
20190429,4.08,4.11,3.95,3.98,4.05,-0.07,-1.7284,533530.16,215111.122,1.45,23.45,3.43,3.87,4.09,4.31,5.63,4.4,24.95
20190426,4.0,4.14,4.0,4.05,4.03,0.02,0.4963,405748.51,164979.377,1.45,23.45,3.43,3.87,4.09,4.31,5.63,4.4,24.57
20190425,4.26,4.26,4.02,4.03,4.29,-0.26,-6.0606,674724.15,279664.263,1.45,23.45,3.43,3.87,4.09,4.31,5.63,4.41,24.27
20190424,4.25,4.29,4.16,4.29,4.24,0.05,1.1792,578815.75,245653.49,1.45,23.45,3.43,3.87,4.09,4.53,5.63,4.41,55.31
20190423,4.35,4.37,4.21,4.24,4.41,-0.17,-3.8549,667447.1,286370.992,1.45,23.45,3.43,3.87,4.09,4.53,5.85,4.41,54.9
20190422,4.46,4.59,4.33,4.41,4.42,-0.01,-0.2262,1216946.97,544243.679,1.45,23.45,3.43,3.87,4.09,4.53,5.85,4.41,84.38
20190419,4.35,4.44,4.28,4.42,4.36,0.06,1.3761,744790.99,323833.491,1.45,23.45,3.43,3.87,4.09,4.31,5.85,4.39,86.46
20190418,4.29,4.41,4.26,4.36,4.32,0.04,0.9259,833990.54,362256.439,1.45,23.45,3.43,3.87,4.09,4.31,5.85,4.39,86.51
20190417,4.21,4.44,4.2,4.32,4.23,0.09,2.1277,1007668.66,435383.342,1.45,23.45,3.43,3.65,4.09,4.31,6.07,4.38,86.6
20190416,4.11,4.24,4.02,4.23,4.16,0.07,1.6827,542811.28,223640.063,1.45,23.45,3.43,3.65,4.09,4.31,6.07,4.37,63.1
20190415,4.25,4.29,4.14,4.16,4.2,-0.04,-0.9524,496168.73,210312.607,1.45,23.45,3.43,3.65,4.09,4.31,6.07,4.37,62.62
20190412,4.2,4.25,4.16,4.2,4.21,-0.01,-0.2375,469827.98,197091.346,1.45,23.45,3.43,3.65,4.09,4.31,6.07,4.37,62.41
20190411,4.32,4.32,4.18,4.21,4.32,-0.11,-2.5463,659320.7,279372.318,1.45,23.45,3.43,3.65,4.09,4.31,6.07,4.37,62.22
20190410,4.23,4.34,4.16,4.32,4.16,0.16,3.8462,1090967.51,465317.222,1.45,23.45,3.43,3.65,4.09,4.31,6.07,4.37,85.9
20190409,4.08,4.2,4.06,4.16,4.11,0.05,1.2165,494243.82,204988.147,1.45,23.45,3.43,3.65,4.09,4.31,6.07,4.37,63.65
20190408,4.26,4.32,4.06,4.11,4.26,-0.15,-3.5211,738639.04,306929.984,1.45,23.45,3.43,3.65,4.09,4.31,6.07,4.37,63.24
20190404,4.35,4.37,4.22,4.26,4.34,-0.08,-1.8433,768810.09,328789.844,1.45,23.45,3.43,3.65,4.09,4.31,6.29,4.36,63.35
20190403,4.18,4.42,4.16,4.34,4.18,0.16,3.8278,1222149.11,528810.157,1.45,23.45,3.43,3.65,4.09,4.31,6.29,4.36,85.09
20190402,4.16,4.32,4.13,4.18,4.15,0.03,0.7229,982244.33,413213.003,1.45,23.45,3.43,3.65,4.09,4.31,6.29,4.35,66.65
20190401,4.03,4.18,4.03,4.15,4.03,0.12,2.9777,685279.11,282242.393,1.45,23.45,3.43,3.65,4.09,4.53,6.29,4.34,67.62
20190329,3.91,4.03,3.85,4.03,3.91,0.12,3.0691,544050.05,215307.405,1.45,23.45,3.43,3.65,4.09,4.53,6.29,4.34,40.64
20190328,3.9,4.04,3.9,3.91,3.92,-0.01,-0.2551,477391.32,189393.212,1.45,23.45,3.43,3.65,4.09,4.53,6.29,4.35,39.67
20190327,4.0,4.01,3.88,3.92,3.95,-0.03,-0.7595,410376.34,161679.477,1.45,23.45,3.43,3.65,4.09,4.53,6.29,4.35,39.04
20190326,4.12,4.15,3.95,3.95,4.11,-0.16,-3.8929,586705.66,236672.974,1.45,23.45,3.21,3.65,4.09,4.53,6.29,4.35,38.49
20190325,4.2,4.22,4.11,4.11,4.24,-0.13,-3.066,585998.76,243485.624,1.45,23.45,3.21,3.65,4.09,4.53,6.29,4.35,64.85
20190322,4.28,4.3,4.17,4.24,4.27,-0.03,-0.7026,482010.86,203476.169,1.45,23.45,3.21,3.65,4.09,4.53,6.29,4.35,64.69
20190321,4.2,4.32,4.17,4.27,4.19,0.08,1.9093,681950.71,290684.904,1.45,23.45,3.21,3.65,4.09,4.53,6.29,4.35,64.54
20190320,4.21,4.26,4.1,4.19,4.22,-0.03,-0.7109,484869.19,202299.316,1.45,23.45,3.21,3.65,4.09,4.53,6.51,4.35,65.17
20190319,4.22,4.3,4.17,4.22,4.21,0.01,0.2375,576058.52,243900.023,1.45,23.45,3.21,3.65,4.09,4.53,6.51,4.35,65.05
20190318,4.17,4.23,4.1,4.21,4.14,0.07,1.6908,547762.09,228449.283,1.45,23.45,3.21,3.65,4.09,4.53,6.51,4.34,64.89
20190315,4.19,4.25,4.08,4.14,4.11,0.03,0.7299,644231.81,268222.888,1.45,23.45,3.21,3.65,4.09,4.53,6.51,4.34,64.73
20190314,4.25,4.33,4.06,4.11,4.29,-0.18,-4.1958,979064.74,408636.115,1.45,23.45,3.21,3.65,4.09,4.53,6.51,4.34,64.22
20190313,4.55,4.56,4.2,4.29,4.56,-0.27,-5.9211,1420326.91,622981.891,1.45,23.45,3.21,3.65,4.09,4.53,6.51,4.34,64.37
20190312,4.49,4.76,4.42,4.56,4.41,0.15,3.4014,1816835.78,833697.056,1.45,23.45,3.21,3.43,4.09,4.53,6.51,4.32,88.26
20190311,4.27,4.41,4.18,4.41,4.18,0.23,5.5024,1134550.49,487881.99,1.45,23.45,3.21,3.43,3.87,4.31,6.51,4.29,87.9
20190308,4.27,4.47,4.16,4.18,4.36,-0.18,-4.1284,1470888.61,632448.465,1.45,23.45,3.21,3.43,3.87,4.31,6.51,4.28,74.25
20190307,4.22,4.49,4.14,4.36,4.2,0.16,3.8095,1447704.19,627026.71,1.45,23.45,3.21,3.43,3.87,4.31,6.73,4.28,87.42
20190306,4.15,4.23,4.02,4.2,4.1,0.1,2.439,1302673.66,539828.565,1.45,23.45,3.21,3.43,3.87,4.31,6.73,4.27,79.92
20190305,3.93,4.13,3.89,4.1,3.9,0.2,5.1282,1097354.23,442691.608,1.45,23.45,3.21,3.43,3.87,4.31,6.73,4.27,79.55
20190304,3.85,4.03,3.79,3.9,3.82,0.08,2.0942,1082796.53,425345.541,1.45,23.45,3.21,3.43,3.87,4.31,6.73,4.28,65.8
20190301,3.87,3.9,3.75,3.82,3.83,-0.01,-0.2611,485568.28,184350.177,1.45,23.45,3.21,3.43,3.87,4.31,6.73,4.29,44.63
20190228,3.88,3.94,3.78,3.83,3.83,0.0,0.0,641028.61,247181.686,1.45,23.45,3.21,3.43,3.87,4.31,6.73,4.29,44.69
20190227,3.82,3.95,3.78,3.83,3.81,0.02,0.5249,900682.88,347802.313,1.45,23.45,3.21,3.43,3.87,4.31,6.73,4.29,44.74
20190226,3.86,4.02,3.72,3.81,3.8,0.01,0.2632,1304935.53,503447.723,1.45,23.45,3.21,3.43,3.87,4.53,6.73,4.31,44.81
20190225,3.56,3.8,3.56,3.8,3.53,0.27,7.6487,986140.94,365343.102,1.45,23.45,3.21,3.43,3.87,4.53,6.95,4.33,44.89
20190222,3.42,3.53,3.42,3.53,3.44,0.09,2.6163,514503.78,179487.396,1.45,23.45,3.21,3.43,3.87,4.53,6.95,4.34,26.32
20190221,3.45,3.54,3.41,3.44,3.46,-0.02,-0.578,521517.38,181185.061,1.45,23.45,3.21,3.43,3.87,4.75,6.95,4.36,25.1
20190220,3.46,3.49,3.38,3.46,3.45,0.01,0.2899,361461.08,124136.592,1.45,23.45,3.21,3.43,3.87,4.75,6.95,4.37,23.83
20190219,3.44,3.55,3.41,3.45,3.43,0.02,0.5831,494880.67,171535.759,1.45,23.45,3.21,3.43,3.87,4.97,6.95,4.38,22.95
20190218,3.36,3.43,3.32,3.43,3.31,0.12,3.6254,383980.98,130054.089,1.45,23.45,3.21,3.43,3.87,4.97,7.17,4.39,11.23
20190215,3.31,3.43,3.3,3.31,3.31,0.0,0.0,387289.43,129878.512,1.45,23.45,3.21,3.43,3.87,5.19,6.95,4.4,10.28
20190214,3.32,3.35,3.27,3.31,3.3,0.01,0.303,313101.68,103767.745,1.45,23.45,3.21,3.43,3.87,5.19,6.95,4.42,9.29
20190213,3.26,3.32,3.24,3.3,3.24,0.06,1.8519,375626.74,123576.676,1.45,23.45,3.21,3.43,3.87,5.19,7.17,4.42,8.48
20190212,3.17,3.28,3.15,3.24,3.16,0.08,2.5316,324786.31,105067.989,1.45,23.45,3.21,3.43,3.87,5.41,7.17,4.44,7.5
20190211,3.06,3.18,3.05,3.16,3.08,0.08,2.5974,358268.09,112230.801,1.45,23.45,3.21,3.43,3.87,5.41,7.17,4.45,4.35
20190201,2.99,3.09,2.99,3.08,3.02,0.06,1.9868,556769.34,169826.908,1.45,23.45,3.21,3.65,3.87,5.41,7.17,4.46,3.36
20190131,3.02,3.09,3.02,3.02,3.36,-0.34,-10.119,587011.0,177706.115,1.45,23.45,3.43,3.65,3.87,5.63,7.17,4.49,1.78
20190130,3.38,3.43,3.34,3.36,3.41,-0.05,-1.4663,212695.99,71809.469,1.45,23.45,3.43,3.65,3.87,5.63,7.17,4.51,0.84
20190129,3.55,3.56,3.38,3.41,3.56,-0.15,-4.2135,286300.55,98764.401,1.45,23.45,3.43,3.65,3.87,5.63,7.17,4.52,0.23
20190128,3.62,3.66,3.56,3.56,3.62,-0.06,-1.6575,192514.71,69443.394,1.45,23.45,3.43,3.65,3.87,5.63,7.17,4.53,9.5
20190125,3.62,3.65,3.6,3.62,3.64,-0.02,-0.5495,155741.71,56520.018,1.45,23.45,3.43,3.65,4.09,5.63,7.17,4.53,9.25
20190124,3.6,3.67,3.56,3.64,3.59,0.05,1.3928,292379.21,105999.969,1.45,23.45,3.43,3.65,4.09,5.63,7.17,4.54,8.86
20190123,3.6,3.63,3.56,3.59,3.61,-0.02,-0.554,163955.15,58878.476,1.45,23.45,3.43,3.65,4.09,5.63,7.17,4.54,8.46
20190122,3.63,3.69,3.61,3.61,3.63,-0.02,-0.551,241364.2,87932.347,1.45,23.45,3.43,3.65,4.09,5.63,7.17,4.55,8.04
20190121,3.68,3.68,3.61,3.63,3.66,-0.03,-0.8197,209232.21,76157.266,1.45,23.45,3.43,3.65,4.09,5.63,7.17,4.55,7.71
20190118,3.61,3.67,3.59,3.66,3.6,0.06,1.6667,241751.71,87944.243,1.45,23.45,3.43,3.65,4.09,5.63,7.17,4.56,26.4
20190117,3.66,3.66,3.6,3.6,3.65,-0.05,-1.3699,171281.25,62117.449,1.45,23.45,3.43,3.65,4.09,5.63,7.17,4.56,7.1
20190116,3.64,3.7,3.63,3.65,3.64,0.01,0.2747,238645.43,87370.938,1.45,23.45,3.43,3.65,4.09,5.63,7.17,4.57,6.86
20190115,3.6,3.66,3.58,3.64,3.6,0.04,1.1111,216043.34,78256.508,1.45,23.45,3.43,3.65,4.09,5.63,7.17,4.57,6.81
20190114,3.67,3.69,3.58,3.6,3.67,-0.07,-1.9074,220611.8,79892.597,1.45,23.45,3.43,3.65,4.09,5.63,7.17,4.58,6.51
20190111,3.68,3.68,3.61,3.67,3.68,-0.01,-0.2717,259013.45,94501.004,1.45,23.45,3.43,3.65,4.09,5.63,7.17,4.58,23.65
20190110,3.67,3.79,3.65,3.68,3.6,0.08,2.2222,556114.46,206794.021,1.45,23.45,3.43,3.65,4.09,5.63,7.17,4.59,23.02
20190109,3.6,3.68,3.6,3.6,3.61,-0.01,-0.277,287942.79,104885.88,1.45,23.45,3.43,3.65,4.09,5.85,7.17,4.6,6.26
20190108,3.61,3.62,3.57,3.61,3.62,-0.01,-0.2762,171959.77,61899.636,1.45,23.45,3.43,3.65,4.09,5.85,7.17,4.61,5.84
20190107,3.6,3.63,3.57,3.62,3.57,0.05,1.4006,243133.99,87570.43,1.45,23.45,3.43,3.65,4.09,5.85,7.17,4.61,5.38
20190104,3.46,3.58,3.43,3.57,3.48,0.09,2.5862,273576.74,96392.594,1.45,23.45,3.65,3.65,4.09,5.85,7.17,4.62,4.72
20190103,3.54,3.57,3.48,3.48,3.53,-0.05,-1.4164,228309.05,80340.007,1.45,23.45,3.65,3.65,4.09,5.85,7.17,4.63,3.97
20190102,3.56,3.59,3.51,3.53,3.53,0.0,0.0,191702.17,67912.967,1.45,23.45,3.65,3.65,4.09,5.85,7.17,4.64,3.34
20181228,3.53,3.62,3.51,3.53,3.53,0.0,0.0,253517.9,90190.097,1.45,23.45,3.65,3.65,4.09,5.85,7.17,4.64,2.8
20181227,3.74,3.76,3.52,3.53,3.69,-0.16,-4.336,395786.6,143557.328,1.45,23.45,3.65,3.65,4.09,5.85,7.17,4.65,2.09
20181226,3.67,3.72,3.63,3.69,3.67,0.02,0.545,257664.38,94923.916,1.45,23.45,3.65,3.65,4.09,5.85,7.17,4.66,15.68
20181225,3.69,3.72,3.57,3.67,3.77,-0.1,-2.6525,307842.41,112049.661,1.45,23.45,3.65,3.87,4.09,5.85,7.17,4.67,14.97
20181224,3.78,3.82,3.74,3.77,3.82,-0.05,-1.3089,295185.93,111333.663,1.45,23.45,3.65,3.87,4.09,5.85,7.17,4.68,14.03
20181221,3.66,3.87,3.66,3.82,3.69,0.13,3.523,481841.28,183254.111,1.45,23.45,3.65,3.87,4.09,5.85,7.17,4.69,13.34
20181220,3.65,3.71,3.65,3.69,3.66,0.03,0.8197,133551.81,49203.732,1.45,23.45,3.65,3.87,4.09,6.07,7.17,4.7,12.18
20181219,3.72,3.72,3.66,3.66,3.69,-0.03,-0.813,135616.54,49959.759,1.45,23.45,3.65,3.87,4.09,6.07,7.17,4.7,11.86
20181218,3.7,3.74,3.66,3.69,3.72,-0.03,-0.8065,157210.22,58011.68,1.45,23.45,3.65,3.87,4.09,6.07,7.17,4.7,11.53
20181217,3.71,3.74,3.69,3.72,3.71,0.01,0.2695,151738.07,56419.974,1.45,23.45,3.65,3.87,4.09,6.07,7.17,4.71,11.15
20181214,3.84,3.85,3.7,3.71,3.84,-0.13,-3.3854,230946.0,87164.924,1.45,23.45,3.65,3.87,4.09,6.07,7.17,4.71,10.78
20181213,3.83,3.86,3.77,3.84,3.81,0.03,0.7874,209227.03,80103.299,1.45,23.45,3.65,3.87,4.09,6.07,7.17,4.72,10.21
20181212,3.85,3.86,3.77,3.81,3.84,-0.03,-0.7813,180769.13,68919.359,1.45,23.45,3.65,3.87,4.09,6.07,7.17,4.72,9.69
20181211,3.81,3.84,3.8,3.84,3.8,0.04,1.0526,120653.78,46184.892,1.45,23.45,3.65,3.87,4.09,6.07,7.17,4.73,9.23
20181210,3.83,3.84,3.78,3.8,3.84,-0.04,-1.0417,158256.86,60325.974,1.45,23.45,3.65,3.87,4.09,6.07,7.17,4.73,8.93
20181207,3.83,3.87,3.83,3.84,3.83,0.01,0.2611,130858.96,50364.511,1.45,23.45,3.65,3.87,4.09,6.07,7.17,4.73,8.53
20181206,3.86,3.87,3.81,3.83,3.88,-0.05,-1.2887,250123.01,95914.926,1.45,23.45,3.65,3.87,4.09,6.07,7.17,4.74,8.19
20181205,3.86,3.9,3.83,3.88,3.93,-0.05,-1.2723,307935.7,119116.801,1.45,23.45,3.65,3.87,4.09,6.07,7.17,4.74,32.11
20181204,3.95,3.97,3.9,3.93,3.96,-0.03,-0.7576,351427.84,138177.694,1.45,23.45,3.65,3.87,4.09,6.07,7.17,4.75,31.45
20181203,3.97,4.01,3.93,3.96,3.89,0.07,1.7995,457720.68,182006.099,1.45,23.45,3.65,3.87,4.09,6.07,7.17,4.76,30.88
20181130,3.81,3.9,3.81,3.89,3.83,0.06,1.5666,247375.42,95452.242,1.45,23.45,3.65,3.87,4.09,6.07,7.39,4.77,30.11
20181129,4.01,4.01,3.83,3.83,3.98,-0.15,-3.7688,328173.12,129055.998,1.45,23.45,3.65,3.87,4.09,6.07,7.17,4.77,7.4
20181128,3.93,4.0,3.88,3.98,3.87,0.11,2.8424,419476.26,165894.272,1.45,23.45,3.65,3.87,4.09,6.07,7.17,4.78,28.8
20181127,3.86,3.91,3.83,3.87,3.83,0.04,1.0444,256344.1,99173.211,1.45,23.45,3.65,3.87,4.09,6.07,7.39,4.79,7.46
20181126,3.83,3.87,3.8,3.83,3.84,-0.01,-0.2604,213600.74,81955.209,1.45,23.45,3.65,3.87,4.09,6.07,7.39,4.79,7.42
20181123,4.05,4.06,3.82,3.84,4.06,-0.22,-5.4187,478708.8,187892.365,1.45,23.45,3.65,3.87,4.09,6.07,7.39,4.8,6.86
20181122,4.09,4.11,4.05,4.06,4.09,-0.03,-0.7335,381722.1,155579.107,1.45,23.45,3.65,3.87,4.09,6.07,7.39,4.81,25.79
20181121,4.02,4.1,4.01,4.09,4.07,0.02,0.4914,378663.24,153794.944,1.45,23.45,3.65,3.87,4.09,6.07,7.39,4.82,25.54
20181120,4.21,4.24,4.07,4.07,4.25,-0.18,-4.2353,531794.69,220060.491,1.45,23.45,3.65,3.87,4.09,6.29,7.39,4.83,25.28
20181119,4.25,4.29,4.18,4.25,4.29,-0.04,-0.9324,452687.34,191020.785,1.45,23.45,3.65,3.87,4.09,6.29,7.39,4.84,52.0
20181116,4.31,4.37,4.25,4.29,4.32,-0.03,-0.6944,525245.03,226064.287,1.45,23.45,3.65,3.87,4.09,6.29,7.39,4.84,51.63
20181115,4.22,4.43,4.21,4.32,4.25,0.07,1.6471,751792.86,323702.123,1.45,23.45,3.65,3.87,4.09,6.29,7.39,4.85,70.15
20181114,4.15,4.34,4.12,4.25,4.19,0.06,1.432,1021505.36,433792.679,1.45,23.45,3.65,3.87,4.09,6.29,7.39,4.86,53.05
20181113,3.9,4.29,3.88,4.19,3.94,0.25,6.3452,1115647.5,460299.358,1.45,23.45,3.65,3.87,4.09,6.29,7.61,4.88,53.45
20181112,3.79,3.96,3.78,3.94,3.8,0.14,3.6842,399128.62,155436.958,1.45,23.45,3.65,3.87,4.09,6.29,7.61,4.91,29.3
20181109,3.81,3.85,3.78,3.8,3.86,-0.06,-1.5544,255430.57,97421.466,1.45,23.45,3.65,3.87,4.09,6.29,7.61,4.92,8.24
20181108,3.95,3.96,3.84,3.86,3.9,-0.04,-1.0256,209523.63,81769.87,1.45,23.45,3.65,3.87,4.09,6.29,7.61,4.93,7.57
20181107,3.93,3.98,3.9,3.9,3.93,-0.03,-0.7634,318971.39,125567.16,1.45,23.45,3.65,3.87,4.09,6.29,7.61,4.94,27.22
20181106,3.92,3.93,3.84,3.93,3.95,-0.02,-0.5063,335155.66,130110.95,1.45,23.45,3.65,3.87,4.31,6.29,7.61,4.94,26.65
20181105,4.0,4.04,3.89,3.95,4.0,-0.05,-1.25,556078.16,219936.09,1.45,23.45,3.65,3.87,4.31,6.51,7.61,4.96,25.86
20181102,3.93,4.01,3.92,4.0,3.91,0.09,2.3018,582215.5,230666.258,1.45,23.45,3.65,3.87,4.31,6.51,7.61,4.97,24.81
20181101,3.89,4.05,3.83,3.91,3.87,0.04,1.0336,780723.68,306813.718,1.45,23.45,3.65,3.87,4.31,6.51,7.83,4.99,23.69
20181031,3.88,3.93,3.84,3.87,3.87,0.0,0.0,249196.76,97009.206,1.45,23.45,3.65,3.87,4.31,6.51,7.83,5.02,7.79
20181030,3.84,3.93,3.74,3.87,3.88,-0.01,-0.2577,309756.04,119105.158,1.45,23.45,3.65,3.87,4.31,6.51,7.83,5.03,7.74
20181029,3.8,3.91,3.75,3.88,3.82,0.06,1.5707,221966.67,85926.296,1.45,23.45,3.65,3.87,4.31,6.51,7.83,5.04,20.23
20181026,3.83,3.9,3.79,3.82,3.81,0.01,0.2625,194284.1,74633.192,1.45,23.45,3.65,3.87,4.31,6.51,7.83,5.04,7.26
20181025,3.78,3.85,3.71,3.81,3.87,-0.06,-1.5504,233930.57,88082.255,1.45,23.45,3.65,3.87,4.31,6.51,7.83,5.05,6.98
20181024,3.83,3.93,3.82,3.87,3.85,0.02,0.5195,147313.71,57149.646,1.45,23.45,3.65,3.87,4.31,6.51,7.83,5.06,6.36
20181023,3.92,3.93,3.81,3.85,3.91,-0.06,-1.5345,238023.78,92160.373,1.45,23.45,3.65,3.87,4.31,6.51,7.83,5.06,6.33
20181022,3.81,3.98,3.79,3.91,3.77,0.14,3.7135,367819.77,143455.689,1.45,23.45,3.65,3.87,4.31,6.51,7.83,5.07,17.35
20181019,3.65,3.79,3.62,3.77,3.67,0.1,2.7248,269029.08,100717.079,1.45,23.45,3.65,3.87,4.31,6.51,7.83,5.09,6.18
20181018,3.71,3.74,3.63,3.67,3.72,-0.05,-1.3441,217380.6,80306.176,1.45,23.45,3.65,3.87,4.31,6.51,7.83,5.1,5.32
20181017,3.68,3.74,3.64,3.72,3.6,0.12,3.3333,277447.11,102401.784,1.45,23.45,3.87,4.09,4.31,6.51,7.83,5.11,4.62
20181016,3.6,3.68,3.56,3.6,3.58,0.02,0.5587,175787.0,63588.082,1.45,23.45,3.87,4.09,4.31,6.51,7.83,5.12,1.1
20181015,3.63,3.71,3.58,3.58,3.62,-0.04,-1.105,173375.63,63369.898,1.45,23.45,3.87,4.09,4.31,6.51,7.83,5.13,0.81
20181012,3.69,3.72,3.5,3.62,3.69,-0.07,-1.897,372794.82,135330.316,1.45,23.45,3.87,4.09,4.31,6.51,7.83,5.14,0.73
20181011,3.93,4.01,3.69,3.69,4.1,-0.41,-10.0,470672.14,180060.526,1.45,23.45,3.87,4.09,4.31,6.51,7.83,5.15,1.21
20181010,4.09,4.13,4.06,4.1,4.09,0.01,0.2445,140780.95,57800.101,1.45,23.45,3.87,4.09,4.31,6.51,7.83,5.17,36.76
20181009,4.12,4.14,4.05,4.09,4.08,0.01,0.2451,154897.36,63387.681,1.45,23.45,3.87,4.09,4.31,6.51,7.83,5.18,9.9
20181008,4.1,4.19,4.05,4.08,4.26,-0.18,-4.2254,260673.63,107653.68,1.45,23.45,3.87,4.09,4.31,6.51,7.83,5.18,9.89
20180928,4.25,4.29,4.2,4.26,4.23,0.03,0.7092,241489.74,102569.442,1.45,23.45,3.87,4.09,4.31,6.51,7.83,5.19,35.72
20180927,4.28,4.37,4.23,4.23,4.28,-0.05,-1.1682,297416.6,127815.614,1.45,23.45,3.87,4.09,4.31,6.51,7.83,5.2,35.38
20180926,4.31,4.35,4.27,4.28,4.3,-0.02,-0.4651,225900.17,97394.846,1.45,23.45,3.87,4.09,4.31,6.51,7.83,5.2,35.31
20180925,4.38,4.39,4.28,4.3,4.4,-0.1,-2.2727,257861.46,111398.349,1.45,23.45,3.87,4.09,4.31,6.51,7.83,5.21,35.54
20180921,4.37,4.42,4.33,4.4,4.37,0.03,0.6865,244403.76,107093.091,1.45,23.45,3.87,4.09,4.31,6.51,7.83,5.22,55.5
20180920,4.39,4.4,4.35,4.37,4.4,-0.03,-0.6818,231793.4,101339.752,1.45,23.45,3.87,4.09,4.31,6.51,7.83,5.22,55.34
20180919,4.47,4.49,4.4,4.4,4.47,-0.07,-1.566,394785.84,175017.508,1.45,23.45,3.87,4.09,4.31,6.51,7.83,5.23,55.2
20180918,4.31,4.52,4.3,4.47,4.36,0.11,2.5229,410315.21,180271.711,1.45,23.45,3.87,4.09,4.31,6.51,7.83,5.23,54.94
20180917,4.3,4.42,4.29,4.36,4.31,0.05,1.1601,308377.57,134192.285,1.45,23.45,3.87,4.09,4.31,6.51,7.83,5.25,54.46
20180914,4.41,4.41,4.31,4.31,4.39,-0.08,-1.8223,256775.26,111656.273,1.45,23.45,3.87,4.09,4.31,6.51,7.83,5.25,37.86
20180913,4.38,4.44,4.33,4.39,4.35,0.04,0.9195,383343.28,168228.448,1.45,23.45,3.87,4.09,4.31,6.51,7.83,5.26,53.94
20180912,4.38,4.41,4.29,4.35,4.36,-0.01,-0.2294,402042.62,174886.687,1.45,23.45,3.87,4.09,4.31,6.51,7.83,5.27,53.67
20180911,4.14,4.42,4.09,4.36,4.12,0.24,5.8252,682941.65,294378.376,1.45,23.45,3.87,4.09,4.31,6.51,7.83,5.28,53.18
20180910,4.23,4.25,4.09,4.12,4.2,-0.08,-1.9048,256420.76,107357.049,1.45,23.45,3.87,4.09,4.31,6.51,7.83,5.3,40.1
20180907,4.18,4.25,4.16,4.2,4.19,0.01,0.2387,287690.27,121176.23,1.45,23.45,3.87,4.09,4.31,6.51,7.83,5.31,39.77
20180906,4.19,4.28,4.15,4.19,4.17,0.02,0.4796,307306.71,129247.296,1.45,23.45,3.87,4.09,4.31,6.51,7.83,5.32,39.4
20180905,4.1,4.26,4.1,4.17,4.11,0.06,1.4599,439698.62,184591.974,1.45,23.45,3.87,4.09,4.31,6.51,7.83,5.33,39.0
20180904,4.05,4.15,4.02,4.11,4.04,0.07,1.7327,332866.86,136051.521,1.45,23.45,3.87,4.09,4.53,6.51,7.83,5.34,38.42
20180903,3.92,4.06,3.89,4.04,3.95,0.09,2.2785,347957.5,138918.645,1.45,23.45,3.87,4.09,4.53,6.51,7.83,5.35,12.44
20180831,4.11,4.11,3.93,3.95,4.26,-0.31,-7.277,748261.78,301081.096,1.45,23.45,3.87,4.09,4.53,6.51,7.83,5.37,11.6
20180830,4.3,4.33,4.23,4.26,4.29,-0.03,-0.6993,375096.57,160216.971,1.45,23.45,3.87,4.09,4.53,6.73,7.83,5.4,35.34
20180829,4.2,4.36,4.15,4.29,4.19,0.1,2.3866,691137.44,296639.357,1.45,23.45,3.87,4.09,4.75,6.73,8.05,5.42,35.25
20180828,4.23,4.26,4.16,4.19,4.24,-0.05,-1.1792,303250.84,127161.662,1.45,23.45,3.87,4.09,4.97,6.73,8.05,5.44,35.03
20180827,4.13,4.24,4.1,4.24,4.1,0.14,3.4146,335726.48,140515.213,1.45,23.45,3.87,4.09,4.97,6.73,8.05,5.46,34.58
20180824,4.06,4.12,4.04,4.1,4.06,0.04,0.9852,177324.72,72418.905,1.45,23.45,3.87,4.09,4.97,6.73,8.05,5.47,34.11
20180823,4.03,4.1,4.03,4.06,4.02,0.04,0.995,147013.94,59804.863,1.45,23.45,3.87,4.09,4.97,6.73,8.05,5.48,11.22
20180822,4.08,4.09,4.01,4.02,4.08,-0.06,-1.4706,137998.97,55930.154,1.45,23.45,3.87,4.09,5.19,6.73,8.05,5.48,11.04
20180821,4.08,4.12,4.04,4.08,4.07,0.01,0.2457,164852.48,67380.349,1.45,23.45,3.87,4.09,5.19,6.73,8.05,5.49,10.71
20180820,3.97,4.08,3.97,4.07,3.99,0.08,2.005,209356.08,84327.458,1.45,23.45,3.87,4.09,5.19,6.73,8.05,5.5,10.7
20180817,4.1,4.12,3.99,3.99,4.07,-0.08,-1.9656,180818.47,73394.326,1.45,23.45,3.87,4.09,5.19,6.73,8.05,5.51,10.2
20180816,4.03,4.13,4.0,4.07,4.1,-0.03,-0.7317,233988.6,95069.02,1.45,23.45,3.87,4.09,5.41,6.73,8.05,5.51,9.97
20180815,4.18,4.21,4.06,4.1,4.18,-0.08,-1.9139,279648.08,115595.141,1.45,23.45,3.87,4.09,5.41,6.73,8.05,5.52,31.32
20180814,4.22,4.25,4.17,4.18,4.23,-0.05,-1.182,228436.96,96014.17,1.45,23.45,3.87,4.09,5.41,6.73,8.05,5.54,30.75
20180813,4.16,4.26,4.12,4.23,4.22,0.01,0.237,323720.05,135720.273,1.45,23.45,3.87,4.09,5.41,6.73,8.05,5.55,30.4
20180810,4.2,4.26,4.15,4.22,4.21,0.01,0.2375,262496.58,110212.238,1.45,23.45,3.87,4.09,5.63,6.73,8.05,5.56,29.87
20180809,4.03,4.24,4.02,4.21,4.04,0.17,4.2079,400099.1,166534.681,1.45,23.45,3.87,4.09,5.63,6.73,8.05,5.57,29.45
20180808,4.01,4.13,4.0,4.04,4.03,0.01,0.2481,287308.57,116977.527,1.45,23.45,3.87,4.09,5.63,6.73,8.05,5.59,9.93
20180807,3.93,4.05,3.91,4.03,3.9,0.13,3.3333,224994.31,89619.699,1.45,23.45,3.87,4.09,5.63,6.73,8.05,5.6,9.58
20180806,3.91,3.98,3.87,3.9,3.91,-0.01,-0.2558,208190.24,81786.0,1.45,23.45,3.87,4.09,5.63,6.73,8.05,5.61,9.04
20180803,3.97,4.0,3.91,3.91,3.98,-0.07,-1.7588,208876.75,82658.963,1.45,23.45,3.87,4.09,5.63,6.73,8.05,5.62,8.53
20180802,4.11,4.13,3.88,3.98,4.16,-0.18,-4.3269,435416.99,173555.815,1.45,23.45,3.87,4.09,5.63,6.73,8.05,5.64,8.01
20180801,4.24,4.33,4.14,4.16,4.23,-0.07,-1.6548,290875.28,123021.914,1.45,23.45,3.87,4.09,5.63,6.73,8.05,5.66,25.13
20180731,4.2,4.24,4.15,4.23,4.19,0.04,0.9547,180247.31,75889.671,1.45,23.45,3.87,4.09,5.63,6.73,8.05,5.67,24.95
20180730,4.24,4.28,4.17,4.19,4.25,-0.06,-1.4118,258668.36,109226.081,1.45,23.45,3.87,4.09,5.63,6.73,8.05,5.68,24.62
20180727,4.33,4.34,4.25,4.25,4.36,-0.11,-2.5229,291356.3,124984.468,1.45,23.45,3.87,4.09,5.63,6.73,8.05,5.69,24.14
20180726,4.35,4.43,4.31,4.36,4.34,0.02,0.4608,355737.92,155070.394,1.45,23.45,3.87,4.09,5.63,6.73,8.05,5.7,33.0
20180725,4.36,4.47,4.32,4.34,4.34,0.0,0.0,379706.62,165868.574,1.45,23.45,3.87,4.09,5.63,6.73,8.05,5.72,32.46
20180724,4.29,4.42,4.26,4.34,4.31,0.03,0.6961,515840.26,223535.282,1.45,23.45,3.87,4.09,5.85,6.73,8.05,5.73,31.88
20180723,4.2,4.32,4.17,4.31,4.21,0.1,2.3753,429801.83,182734.108,1.45,23.45,3.87,4.09,5.85,6.73,8.05,5.76,24.88
20180720,4.12,4.23,4.1,4.21,4.16,0.05,1.2019,339220.38,141603.57,1.45,23.45,3.87,4.09,5.85,6.73,8.05,5.78,24.6
20180719,4.11,4.19,4.11,4.16,4.12,0.04,0.97,297931.83,123456.751,1.45,23.45,3.87,4.09,5.85,6.73,8.05,5.79,23.97
20180718,4.24,4.29,4.12,4.12,4.24,-0.12,-2.83,427240.83,179342.538,1.45,23.45,3.87,4.09,5.85,6.73,8.05,5.81,23.43
20180717,4.14,4.3,4.11,4.24,4.13,0.11,2.66,565041.27,238735.773,1.45,23.45,3.87,4.09,5.85,6.73,8.05,5.83,22.62
20180716,4.17,4.21,4.11,4.13,4.15,-0.02,-0.48,377926.51,156791.798,1.45,23.45,3.87,4.09,5.85,6.73,8.05,5.86,21.52
20180713,4.01,4.27,3.94,4.15,3.97,0.18,4.53,676501.26,277813.096,1.45,23.45,3.87,4.09,5.85,6.73,8.05,5.88,20.78
20180712,3.85,4.01,3.83,3.97,3.84,0.13,3.39,316292.39,124485.072,1.45,23.45,3.87,4.09,6.07,6.73,8.05,5.92,8.84
20180711,4.0,4.01,3.79,3.85,4.06,-0.21,-5.17,441221.76,171289.658,1.45,23.45,3.87,4.09,6.07,6.73,8.05,5.95,0.58
20180710,4.11,4.12,4.02,4.06,4.1,-0.04,-0.98,270223.82,109620.932,1.45,23.45,3.87,4.09,6.07,6.73,8.05,5.98,6.59
20180709,4.03,4.13,4.02,4.1,4.02,0.08,1.99,275850.13,112474.954,1.45,23.45,3.87,4.09,6.07,6.73,8.05,5.99,6.21
20180706,4.0,4.1,3.88,4.02,3.99,0.03,0.75,313732.83,126146.172,1.45,23.45,3.87,4.09,6.07,6.73,8.05,6.01,5.83
20180705,4.12,4.16,3.98,3.99,4.12,-0.13,-3.16,270307.88,110161.209,1.45,23.45,3.87,4.31,6.07,6.73,8.05,6.03,5.01
20180704,4.2,4.21,4.11,4.12,4.2,-0.08,-1.9,312429.32,129754.399,1.45,23.45,4.09,4.31,6.07,6.73,8.05,6.05,13.43
20180703,4.09,4.22,3.97,4.2,4.06,0.14,3.45,524253.32,215829.966,1.45,23.45,4.09,4.31,6.07,6.73,8.05,6.07,12.72
20180702,4.17,4.2,4.04,4.06,4.18,-0.12,-2.87,296696.07,122422.657,1.45,23.45,4.09,4.53,6.07,6.73,8.05,6.11,4.51
20180629,4.05,4.2,4.03,4.18,4.03,0.15,3.72,386005.2,159884.664,1.45,23.45,4.09,4.53,6.07,6.73,8.05,6.13,10.39
20180628,4.11,4.18,3.99,4.03,4.11,-0.08,-1.95,290840.42,119042.685,1.45,23.45,4.09,4.53,6.07,6.73,8.05,6.15,4.3
20180627,4.13,4.19,4.1,4.11,4.18,-0.07,-1.67,257863.63,106455.823,1.45,23.45,4.09,4.75,6.07,6.73,8.05,6.17,8.36
20180626,3.98,4.23,3.96,4.18,4.03,0.15,3.72,447835.48,185130.323,1.45,23.45,4.09,4.75,6.07,6.73,8.05,6.19,7.71
20180625,3.99,4.27,3.95,4.03,3.95,0.08,2.03,458754.54,188299.048,1.45,23.45,4.09,4.97,6.07,6.73,8.05,6.22,3.75
20180622,3.82,4.0,3.77,3.95,3.84,0.11,2.86,286971.3,112894.403,1.45,23.45,4.31,4.97,6.29,6.73,8.05,6.25,3.59
20180621,4.0,4.04,3.82,3.84,4.01,-0.17,-4.24,326598.9,128429.16,1.45,23.45,4.31,4.97,6.29,6.73,8.05,6.28,0.26
20180620,3.95,4.07,3.91,4.01,3.93,0.08,2.04,361216.77,144222.495,1.45,23.45,4.31,5.19,6.29,6.73,8.05,6.3,1.65
20180619,4.28,4.37,3.93,3.93,4.37,-0.44,-10.07,466316.4,190312.271,1.45,23.45,4.53,5.19,6.29,6.73,8.05,6.33,0.65
20180615,4.5,4.5,4.34,4.37,4.47,-0.1,-2.24,232185.97,102526.723,1.45,23.45,4.53,5.41,6.29,6.73,8.05,6.37,2.1
20180614,4.4,4.52,4.37,4.47,4.42,0.05,1.13,269671.83,120723.788,1.45,23.45,4.75,5.41,6.29,6.73,8.05,6.38,1.47
20180613,4.6,4.62,4.42,4.42,4.62,-0.2,-4.33,271170.21,122406.082,1.45,23.45,4.75,5.63,6.29,6.73,8.05,6.4,0.73
20180612,4.62,4.65,4.55,4.62,4.6,0.02,0.43,217550.4,100364.613,1.45,23.45,4.75,5.63,6.29,6.73,8.05,6.42,2.66
20180611,4.56,4.68,4.55,4.6,4.59,0.01,0.22,225617.91,104022.331,1.45,23.45,4.97,5.63,6.29,6.73,8.05,6.43,2.07
20180608,4.77,4.77,4.53,4.59,4.79,-0.2,-4.18,498707.04,229951.481,1.45,23.45,4.97,5.63,6.29,6.73,8.05,6.45,1.45
20180607,5.02,5.03,4.74,4.79,5.0,-0.21,-4.2,471541.74,228497.852,1.45,23.45,4.97,5.63,6.29,6.73,8.05,6.48,1.69
20180606,5.07,5.08,4.98,5.0,5.06,-0.06,-1.19,184343.89,92333.463,1.45,23.45,5.19,5.63,6.29,6.73,8.05,6.5,4.22
20180605,5.05,5.09,4.97,5.06,5.01,0.05,1.0,185597.64,93353.953,1.45,23.45,5.19,5.63,6.29,6.73,8.05,6.51,3.73
20180604,5.06,5.09,4.98,5.01,5.07,-0.06,-1.18,174525.6,88030.759,1.45,23.45,5.19,5.63,6.29,6.95,8.05,6.52,3.15
20180601,4.99,5.09,4.96,5.07,5.0,0.07,1.4,255382.25,129018.89,1.45,23.45,5.41,5.63,6.29,6.95,8.05,6.53,2.68
20180531,5.01,5.04,4.95,5.0,4.96,0.04,0.81,195370.29,97656.738,1.45,23.45,5.41,5.63,6.29,6.95,8.05,6.54,1.86
20180530,5.19,5.19,4.95,4.96,5.26,-0.3,-5.7,327526.29,166160.791,1.45,23.45,5.41,5.63,6.29,6.95,8.05,6.55,0.31
20180529,5.25,5.32,5.21,5.26,5.24,0.02,0.38,169439.62,89192.716,1.45,23.45,5.63,5.63,6.29,6.95,8.05,6.57,1.64
20180528,5.38,5.39,5.22,5.24,5.37,-0.13,-2.42,260848.07,137894.425,1.45,23.45,5.63,5.63,6.29,6.95,8.05,6.58,1.18
20180525,5.56,5.59,5.37,5.37,5.57,-0.2,-3.59,340962.99,185888.096,1.45,23.45,5.63,5.63,6.29,6.95,8.05,6.58,0.46
20180524,5.63,5.66,5.56,5.57,5.63,-0.06,-1.07,159981.39,89732.534,1.45,23.45,5.63,5.85,6.29,6.95,8.05,6.6,2.13
20180523,5.69,5.7,5.62,5.63,5.7,-0.07,-1.23,154524.27,87345.578,1.45,23.45,5.63,5.85,6.29,6.95,8.05,6.6,1.88
20180522,5.75,5.76,5.65,5.7,5.75,-0.05,-0.87,223593.27,127433.934,1.45,23.45,5.63,5.85,6.29,6.95,8.05,6.61,13.86
20180521,5.69,5.78,5.68,5.75,5.66,0.09,1.59,207533.17,119075.204,1.45,23.45,5.63,5.85,6.51,6.95,8.05,6.61,13.35
20180518,5.67,5.68,5.61,5.66,5.65,0.01,0.18,129180.52,72918.767,1.45,23.45,5.63,5.85,6.51,6.95,8.05,6.62,12.88
20180517,5.68,5.73,5.61,5.65,5.64,0.01,0.18,120444.42,68253.87,1.45,23.45,5.63,5.85,6.51,6.95,8.05,6.62,12.52
20180516,5.69,5.75,5.64,5.64,5.73,-0.09,-1.57,144322.12,82265.807,1.45,23.45,5.63,5.85,6.51,6.95,8.05,6.63,1.74
20180515,5.67,5.73,5.61,5.73,5.65,0.08,1.42,165845.58,94084.509,1.45,23.45,5.63,5.85,6.51,6.95,8.05,6.63,11.84
20180514,5.74,5.77,5.63,5.65,5.75,-0.1,-1.74,180941.04,103343.254,1.45,23.45,5.63,5.85,6.51,6.95,8.05,6.63,11.37
20180511,5.75,5.8,5.69,5.75,5.75,0.0,0.0,193970.35,111525.14,1.45,23.45,5.63,5.85,6.51,6.95,8.05,6.64,10.85
20180510,5.75,5.8,5.69,5.75,5.75,0.0,0.0,183378.9,105330.333,1.45,23.45,5.63,5.85,6.51,6.95,8.05,6.64,10.38
20180509,5.8,5.83,5.74,5.75,5.8,-0.05,-0.86,201968.17,116851.568,1.45,23.45,5.63,5.85,6.51,6.95,8.05,6.65,9.94
20180508,5.79,5.82,5.76,5.8,5.83,-0.03,-0.51,190461.36,110354.71,1.45,23.45,5.63,5.85,6.51,6.95,8.05,6.65,9.45
20180507,5.78,5.87,5.74,5.83,5.79,0.04,0.69,292300.28,169647.891,1.45,23.45,5.63,5.85,6.51,6.95,8.05,6.66,8.98
20180504,5.71,5.83,5.68,5.79,5.7,0.09,1.58,244354.53,141241.681,1.45,23.45,5.63,5.85,6.51,6.95,8.05,6.67,8.24
20180503,5.75,5.75,5.56,5.7,5.71,-0.01,-0.18,202152.9,114450.826,1.45,23.45,5.63,5.85,6.51,6.95,8.05,6.67,7.61
20180502,5.7,5.75,5.61,5.71,5.7,0.01,0.18,162371.42,92225.26,1.45,23.45,5.63,5.85,6.51,6.95,8.05,6.68,6.99
20180427,5.6,5.75,5.57,5.7,5.54,0.16,2.89,231890.33,131827.696,1.45,23.45,5.63,5.85,6.51,6.95,8.05,6.69,6.49
20180426,5.79,5.8,5.52,5.54,5.76,-0.22,-3.82,239734.93,135722.053,1.45,23.45,5.63,5.85,6.51,6.95,8.05,6.69,1.41
20180425,5.74,5.82,5.73,5.76,5.8,-0.04,-0.69,150385.05,86814.181,1.45,23.45,5.63,6.07,6.51,6.95,8.05,6.7,5.02
20180424,5.66,5.81,5.63,5.8,5.66,0.14,2.47,186816.47,107504.664,1.45,23.45,5.85,6.07,6.51,6.95,8.05,6.7,4.62
20180423,5.77,5.83,5.56,5.66,5.77,-0.11,-1.91,264884.2,150982.648,1.45,23.45,5.85,6.07,6.51,6.95,8.05,6.71,4.03
20180420,6.03,6.05,5.72,5.77,6.03,-0.26,-4.31,304717.84,180013.413,1.45,23.45,5.85,6.07,6.51,6.95,8.05,6.72,3.18
20180419,6.0,6.09,5.97,6.03,6.02,0.01,0.17,257804.7,155860.518,1.45,23.45,5.85,6.07,6.51,6.95,8.05,6.73,11.78
20180418,5.92,6.04,5.82,6.02,5.87,0.15,2.56,337219.07,200006.639,1.45,23.45,5.85,6.07,6.51,6.95,8.05,6.73,11.17
20180417,6.04,6.05,5.87,5.87,6.01,-0.14,-2.33,305179.5,182101.512,1.45,23.45,5.85,6.07,6.51,6.95,8.05,6.74,2.97
20180416,6.02,6.1,5.94,6.01,6.03,-0.02,-0.33,328753.56,198011.462,1.45,23.45,5.85,6.07,6.51,6.95,8.05,6.75,9.43
20180413,6.05,6.1,6.01,6.03,6.01,0.02,0.33,254888.38,154114.068,1.45,23.45,5.85,6.07,6.51,6.95,8.05,6.76,9.0
20180412,6.06,6.13,6.01,6.01,6.07,-0.06,-0.99,319856.3,193839.403,1.45,23.45,5.85,6.07,6.51,7.17,8.05,6.76,8.66
20180411,6.08,6.15,6.05,6.07,6.07,0.0,0.0,352293.34,214739.187,1.45,23.45,5.85,6.07,6.51,7.17,8.05,6.77,8.22
20180410,6.3,6.31,5.99,6.07,6.38,-0.31,-4.86,915107.6,557161.438,1.45,23.45,5.85,6.07,6.51,7.17,8.05,6.77,8.16
20180409,6.36,6.47,6.31,6.38,6.38,0.0,0.0,400653.8,255982.021,1.45,23.45,5.85,6.07,6.51,7.17,8.05,6.79,35.05
20180404,6.58,6.6,6.38,6.38,6.54,-0.16,-2.45,555484.61,359483.683,1.45,23.45,5.85,6.07,6.51,7.17,8.05,6.8,34.45
20180403,6.68,6.73,6.44,6.54,6.81,-0.27,-3.96,737448.65,486351.254,1.45,23.45,5.85,6.07,6.51,7.39,8.05,6.8,60.01
20180402,6.92,6.97,6.78,6.81,6.93,-0.12,-1.73,805370.12,553000.899,1.45,23.45,5.85,6.07,6.51,7.39,8.27,6.81,79.23
20180330,6.73,6.94,6.69,6.93,6.67,0.26,3.9,1169718.23,798635.195,1.45,23.45,5.85,6.07,6.51,7.39,8.27,6.8,79.45
20180329,6.7,6.86,6.58,6.67,6.72,-0.05,-0.74,726925.67,485705.21,1.45,23.45,5.85,6.07,6.51,7.39,8.27,6.8,63.48
20180328,6.61,6.84,6.6,6.72,6.76,-0.04,-0.59,754322.8,504379.174,1.45,23.45,5.85,6.07,6.51,7.39,8.27,6.8,64.07
20180327,6.46,6.92,6.42,6.76,6.41,0.35,5.46,919138.94,613718.286,1.45,23.45,5.85,6.07,6.51,7.61,8.27,6.8,78.38
20180326,6.24,6.42,6.11,6.41,6.3,0.11,1.75,410482.39,258889.445,1.45,23.45,5.85,6.07,6.51,7.61,8.27,6.8,41.11
20180323,6.47,6.64,6.21,6.3,6.69,-0.39,-5.83,784179.53,505996.406,1.45,23.45,5.85,6.07,6.51,7.61,8.49,6.8,22.97
20180322,6.47,6.73,6.3,6.69,6.44,0.25,3.88,775977.56,510023.168,1.45,23.45,5.85,6.07,6.51,7.61,8.49,6.81,63.41
20180321,6.5,6.63,6.36,6.44,6.43,0.01,0.16,445535.14,289815.969,1.45,23.45,5.85,6.07,6.51,7.61,8.49,6.82,39.84
20180320,6.35,6.43,6.26,6.43,6.46,-0.03,-0.46,471302.95,299502.293,1.45,23.45,5.85,6.07,6.51,7.61,8.49,6.82,39.79
20180319,6.5,6.6,6.4,6.46,6.49,-0.03,-0.46,429348.94,279253.992,1.45,23.45,5.85,6.07,6.51,7.61,8.71,6.83,38.94
20180316,6.61,6.66,6.48,6.49,6.61,-0.12,-1.82,356731.64,235007.614,1.45,23.45,5.85,6.07,6.51,7.61,8.71,6.83,38.87
20180315,6.58,6.67,6.46,6.61,6.63,-0.02,-0.3,485090.15,318320.602,1.45,23.45,5.85,6.07,6.51,7.61,8.71,6.84,60.62
20180314,6.72,6.8,6.59,6.63,6.81,-0.18,-2.64,540456.1,362380.274,1.45,23.45,5.85,6.07,6.51,7.61,8.71,6.84,60.14
20180313,6.81,6.95,6.72,6.81,6.82,-0.01,-0.15,830075.48,568015.272,1.45,23.45,5.85,6.07,6.51,7.61,8.71,6.84,73.99
20180312,6.84,6.89,6.76,6.82,6.79,0.03,0.44,821698.44,560280.753,1.45,23.45,5.85,6.07,6.51,7.61,8.71,6.84,73.59
20180309,6.51,6.86,6.5,6.79,6.51,0.28,4.3,1126617.81,757445.807,1.45,23.45,5.63,6.07,6.51,7.83,8.93,6.84,73.58
20180308,6.48,6.59,6.47,6.51,6.5,0.01,0.15,297538.26,194247.159,1.45,23.45,5.63,6.07,6.51,7.83,8.93,6.84,44.88
20180307,6.61,6.63,6.5,6.5,6.66,-0.16,-2.4,373029.04,244311.376,1.45,23.45,5.63,6.07,6.51,7.83,8.93,6.84,45.26
20180306,6.71,6.73,6.54,6.66,6.72,-0.06,-0.89,588377.14,389730.967,1.45,23.45,5.63,6.07,6.51,7.83,8.93,6.85,63.67
20180305,6.58,6.73,6.47,6.72,6.53,0.19,2.91,552681.21,366234.965,1.45,23.45,5.63,6.07,6.51,7.83,8.93,6.85,63.44
20180302,6.68,6.79,6.52,6.53,6.76,-0.23,-3.4,605576.91,401275.413,1.45,23.45,5.63,6.07,6.51,7.83,9.15,6.85,47.59
20180301,6.5,6.77,6.46,6.76,6.55,0.21,3.21,727230.19,483887.613,1.45,23.45,5.63,6.07,6.51,7.83,9.15,6.85,70.31
20180228,6.47,6.84,6.41,6.55,6.55,0.0,0.0,800949.95,530000.238,1.45,23.45,5.63,5.85,6.51,7.83,9.15,6.86,63.1
20180227,6.4,6.64,6.37,6.55,6.4,0.15,2.34,828447.22,538406.717,1.45,23.45,5.63,5.85,6.29,7.83,9.15,6.86,63.16
20180226,6.14,6.4,6.09,6.4,6.13,0.27,4.4,567891.97,356592.609,1.45,23.45,5.63,5.85,6.29,7.83,9.15,6.87,51.3
20180223,6.24,6.3,6.07,6.13,6.28,-0.15,-2.39,367946.5,226610.27,1.45,23.45,5.63,5.85,6.29,7.83,9.15,6.88,35.36
20180222,6.22,6.32,6.14,6.28,6.12,0.16,2.61,350486.98,218483.157,1.45,23.45,5.63,5.85,6.51,7.83,9.15,6.89,34.63
20180214,6.48,6.5,6.11,6.12,6.41,-0.29,-4.52,445592.01,278384.292,1.45,23.45,5.63,5.85,6.51,7.83,9.15,6.9,34.53
20180213,6.48,6.55,6.37,6.41,6.49,-0.08,-1.23,483265.34,311737.393,1.45,23.45,5.63,5.85,6.51,7.83,9.15,6.9,48.41
20180212,6.5,6.61,6.36,6.49,6.41,0.08,1.25,568528.39,370086.199,1.45,23.45,5.63,5.85,6.51,7.83,9.15,6.91,48.53
20180209,6.25,6.58,6.21,6.41,6.46,-0.05,-0.77,1004088.62,643398.743,1.45,23.45,5.63,5.85,6.51,7.83,9.15,6.92,48.66
20180208,6.22,6.53,6.19,6.46,6.21,0.25,4.03,884437.46,567265.594,1.45,23.45,5.63,5.85,6.51,7.83,9.15,6.93,48.14
20180207,6.16,6.34,5.9,6.21,6.01,0.2,3.33,821797.71,507503.544,1.45,23.45,5.63,5.85,6.51,8.05,9.37,6.95,37.79
20180206,6.1,6.35,6.0,6.01,6.21,-0.2,-3.22,601475.54,371351.124,1.45,23.45,5.63,5.85,6.51,8.05,9.37,6.97,19.31
20180205,6.0,6.26,5.97,6.21,6.13,0.08,1.31,431765.01,266242.658,1.45,23.45,5.63,5.85,6.51,8.05,9.37,6.99,36.45
20180202,6.11,6.24,5.96,6.13,6.01,0.12,2.0,555574.46,341816.549,1.45,23.45,5.63,5.85,6.51,8.05,9.37,7.0,35.62
20180201,6.17,6.31,5.96,6.01,6.06,-0.05,-0.83,601825.79,370765.914,1.45,23.45,5.63,5.85,6.51,8.05,9.37,7.02,19.86
20180131,6.15,6.32,6.06,6.06,6.49,-0.43,-6.63,652737.29,405039.666,1.45,23.45,5.63,5.85,6.51,8.05,9.37,7.04,20.03
20180130,6.64,6.76,6.46,6.49,6.7,-0.21,-3.13,478186.78,313983.676,1.45,23.45,5.63,5.85,6.73,8.05,9.37,7.06,39.26
20180129,6.6,6.9,6.57,6.7,6.66,0.04,0.6,665622.31,446835.378,1.45,23.45,5.63,5.85,6.73,8.05,9.37,7.06,48.78
20180126,6.49,6.75,6.42,6.66,6.47,0.19,2.94,750456.67,496114.882,1.45,23.45,5.63,5.85,6.73,8.05,9.37,7.07,48.93
20180125,6.51,6.94,6.45,6.47,6.59,-0.12,-1.82,1231928.33,825606.396,1.45,23.45,5.63,5.85,6.73,8.05,9.59,7.08,41.7
20180124,6.14,6.68,6.12,6.59,6.18,0.41,6.63,1216969.58,785906.487,1.45,23.45,5.63,5.85,6.73,8.05,9.59,7.1,47.13
20180123,6.07,6.19,6.03,6.18,6.11,0.07,1.15,388459.45,237014.321,1.45,23.45,5.63,5.85,6.95,8.05,9.59,7.13,38.15
20180122,5.87,6.12,5.74,6.11,5.87,0.24,4.09,535300.99,321332.025,1.45,23.45,5.63,5.85,6.95,8.05,9.59,7.14,37.43
20180119,5.94,6.0,5.86,5.87,5.92,-0.05,-0.84,216616.54,128257.93,1.45,23.45,5.63,5.85,6.95,8.05,9.59,7.17,10.35
20180118,5.94,6.09,5.92,5.92,5.98,-0.06,-1.0,257055.56,153834.63,1.45,23.45,5.63,5.85,7.17,8.05,9.59,7.18,22.95
20180117,5.76,6.03,5.66,5.98,5.86,0.12,2.05,462871.46,271150.761,1.45,23.45,5.63,5.85,7.17,8.05,9.59,7.19,22.45
20180116,5.84,5.97,5.83,5.86,5.84,0.02,0.34,240564.0,141667.169,1.45,23.45,5.63,5.85,7.17,8.05,9.59,7.21,9.83
20180115,5.99,6.05,5.82,5.84,6.11,-0.27,-4.42,533893.28,315292.191,1.45,23.45,5.63,5.85,7.17,8.05,9.59,7.22,9.8
20180112,6.15,6.46,6.1,6.11,6.08,0.03,0.49,866395.64,542496.832,1.45,23.45,5.63,5.85,7.17,8.05,9.59,7.25,32.03
20180111,5.87,6.14,5.84,6.08,5.84,0.24,4.11,630909.63,380779.61,1.45,23.45,5.63,5.85,7.39,8.05,9.59,7.28,19.88
20180110,5.89,5.95,5.81,5.84,5.94,-0.1,-1.68,306164.47,180027.179,1.45,23.45,5.63,5.85,7.39,8.05,9.59,7.31,10.13
20180109,5.72,6.07,5.68,5.94,5.76,0.18,3.13,628065.93,369908.081,1.45,23.45,5.63,5.85,7.39,8.05,9.59,7.32,18.04
20180108,5.73,5.77,5.63,5.76,5.73,0.03,0.52,345132.07,196787.823,1.45,23.45,5.63,5.85,7.39,8.05,9.59,7.35,10.03
20180105,5.69,5.76,5.67,5.73,5.71,0.02,0.35,238293.71,136246.244,1.45,23.45,5.63,5.85,7.39,8.05,9.59,7.38,8.99
20180104,5.72,5.74,5.65,5.71,5.69,0.02,0.35,225202.67,128145.889,1.45,23.45,5.63,6.07,7.39,8.05,9.59,7.39,8.38
20180103,5.62,5.73,5.59,5.69,5.62,0.07,1.25,236511.47,134086.389,1.45,23.45,5.63,6.07,7.39,8.05,9.59,7.4,7.8
20180102,5.56,5.65,5.55,5.62,5.56,0.06,1.08,192402.07,107792.929,1.45,23.45,5.63,6.07,7.39,8.05,9.59,7.42,4.08
20171229,5.5,5.56,5.48,5.56,5.5,0.06,1.09,185567.1,102675.945,1.45,23.45,5.63,6.07,7.39,8.05,9.59,7.43,3.79
20171228,5.46,5.54,5.45,5.5,5.45,0.05,0.92,206307.38,113497.696,1.45,23.45,5.63,6.07,7.39,8.05,9.81,7.44,3.28
20171227,5.43,5.54,5.42,5.45,5.45,0.0,0.0,225801.05,123888.031,1.45,23.45,5.63,6.07,7.39,8.27,9.81,7.46,2.71
20171226,5.41,5.51,5.4,5.45,5.43,0.02,0.37,276761.8,151005.256,1.45,23.45,5.85,6.07,7.39,8.27,9.81,7.47,2.08
20171225,5.66,5.66,5.39,5.43,5.66,-0.23,-4.06,351677.43,193423.44,1.45,23.45,5.85,6.07,7.39,8.27,9.81,7.49,1.17
20171222,5.73,5.76,5.64,5.66,5.72,-0.06,-1.05,184110.01,104887.057,1.45,23.45,5.85,6.07,7.61,8.27,9.81,7.52,1.93
20171221,5.76,5.79,5.57,5.72,5.77,-0.05,-0.87,321719.75,183024.604,1.45,23.45,5.85,6.07,7.61,8.27,9.81,7.53,1.41
20171220,6.0,6.01,5.71,5.77,6.0,-0.23,-3.83,321804.24,189273.507,1.45,23.45,5.85,6.07,7.61,8.27,9.81,7.55,0.35
20171219,5.97,6.03,5.96,6.0,5.96,0.04,0.67,180606.02,108252.75,1.45,23.45,5.85,6.07,7.61,8.27,9.81,7.57,5.22
20171218,6.06,6.08,5.95,5.96,6.06,-0.1,-1.65,208459.37,125167.242,1.45,23.45,6.07,6.07,7.61,8.27,9.81,7.58,4.74
20171215,6.03,6.1,6.01,6.06,6.04,0.02,0.33,203833.06,123282.706,1.45,23.45,6.07,6.07,7.61,8.27,9.81,7.59,4.18
20171214,6.05,6.07,6.0,6.04,6.07,-0.03,-0.49,213204.71,128502.585,1.45,23.45,6.07,6.07,7.61,8.27,9.81,7.6,3.87
20171213,6.09,6.13,6.03,6.07,6.12,-0.05,-0.82,251242.11,152553.89,1.45,23.45,6.07,6.07,7.61,8.27,9.81,7.61,3.29
20171212,6.26,6.26,6.11,6.12,6.25,-0.13,-2.08,258379.19,159685.439,1.45,23.45,6.07,6.29,7.61,8.27,9.81,7.63,14.66
20171211,6.23,6.31,6.19,6.25,6.2,0.05,0.81,287104.04,179491.354,1.45,23.45,6.07,6.29,7.61,8.27,9.81,7.64,14.07
20171208,6.17,6.3,6.17,6.2,6.2,0.0,0.0,327829.81,204516.812,1.45,23.45,6.07,6.29,7.61,8.27,9.81,7.66,13.4
20171207,6.15,6.27,6.11,6.2,6.17,0.03,0.49,455976.26,282663.868,1.45,23.45,6.07,6.29,7.61,8.27,9.81,7.67,12.63
20171206,5.99,6.22,5.99,6.17,6.01,0.16,2.66,465137.47,284701.66,1.45,23.45,6.07,6.51,7.61,8.27,9.81,7.7,11.53
20171205,6.03,6.15,5.99,6.01,6.04,-0.03,-0.5,286015.99,173259.129,1.45,23.45,6.07,6.51,7.61,8.27,9.81,7.73,2.87
20171204,6.14,6.17,6.02,6.04,6.18,-0.14,-2.27,259353.89,158276.661,1.45,23.45,6.07,6.73,7.61,8.27,9.81,7.74,2.42
20171201,5.99,6.28,5.97,6.18,6.01,0.17,2.83,452410.09,280052.483,1.45,23.45,6.07,6.73,7.61,8.27,9.81,7.76,8.47
20171130,6.01,6.09,6.0,6.01,6.05,-0.04,-0.66,159680.88,96383.771,1.45,23.45,6.07,6.73,7.61,8.49,9.81,7.79,2.14
20171129,6.08,6.11,5.99,6.05,6.1,-0.05,-0.82,202327.62,122194.564,1.45,23.45,6.07,6.73,7.61,8.49,9.81,7.8,1.7
20171128,6.03,6.14,6.0,6.1,6.04,0.06,0.99,221627.9,134879.749,1.45,23.45,6.07,6.73,7.61,8.49,9.81,7.81,5.85
20171127,5.99,6.15,5.97,6.04,6.02,0.02,0.33,225922.34,137149.083,1.45,23.45,6.07,6.73,7.61,8.49,9.81,7.82,1.27
20171124,6.02,6.13,6.0,6.02,6.09,-0.07,-1.15,248964.76,150707.027,1.45,23.45,6.29,6.73,7.61,8.49,9.81,7.84,0.9
20171123,6.18,6.3,6.08,6.09,6.2,-0.11,-1.77,353890.04,218730.395,1.45,23.45,6.29,6.73,7.61,8.49,9.81,7.85,0.49
20171122,6.16,6.26,6.12,6.2,6.17,0.03,0.49,234449.67,145040.306,1.45,23.45,6.51,6.95,7.61,8.49,9.81,7.88,2.38
20171121,6.2,6.24,6.1,6.17,6.21,-0.04,-0.64,211335.86,130537.244,1.45,23.45,6.51,6.95,7.61,8.49,9.81,7.89,1.73
20171120,6.26,6.27,6.08,6.21,6.27,-0.06,-0.96,231946.5,143034.941,1.45,23.45,6.51,6.95,7.61,8.49,9.81,7.9,1.14
20171117,6.71,6.73,6.21,6.27,6.73,-0.46,-6.84,470384.94,303227.546,1.45,23.45,6.73,6.95,7.61,8.49,9.81,7.92,0.37
20171116,6.67,6.85,6.58,6.73,6.67,0.06,0.9,323064.15,217527.675,1.45,23.45,6.73,6.95,7.83,8.71,9.81,7.95,3.33
20171115,6.68,6.76,6.63,6.67,6.7,-0.03,-0.45,193270.28,129218.208,1.45,23.45,6.73,7.17,7.83,8.71,10.03,7.96,2.83
20171114,6.71,6.81,6.67,6.7,6.72,-0.02,-0.3,211856.32,142699.686,1.45,23.45,6.73,7.17,7.83,8.71,10.03,7.97,2.53
20171113,6.77,6.84,6.66,6.72,6.77,-0.05,-0.74,240474.27,162197.774,1.45,23.45,6.73,7.17,7.83,8.71,10.03,7.98,2.19
20171110,6.8,6.82,6.72,6.77,6.82,-0.05,-0.73,211527.25,143066.601,1.45,23.45,6.73,7.17,7.83,8.71,10.03,7.99,7.64
20171109,6.83,6.87,6.76,6.82,6.87,-0.05,-0.73,304270.39,207154.051,1.45,23.45,6.73,7.17,7.83,8.71,10.03,8.0,6.99
20171108,6.77,6.98,6.75,6.87,6.79,0.08,1.18,416902.39,287619.011,1.45,23.45,6.73,7.17,7.83,8.71,10.03,8.01,6.19
20171107,6.66,6.85,6.62,6.79,6.66,0.13,1.95,301485.89,202331.207,1.45,23.45,6.73,7.17,7.83,8.71,10.03,8.02,5.59
20171106,6.66,6.7,6.53,6.66,6.66,0.0,0.0,193131.19,127367.305,1.45,23.45,6.95,7.17,7.83,8.71,10.03,8.04,1.57
20171103,6.73,6.78,6.61,6.66,6.67,-0.01,-0.15,204060.66,136661.672,1.45,23.45,6.95,7.17,7.83,8.71,10.03,8.05,1.03
20171102,6.85,6.85,6.67,6.67,6.86,-0.19,-2.77,279705.41,188522.525,1.45,23.45,6.95,7.39,7.83,8.71,10.03,8.06,0.7
20171101,6.86,6.95,6.85,6.86,6.84,0.02,0.29,167392.32,115370.812,1.45,23.45,6.95,7.39,7.83,8.93,10.03,8.07,2.2
20171031,6.8,6.89,6.8,6.84,6.83,0.01,0.15,153423.73,104959.915,1.45,23.45,6.95,7.39,7.83,8.93,10.03,8.08,1.73
20171030,7.14,7.15,6.81,6.83,7.22,-0.39,-5.4,530884.3,366090.07,1.45,23.45,7.17,7.39,7.83,8.93,10.03,8.09,1.3
20171027,7.36,7.38,7.21,7.22,7.35,-0.13,-1.77,209434.18,152591.348,1.45,23.45,7.17,7.39,7.83,8.93,10.03,8.11,10.95
20171026,7.24,7.37,7.24,7.35,7.26,0.09,1.24,320044.19,233979.562,1.45,23.45,7.17,7.39,7.83,8.93,10.03,8.12,10.43
20171025,7.21,7.28,7.19,7.26,7.21,0.05,0.69,152556.34,110373.902,1.45,23.45,7.17,7.39,7.83,8.93,10.03,8.13,9.63
20171024,7.27,7.27,7.15,7.21,7.28,-0.07,-0.96,173492.0,125052.457,1.45,23.45,7.17,7.39,7.83,8.93,10.03,8.13,9.25
20171023,7.28,7.31,7.24,7.28,7.26,0.02,0.28,137308.73,99856.986,1.45,23.45,7.17,7.39,7.83,8.93,10.03,8.13,8.73
20171020,7.2,7.27,7.16,7.26,7.15,0.11,1.54,180671.0,130390.577,1.45,23.45,7.17,7.39,7.83,8.93,10.03,8.14,8.38
20171019,7.28,7.3,7.1,7.15,7.28,-0.13,-1.79,243455.68,175136.557,1.45,23.45,7.17,7.39,7.83,8.93,10.03,8.15,2.9
20171018,7.29,7.46,7.26,7.28,7.3,-0.02,-0.27,290406.07,213740.958,1.45,23.45,7.17,7.39,7.83,8.93,10.03,8.15,7.09
20171017,7.3,7.36,7.27,7.3,7.27,0.03,0.41,213731.73,156258.593,1.45,23.45,7.17,7.39,7.83,8.93,10.03,8.16,6.68
20171016,7.65,7.65,7.27,7.27,7.69,-0.42,-5.46,731640.86,541871.384,1.45,23.45,7.17,7.39,7.83,8.93,10.03,8.17,6.12
20171013,7.67,7.72,7.65,7.69,7.65,0.04,0.52,202509.24,155654.711,1.45,23.45,7.17,7.39,7.83,9.15,10.03,8.18,35.91
20171012,7.68,7.77,7.6,7.65,7.7,-0.05,-0.65,233670.56,179332.266,1.45,23.45,7.17,7.39,7.83,9.15,10.03,8.19,35.61
20171011,7.75,7.76,7.68,7.7,7.78,-0.08,-1.03,272133.24,210005.496,1.45,23.45,7.17,7.39,7.83,9.15,10.03,8.19,35.14
20171010,7.59,7.79,7.59,7.78,7.58,0.2,2.64,530351.55,408931.301,1.45,23.45,7.17,7.39,7.83,9.15,10.03,8.2,34.73
20171009,7.55,7.66,7.53,7.58,7.47,0.11,1.47,285082.12,216419.244,1.45,23.45,7.17,7.39,7.83,9.15,10.03,8.2,16.94
20170929,7.45,7.52,7.43,7.47,7.42,0.05,0.67,214303.82,160366.051,1.45,23.45,7.17,7.39,7.83,9.15,10.25,8.21,16.65
20170928,7.53,7.56,7.42,7.42,7.52,-0.1,-1.33,213597.06,159671.41,1.45,23.45,7.17,7.39,7.83,9.15,10.25,8.22,16.17
20170927,7.53,7.58,7.49,7.52,7.43,0.09,1.21,259936.38,195747.979,1.45,23.45,7.17,7.39,7.83,9.15,10.25,8.22,15.69
20170926,7.41,7.47,7.33,7.43,7.39,0.04,0.54,236871.35,175377.01,1.45,23.45,7.17,7.39,7.83,9.15,10.25,8.23,15.1
20170925,7.53,7.6,7.38,7.39,7.55,-0.16,-2.12,250394.98,187586.277,1.45,23.45,7.17,7.61,7.83,9.15,10.25,8.24,6.22
20170922,7.68,7.68,7.53,7.55,7.71,-0.16,-2.08,339567.4,257320.387,1.45,23.45,7.17,7.61,7.83,9.15,10.25,8.24,13.68
20170921,7.79,7.87,7.7,7.71,7.79,-0.08,-1.03,310428.08,241799.956,1.45,23.45,7.17,7.61,7.83,9.15,10.25,8.25,29.12
20170920,7.7,7.8,7.66,7.79,7.69,0.1,1.3,314726.81,243256.958,1.45,23.45,7.17,7.61,7.83,9.15,10.25,8.26,28.95
20170919,7.83,7.87,7.68,7.69,7.84,-0.15,-1.91,355670.87,276561.985,1.45,23.45,7.17,7.61,7.83,9.15,10.25,8.26,28.4
20170918,7.76,7.87,7.75,7.84,7.77,0.07,0.9,283346.63,221449.649,1.45,23.45,7.17,7.61,7.83,9.15,10.25,8.27,28.18
20170915,7.81,7.84,7.74,7.77,7.78,-0.01,-0.13,241811.76,188043.502,1.45,23.45,7.17,7.61,8.05,9.15,10.25,8.27,28.0
20170914,7.87,7.9,7.75,7.78,7.87,-0.09,-1.14,429076.32,335531.911,1.45,23.45,7.17,7.61,8.05,9.15,10.25,8.28,27.57
20170913,7.9,7.96,7.83,7.87,7.91,-0.04,-0.51,410841.1,323729.808,1.45,23.45,7.17,7.61,8.05,9.15,10.25,8.28,48.39
20170912,8.14,8.15,7.9,7.91,8.14,-0.23,-2.83,810604.22,648901.75,1.45,23.45,7.17,7.61,8.05,9.15,10.25,8.29,47.8
20170911,8.18,8.19,8.06,8.14,8.15,-0.01,-0.12,517700.45,420216.184,1.45,23.45,7.17,7.61,8.05,9.15,10.25,8.29,69.44
20170908,8.04,8.28,8.01,8.15,8.08,0.07,0.87,913803.25,746037.123,1.45,23.45,7.17,7.39,8.05,9.37,10.25,8.3,69.1
20170907,8.12,8.24,8.0,8.08,8.16,-0.08,-0.98,857496.87,696258.911,1.45,23.45,7.17,7.39,8.05,9.37,10.25,8.3,68.47
20170906,7.98,8.19,7.9,8.16,8.0,0.16,2.0,918259.03,740927.402,1.45,23.45,7.17,7.39,7.83,9.37,10.25,8.31,67.86
20170905,8.06,8.13,7.98,8.0,8.05,-0.05,-0.62,517849.08,416621.448,1.45,23.45,7.17,7.39,7.83,9.37,10.25,8.31,52.69
20170904,7.94,8.15,7.9,8.05,7.96,0.09,1.13,784186.25,630041.022,1.45,23.45,7.17,7.39,7.83,9.37,10.25,8.32,52.89
20170901,7.85,7.97,7.81,7.96,7.87,0.09,1.14,539959.38,426604.426,1.45,23.45,7.17,7.39,7.83,9.37,10.25,8.32,53.19
20170831,7.8,7.91,7.78,7.87,7.8,0.07,0.9,414772.4,325800.592,1.45,23.45,7.17,7.39,7.83,9.37,10.25,8.33,52.51
20170830,7.78,7.88,7.75,7.8,7.79,0.01,0.13,370785.54,289912.953,1.45,23.45,7.17,7.39,7.83,9.37,10.47,8.34,34.68
20170829,7.91,7.97,7.77,7.79,7.94,-0.15,-1.89,495563.13,389435.779,1.45,23.45,7.17,7.39,7.83,9.37,10.47,8.34,34.57
20170828,7.91,8.03,7.84,7.94,7.87,0.07,0.89,649188.06,516188.665,1.45,23.45,7.17,7.39,7.83,9.37,10.47,8.35,50.73
20170825,7.8,7.89,7.77,7.87,7.79,0.08,1.03,392850.32,308189.764,1.45,23.45,7.17,7.39,8.05,9.59,10.47,8.36,49.84
20170824,7.8,7.92,7.76,7.79,7.79,0.0,0.0,441938.58,346457.801,1.45,23.45,7.17,7.39,8.05,9.59,10.47,8.37,35.46
20170823,7.82,7.89,7.76,7.79,7.83,-0.04,-0.51,412605.95,322812.144,1.45,23.45,7.17,7.39,8.05,9.59,10.47,8.38,35.33
20170822,7.97,7.97,7.81,7.83,7.99,-0.16,-2.0,513721.25,405155.091,1.45,23.45,7.17,7.39,8.05,9.59,10.47,8.38,35.2
20170821,8.03,8.14,7.9,7.99,8.09,-0.1,-1.24,792112.2,633292.757,1.45,23.45,7.17,7.39,8.05,9.59,10.47,8.4,46.96
20170818,7.88,8.27,7.85,8.09,7.96,0.13,1.63,1255376.57,1018901.312,1.45,23.45,6.95,7.39,8.05,9.59,10.47,8.41,59.19
20170817,7.95,8.06,7.87,7.96,7.99,-0.03,-0.38,1074021.46,854571.836,1.45,23.45,6.95,7.39,8.05,9.59,10.47,8.42,48.84
20170816,7.62,8.14,7.6,7.99,7.64,0.35,4.58,1844980.36,1467386.66,1.45,23.45,6.95,7.39,8.05,9.59,10.47,8.43,47.76
20170815,7.52,7.69,7.45,7.64,7.52,0.12,1.6,595730.15,450013.522,1.45,23.45,6.95,7.39,8.05,9.59,10.69,8.47,41.26
20170814,7.36,7.54,7.31,7.52,7.35,0.17,2.31,477219.72,356851.934,1.45,23.45,6.95,7.39,8.05,9.59,10.69,8.49,24.73
20170811,7.3,7.55,7.27,7.35,7.38,-0.03,-0.41,596221.36,442444.13,1.45,23.45,6.95,7.39,8.05,9.59,10.69,8.51,11.95
20170810,7.6,7.66,7.32,7.38,7.62,-0.24,-3.15,648109.64,484866.253,1.45,23.45,6.95,7.39,8.05,9.59,10.69,8.53,11.95
20170809,7.65,7.74,7.6,7.62,7.68,-0.06,-0.78,534824.15,409766.795,1.45,23.45,6.95,7.39,8.27,9.81,10.69,8.55,21.15
20170808,7.58,7.72,7.52,7.68,7.6,0.08,1.05,705814.63,540064.871,1.45,23.45,6.95,7.39,8.27,9.81,10.69,8.57,35.14
20170807,7.58,7.72,7.56,7.6,7.58,0.02,0.26,404177.76,308231.229,1.45,23.45,6.95,7.39,8.27,9.81,10.69,8.6,21.6
20170804,7.65,7.74,7.58,7.58,7.68,-0.1,-1.3,584665.11,446411.453,1.45,23.45,6.95,7.39,8.27,9.81,10.69,8.61,21.75
20170803,7.5,7.87,7.45,7.68,7.48,0.2,2.67,1111454.06,855437.854,1.45,23.45,6.95,7.39,8.49,9.81,10.69,8.62,31.67
20170802,7.63,7.66,7.48,7.48,7.62,-0.14,-1.84,525980.64,397435.374,1.45,23.45,6.95,7.39,8.49,9.81,10.69,8.67,22.57
20170801,7.53,7.71,7.51,7.62,7.53,0.09,1.2,639310.88,485982.162,1.45,23.45,6.95,7.39,8.49,9.81,10.69,8.68,22.14
20170731,7.49,7.62,7.47,7.53,7.51,0.02,0.27,556506.41,420802.529,1.45,23.45,6.95,7.39,8.71,9.81,10.69,8.71,21.63
20170728,7.67,7.73,7.51,7.51,7.79,-0.28,-3.59,1048723.08,797845.983,1.45,23.45,6.95,7.39,8.71,9.81,10.69,8.74,20.48
20170727,7.14,7.85,7.1,7.79,7.17,0.62,8.65,1848736.26,1394057.611,1.45,23.45,6.95,7.17,8.71,9.81,10.69,8.78,23.13
20170726,7.15,7.22,7.06,7.17,7.16,0.01,0.14,510576.82,364805.621,1.45,23.45,6.95,7.39,8.93,10.03,10.69,8.88,8.61
20170725,7.07,7.25,7.05,7.16,7.08,0.08,1.13,851997.89,609533.9,1.45,23.45,6.95,7.61,8.93,10.03,10.69,8.91,7.91
20170724,7.05,7.11,7.02,7.08,7.06,0.02,0.28,329466.86,232625.349,1.45,23.45,6.95,7.83,8.93,10.03,10.69,8.97,6.72
20170721,7.04,7.18,7.03,7.06,7.07,-0.01,-0.14,305402.31,216266.334,1.45,23.45,6.95,7.83,8.93,10.03,10.69,8.99,5.86
20170720,7.12,7.29,7.05,7.07,7.14,-0.07,-0.98,521813.24,373998.041,1.45,23.45,6.95,8.05,8.93,10.03,10.69,9.01,5.05
20170719,7.07,7.18,6.96,7.14,7.11,0.03,0.42,434170.0,306907.478,1.45,23.45,7.17,8.05,9.15,10.03,10.69,9.05,4.26
20170718,6.98,7.25,6.92,7.11,6.99,0.12,1.72,472125.0,333704.485,1.45,23.45,7.39,8.05,9.15,10.03,10.69,9.09,2.87
20170717,7.5,7.52,6.96,6.99,7.58,-0.59,-7.78,836702.93,600797.741,1.45,23.45,7.61,8.05,9.15,10.03,10.69,9.12,1.78
20170714,7.95,7.96,7.52,7.58,8.11,-0.53,-6.54,1119668.84,862808.054,1.45,23.45,7.83,8.05,9.15,10.03,10.69,9.18,0.63
20170713,8.22,8.22,8.09,8.11,8.22,-0.11,-1.34,346254.95,281787.364,1.45,23.45,8.05,8.27,9.15,10.03,10.91,9.25,14.86
20170712,8.07,8.24,8.06,8.22,8.08,0.14,1.73,487961.89,397913.189,1.45,23.45,8.05,8.27,9.15,10.03,10.91,9.26,14.07
20170711,8.08,8.23,8.07,8.1,8.09,0.01,0.12,386749.31,315067.807,1.45,23.45,8.05,8.27,9.15,10.03,10.91,9.28,12.69
20170710,8.18,8.18,8.08,8.09,8.19,-0.1,-1.22,365166.37,296163.046,1.45,23.45,8.05,8.27,9.15,10.25,10.91,9.3,1.88
20170707,8.13,8.21,8.12,8.19,8.15,0.04,0.49,341322.27,278779.031,1.45,23.45,8.05,8.27,9.15,10.25,10.91,9.31,10.52
20170706,8.26,8.27,8.11,8.15,8.25,-0.1,-1.21,444791.22,363568.396,1.45,23.45,8.05,8.27,9.15,10.25,10.91,9.33,9.67
20170705,8.22,8.26,8.16,8.25,8.28,-0.03,-0.36,485694.52,398547.023,1.45,23.45,8.05,8.27,9.15,10.25,10.91,9.35,8.54
20170704,8.14,8.46,8.13,8.28,8.11,0.17,2.1,881898.18,732401.795,1.45,23.45,8.05,8.49,9.15,10.25,10.91,9.37,7.29
20170703,8.1,8.14,8.02,8.11,8.16,-0.05,-0.61,713660.67,576950.594,1.45,23.45,8.05,8.49,9.15,10.25,10.91,9.41,6.03
20170630,8.17,8.22,8.04,8.16,8.32,-0.16,-1.92,701952.42,570866.303,1.45,23.45,8.27,8.49,9.37,10.25,10.91,9.44,3.59
20170629,8.3,8.42,8.25,8.32,8.28,0.04,0.48,488616.21,407169.435,1.45,23.45,8.27,8.71,9.37,10.25,10.91,9.48,5.86
20170628,8.55,8.62,8.25,8.28,8.63,-0.35,-4.06,951840.09,799613.986,1.45,23.45,8.49,8.71,9.37,10.25,10.91,9.51,0.74
20170627,8.76,8.84,8.57,8.63,8.67,-0.04,-0.46,779879.54,678323.247,1.45,23.45,8.49,8.71,9.37,10.25,10.91,9.57,6.96
20170626,8.77,8.8,8.6,8.67,8.84,-0.17,-1.92,819335.44,710843.871,1.45,23.45,8.49,8.93,9.37,10.25,10.91,9.6,5.4
20170623,8.81,8.94,8.52,8.84,8.94,-0.1,-1.12,1159728.87,1015840.826,1.45,23.45,8.71,8.93,9.37,10.25,10.91,9.64,10.09
20170622,9.18,9.37,8.92,8.94,9.33,-0.39,-4.18,1570541.89,1434948.904,1.45,23.45,8.93,9.15,9.59,10.47,10.91,9.7,4.89
20170621,9.72,9.72,9.14,9.33,8.84,0.49,5.54,2802063.36,2664815.433,1.45,23.45,8.93,9.15,9.59,10.47,10.91,9.75,28.98
20170118,9.0,9.05,8.81,8.84,9.12,-0.28,-3.07,443700.16,396415.747,1.45,23.45,8.71,9.15,9.59,10.47,10.91,9.81,5.28
20170117,8.74,9.21,8.52,9.12,8.82,0.3,3.4,782929.23,695811.411,1.45,23.45,8.93,9.15,9.59,10.47,10.91,9.83,9.28
20170116,9.16,9.34,8.32,8.82,9.15,-0.33,-3.61,781142.43,701645.621,1.45,23.45,8.93,9.15,9.59,10.69,10.91,9.87,2.07
20170113,9.27,9.41,9.13,9.15,9.3,-0.15,-1.61,523627.92,487082.041,1.45,23.45,9.15,9.15,9.81,10.69,10.91,9.91,3.05
20170112,9.2,9.42,9.19,9.3,9.28,0.02,0.22,582880.93,543954.088,1.45,23.45,9.15,9.15,9.81,10.69,10.91,9.93,19.58
20170111,9.19,9.55,9.1,9.28,9.21,0.07,0.76,810066.56,755576.076,1.45,23.45,9.15,9.15,9.81,10.69,10.91,9.95,17.47
20170110,9.23,9.31,9.19,9.21,9.24,-0.03,-0.32,333805.97,308725.948,1.45,23.45,9.15,9.15,9.81,10.69,10.91,9.98,15.5
20170109,9.22,9.28,9.13,9.24,9.21,0.03,0.33,286569.76,264059.919,1.45,23.45,9.15,9.37,9.81,10.69,10.91,9.99,14.23
20170106,9.36,9.37,9.2,9.21,9.34,-0.13,-1.39,412342.91,382364.122,1.45,23.45,9.15,9.37,9.81,10.69,10.91,10.0,13.14
20170105,9.43,9.46,9.32,9.34,9.41,-0.07,-0.74,395669.67,370843.291,1.45,23.45,9.15,9.37,9.81,10.69,10.91,10.02,11.78
20170104,9.3,9.46,9.27,9.41,9.3,0.11,1.18,524504.18,492293.59,1.45,23.45,9.15,9.37,9.81,10.69,10.91,10.03,11.1
20170103,9.27,9.33,9.25,9.3,9.24,0.06,0.65,293802.56,272792.669,1.45,23.45,9.15,9.37,9.81,10.69,11.13,10.05,10.19
20161230,9.26,9.34,9.22,9.24,9.27,-0.03,-0.32,281464.83,260804.089,1.45,23.45,9.15,9.37,9.81,10.69,11.13,10.06,9.18
20161229,9.2,9.4,9.2,9.27,9.19,0.08,0.87,460218.0,428762.189,1.45,23.45,9.15,9.37,9.81,10.69,11.13,10.07,8.2
20161228,9.26,9.31,9.16,9.19,9.22,-0.03,-0.33,285276.77,263491.827,1.45,23.45,9.15,9.59,10.03,10.69,11.13,10.09,2.03
20161227,9.28,9.36,9.22,9.22,9.32,-0.1,-1.07,335559.47,312125.969,1.45,23.45,9.15,9.59,10.03,10.69,11.13,10.1,5.36
20161226,9.31,9.34,9.03,9.32,9.36,-0.04,-0.43,657693.04,603684.793,1.45,23.45,9.37,9.59,10.03,10.69,11.13,10.12,4.13
20161223,9.66,9.71,9.35,9.36,9.72,-0.36,-3.7,846684.41,803552.559,1.45,23.45,9.37,9.59,10.03,10.69,11.13,10.15,0.96
20161222,9.7,9.8,9.6,9.72,9.74,-0.02,-0.21,564831.39,547100.225,1.45,23.45,9.37,9.59,10.03,10.69,11.13,10.18,26.19
20161221,9.73,9.76,9.66,9.74,9.73,0.01,0.1,578166.08,560971.926,1.45,23.45,9.37,9.59,10.03,10.69,11.13,10.2,24.22
20161220,9.59,9.75,9.59,9.73,9.63,0.1,1.04,590448.29,571587.36,1.45,23.45,9.37,9.59,10.03,10.69,11.13,10.21,22.55
20161219,9.78,9.84,9.58,9.63,9.85,-0.22,-2.23,754289.62,729169.482,1.45,23.45,9.37,9.59,10.03,10.69,11.13,10.23,5.21
20161216,9.82,10.05,9.78,9.85,9.89,-0.04,-0.4,780685.6,772282.711,1.45,23.45,9.59,9.59,10.03,10.69,11.13,10.26,17.42
20161215,9.74,10.1,9.74,9.89,9.66,0.23,2.38,1156307.53,1146403.953,1.45,23.45,9.37,9.59,10.25,10.91,11.13,10.27,32.86
20161214,9.72,9.88,9.54,9.66,9.76,-0.1,-1.02,956390.65,928410.519,1.45,23.45,9.37,9.59,10.25,10.91,11.13,10.3,18.25
20161213,9.78,9.95,9.58,9.76,9.88,-0.12,-1.21,1058512.74,1032392.878,1.45,23.45,9.37,9.59,10.25,10.91,11.13,10.33,15.76
20161212,10.23,10.55,9.8,9.88,10.31,-0.43,-4.17,1534922.88,1567431.25,1.45,23.45,9.59,9.81,10.25,10.91,11.13,10.37,22.93
20161209,10.21,10.42,10.1,10.31,10.27,0.04,0.39,1089211.71,1118754.126,1.45,23.45,9.37,9.81,10.25,10.91,11.13,10.38,54.8
20161208,10.39,10.47,10.2,10.27,10.39,-0.12,-1.16,947443.79,977944.585,1.45,23.45,9.37,9.81,10.25,10.91,11.13,10.4,36.2
20161207,10.3,10.44,10.25,10.39,10.29,0.1,0.97,850506.44,879473.565,1.45,23.45,9.37,9.59,10.25,10.91,11.13,10.4,50.42
20161206,10.68,10.76,10.19,10.29,10.71,-0.42,-3.92,1396875.83,1461631.731,1.45,23.45,9.37,9.59,10.47,10.91,11.13,10.4,38.76
20161205,10.39,10.98,10.33,10.71,10.53,0.18,1.71,1505954.17,1622699.035,1.45,23.45,9.37,9.59,10.47,10.91,11.13,10.4,57.6
20161202,10.9,11.12,10.53,10.53,10.94,-0.41,-3.75,1647546.09,1777678.355,1.45,23.45,9.37,9.59,10.25,10.91,11.35,10.37,60.31
20161201,10.91,11.05,10.74,10.94,11.06,-0.12,-1.09,1559691.56,1700845.173,1.45,23.45,9.37,9.59,10.25,10.91,11.35,10.32,76.58
20161130,10.52,11.44,10.5,11.06,10.66,0.4,3.75,3246816.32,3589398.039,1.45,23.45,9.37,9.59,10.03,10.91,11.35,10.27,88.06
20161129,10.05,11.11,10.02,10.66,10.1,0.56,5.54,2936505.6,3106038.176,1.45,23.45,9.37,9.59,10.03,10.69,11.13,10.14,84.71
20161128,10.2,10.26,10.07,10.1,10.17,-0.07,-0.69,1004168.5,1019125.772,1.45,23.45,9.37,9.59,9.81,10.25,11.35,10.06,77.03
20161125,9.77,10.2,9.7,10.17,9.77,0.4,4.09,1623331.57,1631272.492,1.45,23.45,9.37,9.59,9.81,10.47,11.35,10.06,76.51
20161124,9.87,9.95,9.75,9.77,9.93,-0.16,-1.61,584208.24,575416.214,1.45,23.45,9.37,9.59,9.81,10.47,11.35,10.07,38.14
20161123,9.98,10.15,9.89,9.93,9.95,-0.02,-0.2,1135436.38,1136435.989,1.45,23.45,9.37,9.37,9.81,10.47,11.35,10.08,56.92
20161122,9.75,10.04,9.72,9.95,9.74,0.21,2.16,833529.89,823147.244,1.45,23.45,9.37,9.37,9.81,10.47,11.35,10.08,57.87
20161121,9.69,9.76,9.67,9.74,9.7,0.04,0.41,414642.1,402695.231,1.45,23.45,9.37,9.37,9.81,10.47,11.57,10.09,41.94
20161118,9.79,9.84,9.68,9.7,9.76,-0.06,-0.61,373600.23,364663.764,1.45,23.45,9.37,9.37,9.81,10.69,11.57,10.09,41.19
20161117,9.86,9.89,9.74,9.76,9.93,-0.17,-1.71,622697.24,609751.3,1.45,23.45,9.37,9.37,9.81,10.69,11.57,10.1,40.49
20161116,10.06,10.27,9.91,9.93,10.05,-0.12,-1.19,1332953.38,1342524.708,1.45,23.45,9.37,9.37,9.81,10.69,11.57,10.11,53.21
20161115,9.67,10.14,9.62,10.05,9.66,0.39,4.04,1446249.17,1430836.885,1.45,23.45,9.37,9.37,9.81,10.69,11.57,10.12,54.01
20161114,9.62,9.76,9.61,9.66,9.62,0.04,0.42,563852.21,546228.688,1.45,23.45,9.37,9.37,9.81,10.91,11.57,10.13,45.0
20161111,9.54,9.65,9.48,9.62,9.57,0.05,0.52,509040.66,485877.577,1.45,23.45,9.37,9.37,9.81,10.91,11.57,10.15,21.9
20161110,9.47,9.66,9.45,9.57,9.4,0.17,1.81,439693.27,419328.728,1.45,23.45,9.37,9.37,10.03,10.91,11.57,10.16,21.27
20161109,9.53,9.58,9.36,9.4,9.53,-0.13,-1.36,368153.86,347818.308,1.45,23.45,9.37,9.37,10.03,10.91,11.57,10.18,1.91
20161108,9.51,9.58,9.48,9.53,9.48,0.05,0.53,276260.35,263322.463,1.45,23.45,9.37,9.37,10.03,10.91,11.79,10.19,19.32
20161107,9.54,9.58,9.45,9.48,9.6,-0.12,-1.25,315850.56,300193.1,1.45,23.45,9.37,9.37,10.03,10.91,11.79,10.2,18.46
20161104,9.47,9.86,9.44,9.6,9.47,0.13,1.37,633675.28,613061.209,1.45,23.45,9.37,9.37,10.03,10.91,11.79,10.21,17.45
20161103,9.4,9.52,9.38,9.47,9.43,0.04,0.42,272319.92,257560.516,1.45,23.45,9.37,9.37,10.03,10.91,11.79,10.23,17.63
20161102,9.52,9.54,9.41,9.43,9.55,-0.12,-1.26,339812.87,321692.366,1.45,23.45,9.37,9.37,10.03,10.91,11.79,10.24,16.57
20161101,9.53,9.57,9.5,9.55,9.5,0.05,0.53,274531.51,261621.585,1.45,23.45,9.37,9.37,10.03,11.13,11.79,10.26,15.21
20161031,9.52,9.57,9.47,9.5,9.58,-0.08,-0.84,240645.4,228751.009,1.45,23.45,9.37,9.59,10.03,11.13,11.79,10.27,14.29
20161028,9.69,9.74,9.57,9.58,9.71,-0.13,-1.34,317618.9,306098.8343,1.45,23.45,9.37,9.59,10.03,11.13,11.79,10.28,13.47
20161027,9.7,9.77,9.63,9.71,9.67,0.04,0.41,318990.68,309331.9175,1.45,23.45,9.37,9.59,10.03,11.13,11.79,10.29,30.86
20161026,9.71,9.78,9.64,9.67,9.74,-0.07,-0.72,258091.07,250195.0271,1.45,23.45,9.37,9.59,10.03,11.13,11.79,10.3,29.85
20161025,9.76,9.82,9.71,9.74,9.74,0.0,0.0,274999.03,268192.2453,1.45,23.45,9.37,9.59,10.03,11.13,11.79,10.3,29.2
20161024,9.69,9.8,9.66,9.74,9.69,0.05,0.52,352041.17,343108.555,1.45,23.45,9.37,9.59,10.03,11.13,11.79,10.31,28.51
20161021,9.8,9.85,9.61,9.69,9.78,-0.09,-0.92,376549.2,365760.8956,1.45,23.45,9.37,9.59,10.03,11.13,11.79,10.32,27.6
20161020,9.8,9.9,9.76,9.78,9.88,-0.1,-1.01,505215.27,495294.5245,1.45,23.45,9.37,9.59,10.03,11.13,11.79,10.34,26.33
20161019,9.57,10.16,9.53,9.88,9.56,0.32,3.35,1001578.69,984691.297,1.45,23.45,9.37,9.59,10.25,11.13,11.79,10.35,31.66
20161018,9.42,9.57,9.42,9.56,9.46,0.1,1.06,378110.21,359132.7247,1.45,23.45,9.37,9.37,10.25,11.13,12.01,10.38,15.12
20161017,9.56,9.57,9.38,9.46,9.52,-0.06,-0.63,308763.71,293495.1113,1.45,23.45,9.37,9.59,10.25,11.13,12.01,10.4,13.84
20161014,9.54,9.55,9.42,9.52,9.55,-0.03,-0.31,319664.89,302552.7008,1.45,23.45,9.37,9.59,10.25,11.13,12.01,10.42,12.55
20161013,9.57,9.58,9.47,9.55,9.56,-0.01,-0.1,328015.92,312180.6288,1.45,23.45,9.37,9.59,10.25,11.13,12.01,10.43,11.42
20161012,9.58,9.6,9.53,9.56,9.62,-0.06,-0.62,273960.7,262086.5435,1.45,23.45,9.37,9.59,10.25,11.13,12.01,10.45,10.25
20161011,9.65,9.67,9.56,9.62,9.65,-0.03,-0.31,295030.3,283417.4502,1.45,23.45,9.37,9.59,10.25,11.13,12.01,10.46,9.25
20161010,9.48,9.67,9.45,9.65,9.42,0.23,2.44,380939.47,364507.628,1.45,23.45,9.37,9.59,10.25,11.13,12.01,10.48,16.2
20160930,9.44,9.46,9.37,9.42,9.43,-0.01,-0.11,200439.06,188649.665,1.45,23.45,9.37,9.81,10.25,11.13,12.01,10.5,1.52
20160929,9.48,9.5,9.41,9.43,9.44,-0.01,-0.11,185802.83,175577.6952,1.45,23.45,9.37,9.81,10.25,11.13,12.01,10.51,6.94
20160928,9.55,9.55,9.41,9.44,9.5,-0.06,-0.63,136826.97,129535.4198,1.45,23.45,9.37,9.81,10.25,11.13,12.01,10.52,6.1
20160927,9.35,9.57,9.33,9.5,9.36,0.14,1.5,227909.6,215807.2241,1.45,23.45,9.37,9.81,10.25,11.13,12.01,10.53,5.48
20160926,9.57,9.6,9.34,9.36,9.6,-0.24,-2.5,275334.31,261605.9074,1.45,23.45,9.59,9.81,10.25,11.13,12.01,10.54,0.68
20160923,9.65,9.69,9.57,9.6,9.65,-0.05,-0.52,194425.84,186808.0594,1.45,23.45,9.59,10.03,10.25,11.13,12.01,10.56,3.14
20160922,9.71,9.74,9.63,9.65,9.65,0.0,0.0,167237.4,162020.283,1.45,23.45,9.59,10.03,10.25,11.13,12.01,10.57,8.57
20160921,9.61,9.71,9.58,9.65,9.61,0.04,0.42,197956.68,191011.7257,1.45,23.45,9.59,10.03,10.25,11.13,12.01,10.58,7.82
20160920,9.66,9.68,9.59,9.61,9.67,-0.06,-0.62,147594.06,142053.3815,1.45,23.45,9.59,10.03,10.25,11.35,12.01,10.59,2.47
20160919,9.6,9.73,9.6,9.67,9.58,0.09,0.94,200640.61,194085.5824,1.45,23.45,9.59,10.03,10.25,11.35,12.01,10.59,6.22
20160914,9.55,9.68,9.52,9.58,9.61,-0.03,-0.31,205494.23,197391.6478,1.45,23.45,9.59,10.03,10.25,11.35,12.01,10.6,2.01
20160913,9.76,9.78,9.56,9.61,9.69,-0.08,-0.83,408627.94,393051.7901,1.45,23.45,9.81,10.03,10.25,11.35,12.01,10.61,1.52
20160912,10.0,10.0,9.67,9.69,10.13,-0.44,-4.34,632858.98,622322.9139,1.45,23.45,9.81,10.03,10.25,11.35,12.23,10.64,2.19
20160909,10.13,10.34,10.05,10.13,10.12,0.01,0.1,573997.89,583618.121,1.45,23.45,10.03,10.03,10.25,11.35,12.23,10.67,27.85
20160908,10.18,10.18,10.09,10.12,10.16,-0.04,-0.39,327743.92,331657.5714,1.45,23.45,10.03,10.03,10.25,11.35,12.23,10.68,26.71
20160907,10.28,10.29,10.13,10.16,10.25,-0.09,-0.88,358269.48,365773.1729,1.45,23.45,10.03,10.03,10.25,11.35,12.23,10.69,25.83
20160906,10.14,10.25,10.07,10.25,10.09,0.16,1.59,333244.99,339424.0616,1.45,23.45,10.03,10.03,10.47,11.35,12.23,10.7,24.84
20160905,10.09,10.18,10.09,10.09,10.08,0.01,0.1,188218.35,190689.3065,1.45,23.45,10.03,10.03,10.47,11.35,12.23,10.71,23.66
20160902,10.11,10.17,10.01,10.08,10.15,-0.07,-0.69,378157.65,381161.6956,1.45,23.45,10.03,10.03,10.47,11.35,12.23,10.72,3.25
20160901,10.22,10.26,10.15,10.15,10.21,-0.06,-0.59,240842.55,245739.156,1.45,23.45,10.03,10.03,10.47,11.35,12.23,10.73,21.75
20160831,10.24,10.26,10.15,10.21,10.23,-0.02,-0.2,190246.01,194007.8455,1.45,23.45,10.03,10.03,10.47,11.35,12.23,10.74,21.03
20160830,10.24,10.3,10.21,10.23,10.24,-0.01,-0.1,198948.35,203930.7409,1.45,23.45,10.03,10.03,10.47,11.35,12.23,10.74,20.46
20160829,10.25,10.33,10.18,10.24,10.26,-0.02,-0.19,234601.1,240274.4142,1.45,23.45,10.03,10.03,10.47,11.35,12.23,10.75,19.86
20160826,10.29,10.4,10.25,10.26,10.24,0.02,0.2,292868.96,302427.9077,1.45,23.45,10.03,10.03,10.47,11.35,12.23,10.76,19.54
20160825,10.33,10.33,10.11,10.24,10.39,-0.15,-1.44,361518.63,368603.5733,1.45,23.45,10.03,10.03,10.47,11.35,12.23,10.76,19.65
20160824,10.3,10.49,10.26,10.39,10.25,0.14,1.37,573705.89,597029.0283,1.45,23.45,10.03,10.03,10.47,11.35,12.23,10.77,42.7
20160823,10.2,10.29,10.17,10.25,10.2,0.05,0.49,186461.97,190832.9157,1.45,23.45,10.03,10.03,10.47,11.35,12.23,10.79,19.36
20160822,10.33,10.38,10.15,10.2,10.33,-0.13,-1.26,264940.18,272425.2955,1.45,23.45,10.03,10.03,10.47,11.35,12.23,10.79,18.78
20160819,10.42,10.42,10.28,10.33,10.43,-0.1,-0.96,293000.58,302766.5155,1.45,23.45,10.03,10.03,10.47,11.35,12.23,10.8,39.86
20160818,10.39,10.54,10.33,10.43,10.4,0.03,0.29,415832.89,433404.6048,1.45,23.45,10.03,10.03,10.47,11.35,12.23,10.81,39.09
20160817,10.41,10.49,10.35,10.4,10.39,0.01,0.1,350949.38,365832.3034,1.45,23.45,10.03,10.03,10.47,11.35,12.23,10.81,38.99
20160816,10.37,10.48,10.36,10.39,10.42,-0.03,-0.29,383450.91,399263.5426,1.45,23.45,10.03,10.03,10.47,11.35,12.23,10.82,38.29
20160815,10.18,10.47,10.1,10.42,10.12,0.3,2.96,672292.64,694947.6531,1.45,23.45,10.03,10.03,10.69,11.35,12.23,10.83,37.5
20160812,10.03,10.12,10.01,10.12,10.02,0.1,1.0,221251.75,222599.6041,1.45,23.45,10.03,10.03,10.69,11.35,12.23,10.85,20.02
20160811,10.15,10.17,10.01,10.02,10.15,-0.13,-1.28,292919.32,295253.1482,1.45,23.45,10.03,10.03,10.69,11.35,12.23,10.86,3.26
20160810,10.24,10.25,10.14,10.15,10.22,-0.07,-0.68,251730.64,256226.8215,1.45,23.45,10.03,10.03,10.69,11.57,12.23,10.87,17.98
20160809,10.16,10.25,10.1,10.22,10.15,0.07,0.69,335394.68,341234.485,1.45,23.45,10.03,10.03,10.69,11.57,12.23,10.88,17.17
20160808,10.02,10.17,10.01,10.15,10.04,0.11,1.1,276486.01,279480.6735,1.45,23.45,10.03,10.03,10.69,11.57,12.23,10.89,16.08
20160805,10.21,10.21,9.99,10.04,10.23,-0.19,-1.86,549479.46,553746.3349,1.45,23.45,10.03,10.25,10.69,11.57,12.23,10.91,3.02
20160804,10.33,10.37,10.13,10.23,10.46,-0.23,-2.2,558927.75,571737.6798,1.45,23.45,10.03,10.25,10.91,11.57,12.23,10.93,12.68
20160803,10.35,10.54,10.28,10.46,10.34,0.12,1.16,363746.38,379377.6398,1.45,23.45,10.03,10.25,10.91,11.57,12.23,10.95,26.22
20160802,10.33,10.4,10.24,10.34,10.26,0.08,0.78,238659.28,246359.7867,1.45,23.45,10.03,10.25,10.91,11.57,12.45,10.96,25.48
20160801,10.29,10.41,10.08,10.26,10.35,-0.09,-0.87,318419.64,325146.0899,1.45,23.45,10.03,10.25,10.91,11.57,12.45,10.97,11.72
20160729,10.46,10.53,10.31,10.35,10.46,-0.11,-1.05,272998.01,283876.3888,1.45,23.45,10.03,10.25,10.91,11.57,12.45,10.99,23.43
20160728,10.35,10.61,10.3,10.46,10.45,0.01,0.1,394180.42,411914.8236,1.45,23.45,10.03,10.25,10.91,11.57,12.45,10.99,23.11
20160727,11.18,11.18,10.28,10.45,11.18,-0.73,-6.53,821779.15,882726.4647,1.45,23.45,10.03,10.25,10.91,11.57,12.45,11.0,22.66
20160726,11.07,11.19,11.03,11.18,11.01,0.17,1.54,367283.52,408043.953,1.45,23.45,10.03,10.25,10.91,11.57,12.45,11.02,54.26
20160725,11.04,11.15,10.94,11.01,11.04,-0.03,-0.27,387266.88,427331.8497,1.45,23.45,10.03,10.25,10.91,11.57,12.45,11.02,53.87
20160722,11.25,11.34,11.02,11.04,11.28,-0.24,-2.13,615984.97,687112.2502,1.45,23.45,10.03,10.25,10.91,11.57,12.45,11.02,53.16
20160721,11.28,11.44,11.18,11.28,11.18,0.1,0.89,738215.69,835821.9163,1.45,23.45,10.03,10.25,10.91,11.57,12.45,11.01,67.96
20160720,11.23,11.44,11.15,11.18,11.21,-0.03,-0.27,734990.42,829287.7227,1.45,23.45,10.03,10.25,10.91,11.57,12.45,11.0,55.45
20160719,11.06,11.27,11.04,11.21,11.14,0.07,0.63,647248.98,721723.0278,1.45,23.45,10.03,10.25,10.91,11.79,12.45,10.99,68.51
20160718,11.21,11.33,11.0,11.14,11.26,-0.12,-1.07,739726.21,825246.803,1.45,23.45,10.03,10.25,10.69,11.79,12.45,10.99,58.0
20160715,11.45,11.69,11.25,11.26,11.64,-0.38,-3.26,1256277.94,1433400.943,1.45,23.45,10.03,10.03,10.69,11.79,12.45,10.98,66.55
20160714,11.16,11.95,11.02,11.64,11.26,0.38,3.37,1870945.09,2136113.1296,1.45,23.45,10.03,10.03,10.69,11.79,12.45,10.94,82.92
20160713,10.82,11.46,10.75,11.26,10.82,0.44,4.07,1334219.98,1482234.7107,1.45,23.45,10.03,10.03,10.47,11.79,12.45,10.88,76.52
20160712,10.75,10.94,10.54,10.82,10.65,0.17,1.6,637926.79,687506.2192,1.45,23.45,10.03,10.03,10.47,12.01,12.45,10.86,67.2
20160711,10.81,10.98,10.63,10.65,10.56,0.09,0.85,899165.79,974325.8388,1.45,23.45,10.03,10.03,10.47,12.01,12.45,10.86,57.39
20160708,10.49,10.75,10.37,10.58,10.49,0.09,0.86,659697.44,698430.8257,1.45,23.45,9.81,10.03,10.47,12.01,12.45,10.86,59.96
20160707,10.55,10.6,10.36,10.49,10.52,-0.03,-0.29,382428.36,400890.8921,1.45,23.45,9.81,10.03,10.47,12.01,12.45,10.88,42.21
20160706,10.57,10.58,10.47,10.52,10.61,-0.09,-0.85,347116.72,365036.7955,1.45,23.45,9.81,10.03,10.47,12.01,12.45,10.88,42.2
20160705,10.57,10.69,10.46,10.61,10.6,0.01,0.09,475771.43,502193.2858,1.45,23.45,9.81,10.03,10.47,12.01,12.45,10.89,57.6
20160704,10.36,10.74,10.29,10.6,10.36,0.24,2.32,551724.32,581163.2732,1.45,23.45,9.81,10.03,10.47,12.01,12.45,10.9,56.84
20160701,10.44,10.54,10.36,10.36,10.49,-0.13,-1.24,324220.01,337997.7519,1.45,23.45,9.81,10.03,10.47,12.23,12.45,10.91,42.4
20160630,10.42,10.69,10.36,10.49,10.39,0.1,0.96,521344.16,548850.0981,1.45,23.45,9.81,10.03,10.47,12.23,12.45,10.92,41.82
20160629,10.5,10.54,10.36,10.39,10.48,-0.09,-0.86,408239.11,425459.1354,1.45,23.45,9.81,10.03,10.47,12.23,12.45,10.94,41.79
20160628,10.25,10.6,10.21,10.48,10.26,0.22,2.14,738908.23,771924.9419,1.45,23.45,9.81,10.03,10.47,12.23,12.45,10.94,41.04
20160627,9.95,10.27,9.93,10.26,10.04,0.22,2.19,453874.0,462240.6392,1.45,23.45,9.81,10.03,10.47,12.23,12.45,10.97,26.57
20160624,10.2,10.3,9.82,10.04,10.22,-0.18,-1.76,504825.15,509683.7173,1.45,23.45,9.81,10.03,10.69,12.23,12.45,10.99,6.22
20160623,10.13,10.32,10.1,10.22,10.14,0.08,0.79,448420.89,457181.3895,1.45,23.45,9.81,10.03,10.69,12.23,12.45,11.02,23.12
20160622,10.03,10.15,9.99,10.14,10.02,0.12,1.2,282959.33,285248.8458,1.45,23.45,9.81,10.03,10.69,12.23,12.45,11.04,21.81
20160621,10.17,10.25,9.99,10.02,10.06,-0.04,-0.4,356894.64,361420.8085,1.45,23.45,10.03,10.03,10.69,12.23,12.45,11.06,4.82
20160620,10.11,10.17,9.96,10.06,10.1,-0.04,-0.4,255673.55,256719.0731,1.45,23.45,10.03,10.03,10.69,12.23,12.67,11.07,4.65
20160617,10.08,10.25,10.05,10.1,10.05,0.05,0.5,310449.36,315289.4133,1.45,23.45,10.03,10.03,10.69,12.23,12.67,11.09,4.08
20160616,10.2,10.27,9.97,10.05,10.27,-0.22,-2.14,404175.68,409003.9406,1.45,23.45,10.03,10.03,10.69,12.23,12.67,11.1,3.92
20160615,9.99,10.39,9.92,10.27,10.08,0.19,1.88,474741.59,485740.0416,1.45,23.45,10.03,10.03,10.69,12.23,12.67,11.13,15.47
20160614,9.8,10.17,9.78,10.08,9.9,0.18,1.82,365124.06,363569.0703,1.45,23.45,10.03,10.25,10.91,12.23,12.67,11.15,3.58
20160613,10.48,10.51,9.88,9.9,10.66,-0.76,-7.13,534441.74,548287.1504,1.45,23.45,10.03,10.25,10.91,12.23,12.67,11.17,2.37
20160608,10.68,10.7,10.58,10.66,10.62,0.04,0.38,330029.19,351571.9889,1.45,23.45,10.03,10.25,10.91,12.23,12.67,11.21,37.6
20160607,10.7,10.74,10.54,10.62,10.68,-0.06,-0.56,291624.29,309762.1276,1.45,23.45,10.03,10.25,10.91,12.23,12.67,11.21,36.92
20160606,10.85,10.85,10.63,10.68,10.81,-0.13,-1.2,396673.01,425719.5913,1.45,23.45,10.03,10.25,11.13,12.23,12.67,11.23,36.33
20160603,10.74,10.95,10.6,10.81,10.7,0.11,1.03,632212.58,680319.4023,1.45,23.45,10.03,10.25,11.13,12.23,12.67,11.24,43.63
20160602,10.6,10.78,10.56,10.7,10.61,0.09,0.85,505306.81,539068.2482,1.45,23.45,10.03,10.25,11.13,12.23,12.67,11.25,37.04
20160601,10.68,10.76,10.59,10.61,10.68,-0.07,-0.66,545477.46,581314.8618,1.45,23.45,10.03,10.25,11.13,12.23,12.67,11.27,36.87
20160531,10.21,10.73,10.21,10.68,10.21,0.47,4.6,786172.96,829404.0656,1.45,23.45,10.03,10.25,11.13,12.23,12.67,11.29,35.7
20160530,10.24,10.35,10.1,10.21,10.24,-0.03,-0.29,246839.93,253073.1434,1.45,23.45,10.03,10.25,11.13,12.45,12.67,11.33,13.13
20160527,10.3,10.39,10.2,10.24,10.34,-0.1,-0.97,305462.9,314398.1406,1.45,23.45,10.03,10.25,11.35,12.45,12.67,11.34,12.71
20160526,10.28,10.36,10.01,10.34,10.27,0.07,0.68,398478.08,406362.7809,1.45,23.45,10.03,10.25,11.35,12.45,12.67,11.36,25.42
20160525,10.46,10.56,10.25,10.27,10.47,-0.2,-1.91,448424.08,466881.586,1.45,23.45,10.03,10.25,11.35,12.45,12.67,11.39,11.04
20160524,10.37,10.64,10.23,10.47,10.35,0.12,1.16,685981.99,716568.7344,1.45,23.45,10.03,10.25,11.35,12.45,12.67,11.41,22.87
20160523,10.2,10.45,10.2,10.35,10.3,0.05,0.49,419042.41,432747.3715,1.45,23.45,10.03,10.25,11.35,12.45,12.67,11.45,21.31
20160520,10.05,10.39,10.01,10.3,10.17,0.13,1.28,481933.05,494230.91,1.45,23.45,10.03,10.25,11.35,12.45,12.67,11.48,11.15
20160519,10.08,10.35,10.05,10.17,10.09,0.08,0.79,434695.61,444616.198,1.45,23.45,10.03,10.25,11.57,12.45,12.67,11.51,9.75
20160518,10.25,10.32,9.97,10.09,10.37,-0.28,-2.7,460342.36,465423.3726,1.45,23.45,10.03,10.25,11.57,12.45,12.67,11.54,2.26
20160517,10.37,10.54,10.21,10.37,10.37,0.0,0.0,486021.29,504700.6917,1.45,23.45,10.03,10.47,11.57,12.45,12.67,11.58,13.59
20160516,10.06,10.5,10.06,10.37,10.06,0.31,3.08,493171.09,509481.9848,1.45,23.45,10.03,10.47,11.57,12.45,12.67,11.62,11.56
20160513,10.17,10.29,10.0,10.06,10.16,-0.1,-0.98,305957.34,310049.1673,1.45,23.45,10.03,10.69,11.79,12.45,12.67,11.65,1.94
20160512,10.0,10.19,9.9,10.16,10.24,-0.08,-0.78,362835.28,365449.1095,1.45,23.45,10.25,10.91,11.79,12.45,12.67,11.68,3.9
20160511,10.54,10.56,10.22,10.24,10.41,-0.17,-1.63,418895.81,435214.4717,1.45,23.45,10.25,10.91,11.79,12.45,12.67,11.71,2.06
20160510,10.35,10.68,10.3,10.41,10.54,-0.13,-1.23,358133.64,374883.707,1.45,23.45,10.47,10.91,11.79,12.45,12.67,11.74,4.51
20160509,10.4,10.9,10.03,10.54,10.55,-0.01,-0.09,657846.05,680955.8224,1.45,23.45,10.47,10.91,11.79,12.45,12.67,11.77,3.33
20160506,11.25,11.28,10.51,10.55,11.32,-0.77,-6.8,919504.11,1004703.206,1.45,23.45,10.69,11.13,11.79,12.45,12.67,11.82,2.61
20160505,11.33,11.42,11.15,11.32,11.46,-0.14,-1.22,730862.4,824250.6701,1.45,23.45,10.91,11.13,12.01,12.45,12.67,11.88,22.68
20160504,11.51,11.67,11.42,11.46,11.62,-0.16,-1.38,550406.23,636175.868,1.45,23.45,10.91,11.13,12.01,12.45,12.67,11.91,30.44
20160503,11.25,11.66,11.22,11.62,11.27,0.35,3.11,555460.19,639260.729,1.45,23.45,10.91,11.13,12.01,12.45,12.67,11.92,29.43
20160429,11.25,11.44,11.18,11.27,11.3,-0.03,-0.27,370678.63,419079.179,1.45,23.45,10.91,11.13,12.01,12.45,12.67,11.94,20.65
20160428,11.27,11.35,11.03,11.3,11.21,0.09,0.8,417113.29,468763.9616,1.45,23.45,10.91,11.13,12.01,12.45,12.67,11.95,19.74
20160427,11.5,11.55,11.18,11.21,11.48,-0.27,-2.35,444445.09,505197.7425,1.45,23.45,10.91,11.13,12.01,12.45,12.67,11.97,9.01
20160426,11.3,11.49,11.26,11.48,11.27,0.21,1.86,493328.8,562197.8892,1.45,23.45,10.91,11.13,12.01,12.45,12.67,11.98,23.31
20160425,11.18,11.38,10.85,11.27,11.25,0.02,0.18,498540.54,553566.5537,1.45,23.45,10.91,11.13,12.01,12.45,12.67,12.01,16.18
20160422,11.05,11.35,10.96,11.25,11.05,0.2,1.81,443627.46,497344.9639,1.45,23.45,10.91,11.35,12.01,12.45,12.67,12.03,13.86
20160421,11.35,11.53,10.92,11.05,11.32,-0.27,-2.39,618325.21,698981.1888,1.45,23.45,10.91,11.35,12.23,12.45,12.67,12.06,6.95
20160420,12.45,12.49,11.23,11.32,12.4,-1.08,-8.71,1112677.03,1311683.0205,1.45,23.45,10.91,11.57,12.23,12.45,12.67,12.09,9.67
20160419,12.43,12.59,12.2,12.4,12.35,0.05,0.4,660732.63,820579.8909,1.45,23.45,10.91,11.57,12.23,12.45,12.67,12.11,67.46
20160418,12.5,12.5,12.28,12.35,12.61,-0.26,-2.06,549007.18,678673.9852,1.45,23.45,10.91,11.57,12.23,12.45,12.67,12.1,67.69
20160415,12.8,12.8,12.48,12.61,12.74,-0.13,-1.02,745539.36,938696.3267,1.45,23.45,10.91,11.57,12.23,12.45,12.67,12.1,87.33
20160414,12.47,12.89,12.42,12.74,12.38,0.36,2.91,1291561.2,1639628.746,1.45,23.45,10.91,11.35,12.23,12.45,12.67,12.08,88.59
20160413,12.39,12.7,12.36,12.38,12.33,0.05,0.41,1041475.91,1304835.6565,1.45,23.45,10.91,11.35,12.01,12.45,12.67,12.03,75.26
20160412,12.49,12.56,12.1,12.33,12.57,-0.24,-1.91,897316.29,1102020.9954,1.45,23.45,10.91,11.35,12.01,12.45,12.67,12.01,77.5
20160411,12.64,12.77,12.42,12.57,12.48,0.09,0.72,1455807.04,1835628.1513,1.45,23.45,10.91,11.35,12.01,12.45,12.67,11.99,90.44
20160408,12.0,12.85,11.95,12.48,12.13,0.35,2.89,1586204.99,1973381.8212,1.45,23.45,10.91,11.13,12.01,12.45,12.67,11.93,84.61
20160407,12.38,12.59,11.96,12.13,12.31,-0.18,-1.46,1010852.04,1237469.5836,1.45,23.45,10.69,11.13,12.01,12.23,12.67,11.89,69.63
20160406,12.38,12.5,12.18,12.31,12.49,-0.18,-1.44,884673.06,1090338.8029,1.45,23.45,10.69,11.13,11.79,12.23,12.67,11.87,71.14
20160405,12.13,12.68,12.03,12.49,12.23,0.26,2.13,1226906.13,1521982.1062,1.45,23.45,10.69,11.13,11.79,12.23,12.67,11.84,88.15
20160401,12.01,12.35,11.7,12.23,12.09,0.14,1.16,930745.75,1118168.2259,1.45,23.45,10.69,11.13,11.79,12.23,12.67,11.81,78.47
20160331,12.28,12.39,12.05,12.09,12.24,-0.15,-1.23,879420.73,1072930.1531,1.45,23.45,10.69,11.13,11.79,12.23,12.67,11.8,59.38
20160330,11.84,12.3,11.78,12.24,11.71,0.53,4.53,1039130.79,1251538.7874,1.45,23.45,10.69,11.13,11.79,12.23,12.89,11.78,79.31
20160329,11.88,11.96,11.5,11.71,11.95,-0.24,-2.01,719949.38,841221.1132,1.45,23.45,10.69,10.91,11.79,12.23,12.89,11.77,44.93
20160328,12.15,12.45,11.86,11.95,12.23,-0.28,-2.29,1016158.74,1236341.4536,1.45,23.45,10.69,10.91,11.79,12.23,12.89,11.77,60.83
20160325,11.88,12.4,11.86,12.23,11.87,0.36,3.03,1174621.19,1426516.5576,1.45,23.45,10.69,10.91,11.79,12.23,12.89,11.75,77.65
20160324,12.3,12.34,11.84,11.87,12.5,-0.63,-5.04,1349507.68,1631176.5157,1.45,23.45,10.69,10.91,11.57,12.23,13.11,11.72,50.33
20160323,12.4,12.59,12.08,12.5,12.53,-0.03,-0.24,1410043.72,1742229.237,1.45,23.45,10.47,10.91,11.57,12.23,13.33,11.7,85.32
20160322,11.95,13.13,11.82,12.53,12.13,0.4,3.3,2127380.21,2671925.1497,1.45,23.45,10.47,10.91,11.57,12.23,13.77,11.64,86.68
20160321,12.01,12.26,11.73,12.13,11.88,0.25,2.1,1719501.21,2061322.7809,1.45,23.45,10.47,10.91,11.35,12.01,13.99,11.53,92.07
20160318,11.4,12.14,11.3,11.88,11.42,0.46,4.03,1786044.29,2094170.4682,1.45,23.45,10.47,10.91,11.35,11.79,13.99,11.48,86.4
20160317,10.95,11.67,10.89,11.42,10.91,0.51,4.67,1348971.6,1523143.9156,1.45,23.45,10.25,10.69,11.13,11.79,14.21,11.45,51.59
20160316,11.23,11.33,10.72,10.91,11.03,-0.12,-1.09,710333.17,782318.8056,1.45,23.45,10.25,10.69,11.13,11.79,14.21,11.47,16.98
20160315,11.3,11.48,10.98,11.03,11.45,-0.42,-3.67,847360.9,948226.0426,1.45,23.45,10.25,10.69,11.35,12.01,14.21,11.5,31.89
20160314,10.95,11.87,10.83,11.45,10.82,0.63,5.82,1082899.69,1230314.4031,1.45,23.45,10.25,10.69,11.35,12.01,14.43,11.52,61.67
20160311,10.7,11.08,10.58,10.82,10.87,-0.05,-0.46,433932.94,469315.8954,1.45,23.45,10.03,10.69,11.35,12.01,14.43,11.53,18.01
20160310,11.17,11.4,10.8,10.87,11.35,-0.48,-4.23,679638.11,753604.9533,1.45,23.45,10.03,10.69,11.35,12.01,14.43,11.55,16.78
20160309,11.1,11.96,11.0,11.35,11.43,-0.08,-0.7,1104863.76,1276950.5355,1.45,23.45,10.03,10.69,11.35,12.01,14.43,11.57,42.61
20160308,10.85,11.71,10.12,11.43,11.07,0.36,3.25,992068.59,1088352.7414,1.45,23.45,10.03,10.69,11.35,12.01,14.43,11.58,44.1
20160307,10.85,11.48,10.79,11.07,10.65,0.42,3.94,648541.51,722220.9642,1.45,23.45,10.03,10.69,11.35,12.01,14.43,11.63,27.72
20160304,11.14,11.25,10.55,10.65,11.38,-0.73,-6.41,836391.94,912799.6703,1.45,23.45,10.03,10.69,11.35,12.01,14.43,11.65,10.56
20160303,11.13,11.75,11.12,11.38,11.35,0.03,0.26,1142700.17,1298585.5963,1.45,23.45,10.03,10.69,11.35,12.01,14.43,11.69,36.67
20160302,10.92,11.53,10.82,11.35,10.65,0.7,6.57,1208781.11,1344006.2331,1.45,23.45,10.03,10.69,11.57,12.23,14.65,11.72,35.81
20160301,9.79,10.65,9.5,10.65,9.68,0.97,10.02,556600.33,560643.5508,1.45,23.45,9.81,10.69,11.57,12.89,14.65,11.76,12.46
20160229,10.49,10.64,9.47,9.68,10.48,-0.8,-7.63,544341.94,533035.0971,1.45,23.45,10.03,10.91,11.57,13.11,14.65,11.83,1.98
20160226,10.75,10.88,10.24,10.48,10.64,-0.16,-1.5,419874.48,445870.2823,1.45,23.45,10.47,10.91,11.57,13.33,14.65,11.89,3.88
20160225,11.84,11.85,10.64,10.64,11.82,-1.18,-9.98,672598.03,747110.3326,1.45,23.45,10.69,10.91,11.57,13.55,14.65,11.93,4.43
20160224,11.82,11.98,11.5,11.82,11.9,-0.08,-0.67,464853.56,546274.1238,1.45,23.45,10.69,11.13,11.57,13.77,14.65,11.96,52.52
20160223,12.15,12.22,11.75,11.9,12.23,-0.33,-2.7,558357.75,666973.2389,1.45,23.45,10.69,11.13,11.57,13.77,14.65,11.97,69.69
20160222,12.16,12.31,11.9,12.23,11.98,0.25,2.09,774486.27,935955.4932,1.45,23.45,10.69,10.91,11.57,13.77,14.65,11.97,79.32
20160219,11.73,12.3,11.7,11.98,11.8,0.18,1.53,736246.82,883929.4141,1.45,23.45,10.69,10.91,11.57,13.77,14.65,11.97,71.36
20160218,12.0,12.14,11.7,11.8,12.03,-0.23,-1.91,727459.49,864887.6172,1.45,23.45,10.47,10.91,11.57,13.99,14.65,11.97,58.92
20160217,11.65,12.18,11.51,12.03,11.68,0.35,3.0,1000027.68,1184159.1511,1.45,23.45,10.47,10.91,11.57,13.99,14.65,11.98,72.3
20160216,11.3,11.82,11.2,11.68,11.23,0.45,4.01,719646.09,834697.4152,1.45,23.45,10.47,10.91,11.57,13.99,14.65,11.99,62.27
20160215,10.7,11.44,10.7,11.23,11.2,0.03,0.27,463273.29,513068.2098,1.45,23.45,10.47,10.91,11.57,13.99,14.87,12.02,30.42
20160205,11.7,11.7,11.19,11.2,11.66,-0.46,-3.95,556747.74,636631.804,1.45,23.45,10.47,10.91,11.57,13.99,14.87,12.05,17.98
20160204,11.46,11.84,11.4,11.66,11.46,0.2,1.75,813505.29,944392.3438,1.45,23.45,10.47,10.91,11.57,14.21,14.87,12.07,58.21
20160203,11.2,11.59,11.11,11.46,11.44,0.02,0.17,626491.94,707713.0303,1.45,23.45,10.47,10.91,11.57,14.21,14.87,12.1,42.03
20160202,11.04,11.85,11.01,11.44,11.03,0.41,3.72,806146.32,926548.557,1.45,23.45,10.25,10.91,11.57,14.21,14.87,12.14,39.87
20160201,11.1,11.2,10.71,11.03,11.19,-0.16,-1.43,594207.14,651989.4422,1.45,23.45,10.25,10.91,11.57,14.21,14.87,12.17,20.79
20160129,10.79,11.5,10.76,11.19,10.76,0.43,4.0,767539.44,857630.5565,1.45,23.45,10.25,10.91,11.57,14.21,14.87,12.23,17.92
20160128,11.21,11.42,10.6,10.76,11.66,-0.9,-7.72,914129.58,1007951.8826,1.45,23.45,10.25,10.91,11.79,14.43,14.87,12.28,7.46
20160127,10.71,11.85,10.48,11.66,10.78,0.88,8.16,1317695.86,1478020.3024,1.45,23.45,10.25,11.13,11.79,14.43,14.87,12.36,44.96
20160126,11.8,11.87,10.78,10.78,11.98,-1.2,-10.02,905747.26,1023458.3091,1.45,23.45,10.03,11.35,11.79,14.43,14.87,12.47,8.56
20160125,12.0,12.09,11.59,11.98,12.12,-0.14,-1.16,1184390.19,1406520.0644,1.45,23.45,10.03,11.35,11.79,14.43,14.87,12.54,52.03
20160122,11.46,12.42,11.19,12.12,11.29,0.83,7.35,1595533.1,1909020.1497,1.45,23.45,10.03,11.35,12.01,14.43,15.09,12.61,55.68
20160121,11.62,12.15,11.24,11.29,11.71,-0.42,-3.59,958052.39,1125103.6885,1.45,23.45,10.03,11.35,12.01,14.65,15.09,12.7,12.78
20160120,11.9,12.28,11.65,11.71,12.05,-0.34,-2.82,991380.76,1175927.4252,1.45,23.45,10.03,11.35,12.23,14.65,15.09,12.77,34.43
20160119,11.62,12.19,11.36,12.05,11.92,0.13,1.09,1476440.44,1731981.458,1.45,23.45,10.03,11.35,12.89,14.65,15.09,12.84,41.93
20160118,11.42,12.54,11.42,11.92,11.52,0.4,3.47,1731871.11,2045977.5956,1.45,23.45,10.03,11.13,13.55,14.65,15.09,12.96,37.51
20160115,11.4,11.86,11.35,11.52,10.78,0.74,6.86,1990612.76,2320267.799,1.45,23.45,9.81,10.91,13.77,14.65,15.09,13.11,22.15
20160114,9.38,10.78,9.3,10.78,9.8,0.98,10.0,686140.23,726480.6041,1.45,23.45,9.81,10.47,13.99,14.65,15.09,13.33,16.75
20160113,10.12,10.34,9.68,9.8,10.03,-0.23,-2.29,457776.27,461418.2833,1.45,23.45,9.81,11.13,13.99,14.87,15.09,13.47,1.8
20160112,9.73,10.27,9.5,10.03,9.69,0.34,3.51,489929.05,487767.8676,1.45,23.45,10.03,11.57,13.99,14.87,15.09,13.58,3.92
20160111,10.35,10.66,9.69,9.69,10.77,-1.08,-10.03,533262.04,538615.3239,1.45,23.45,10.47,12.01,13.99,14.87,15.09,13.7,0.8
20160108,11.15,11.35,9.86,10.77,10.87,-0.1,-0.92,569515.32,614282.7528,1.45,23.45,10.91,12.45,14.21,14.87,15.31,13.82,4.35
20160107,11.8,11.8,10.87,10.87,12.08,-1.21,-10.02,129454.51,145596.3127,1.45,23.45,11.57,12.89,14.21,14.87,15.31,13.94,1.74
20160106,11.95,12.15,11.76,12.08,11.75,0.33,2.81,399868.46,479226.2055,1.45,23.45,11.57,12.89,14.21,14.87,15.31,13.96,7.87
20160105,11.96,12.47,11.34,11.75,12.6,-0.85,-6.75,632723.32,748988.1253,1.45,23.45,11.57,13.11,14.21,14.87,15.31,14.02,5.29
20160104,13.82,13.99,12.6,12.6,14.0,-1.4,-10.0,451818.21,593219.2935,1.45,23.45,12.45,13.55,14.21,14.87,15.31,14.11,5.45
20151231,14.21,14.68,14.0,14.0,14.22,-0.22,-1.55,491405.56,705170.0992,1.45,23.45,12.45,13.55,14.21,14.87,15.31,14.14,27.7
20151224,14.0,14.35,13.92,14.22,14.05,0.17,1.21,405668.56,573821.9946,1.45,23.45,12.45,13.55,14.21,14.87,15.31,14.14,41.45
20151223,14.6,14.74,14.01,14.05,14.58,-0.53,-3.64,697072.69,1004871.2653,1.45,23.45,12.45,13.55,14.21,14.87,15.31,14.14,28.98
20151222,14.8,14.82,14.43,14.58,14.72,-0.14,-0.95,520426.78,758497.3191,1.45,23.45,12.45,13.55,14.21,14.87,15.31,14.14,65.47
20151221,14.65,14.82,14.37,14.72,14.64,0.08,0.55,553633.03,806921.0746,1.45,23.45,12.23,13.55,14.21,14.87,15.31,14.12,65.58
20151218,14.9,14.99,14.55,14.64,15.01,-0.37,-2.47,750040.67,1104034.6188,1.45,23.45,12.23,13.55,14.21,14.87,15.31,14.11,65.73
20151217,14.39,15.3,14.36,15.01,14.29,0.72,5.04,1194445.57,1768760.7527,1.45,23.45,12.23,13.33,14.21,14.87,15.31,14.09,86.72
20151216,14.6,14.8,14.28,14.29,14.41,-0.12,-0.83,611933.22,889023.9827,1.45,23.45,12.01,13.33,13.99,14.87,15.31,14.03,50.28
20151215,14.32,14.85,14.25,14.41,14.34,0.07,0.49,647217.83,941485.5612,1.45,23.45,12.01,13.33,13.99,14.87,15.31,14.02,62.38
20151214,13.81,14.35,13.75,14.34,13.93,0.41,2.94,584633.34,826820.614,1.45,23.45,11.79,13.33,13.99,14.87,15.31,14.0,63.81
20151211,13.79,14.22,13.74,13.93,13.92,0.01,0.07,540860.4,757267.2984,1.45,23.45,11.79,13.11,13.99,14.87,15.31,14.0,39.88
20151210,13.87,14.29,13.71,13.92,13.9,0.02,0.14,604744.53,850377.3869,1.45,23.45,11.57,13.11,13.99,15.09,15.31,14.01,39.08
20151209,14.17,14.27,13.71,13.9,14.6,-0.7,-4.79,926779.01,1297141.6745,1.45,23.45,11.57,13.11,13.99,15.09,15.31,14.02,38.15
20151208,14.0,15.15,13.8,14.6,14.04,0.56,3.99,1534912.83,2243603.681,1.45,23.45,11.35,13.11,14.21,15.09,15.31,14.03,65.8
20151207,13.9,14.35,13.76,14.04,13.77,0.27,1.96,670194.21,945545.9458,1.45,23.45,11.35,12.89,13.99,15.09,15.31,13.99,39.68
20151204,13.9,14.19,13.62,13.77,14.07,-0.3,-2.13,588324.91,817799.2943,1.45,23.45,11.35,12.89,14.21,15.09,15.31,13.99,30.75
20151203,13.77,14.3,13.64,14.07,13.74,0.33,2.4,678741.55,949259.4883,1.45,23.45,11.13,12.89,14.21,15.09,15.31,13.99,38.95
20151202,13.89,13.96,13.14,13.74,13.89,-0.15,-1.08,539053.39,733014.8737,1.45,23.45,11.13,12.89,14.21,15.09,15.53,14.0,31.82
20151201,13.6,14.08,13.47,13.89,13.58,0.31,2.28,643143.81,887721.5118,1.45,23.45,11.13,12.89,14.21,15.09,15.53,14.02,35.84
20151130,13.46,13.77,12.6,13.58,13.51,0.07,0.52,790646.48,1053425.6452,1.45,23.45,11.13,12.67,14.21,15.09,15.53,14.04,25.25
20151127,14.87,14.99,13.48,13.51,14.98,-1.47,-9.81,1019353.22,1449244.6745,1.45,23.45,11.13,12.67,14.43,15.09,15.53,14.09,22.02
20151126,15.42,15.51,14.9,14.98,15.42,-0.44,-2.85,1000369.83,1510817.8529,1.45,23.45,10.91,12.67,14.43,15.09,15.53,14.08,75.49
20151125,15.25,15.64,15.06,15.42,15.42,0.0,0.0,1171417.9,1799786.2422,1.45,23.45,10.91,12.67,14.43,15.09,15.53,14.02,87.18
20151124,15.0,15.54,14.63,15.42,14.96,0.46,3.07,1130036.71,1708247.8057,1.45,23.45,10.91,12.45,14.21,15.09,15.53,13.93,89.16
20151123,14.73,15.48,14.61,14.96,14.8,0.16,1.08,1051556.44,1584276.3696,1.45,23.45,10.91,12.45,14.21,15.09,15.53,13.85,76.61
20151120,14.84,15.16,14.55,14.8,14.65,0.15,1.02,1109535.66,1650102.5211,1.45,23.45,10.91,12.45,14.21,14.87,15.53,13.78,80.43
20151119,14.02,14.76,14.02,14.65,14.02,0.63,4.49,783956.83,1130425.6368,1.45,23.45,10.69,12.23,13.99,14.87,15.53,13.71,75.55
20151118,14.3,14.55,13.98,14.02,14.35,-0.33,-2.3,636617.29,907490.7305,1.45,23.45,10.69,12.23,13.99,14.87,15.75,13.67,44.78
20151117,15.1,15.19,14.22,14.35,14.69,-0.34,-2.31,1093494.59,1611269.1376,1.45,23.45,10.69,12.23,13.99,15.09,15.75,13.65,65.05
20151116,13.83,14.72,13.8,14.69,14.28,0.41,2.87,795848.96,1145212.6262,1.45,23.45,10.69,12.01,13.99,15.09,15.75,13.59,75.33
20151113,15.05,15.1,14.08,14.28,15.29,-1.01,-6.61,1305397.87,1906569.6581,1.45,23.45,10.69,12.01,13.77,15.09,15.75,13.56,59.57
20151112,16.03,16.32,15.13,15.29,15.62,-0.33,-2.11,2141065.4,3344142.1723,1.45,23.45,10.69,11.57,13.77,15.09,15.75,13.47,85.72
20151111,14.5,15.62,14.36,15.62,14.2,1.42,10.0,1734499.7,2621956.5609,1.45,23.45,10.47,11.35,13.33,14.43,15.09,13.17,97.73
20151110,14.2,14.77,14.08,14.2,14.13,0.07,0.5,1176984.39,1694953.3231,1.45,23.45,10.47,11.13,13.11,14.21,14.43,12.96,82.35
20151109,14.03,14.33,13.55,14.13,14.24,-0.11,-0.77,1121578.52,1571750.0274,1.45,23.45,10.47,11.13,12.89,13.99,14.43,12.85,87.12
20151106,14.15,14.55,14.08,14.24,14.03,0.21,1.5,1054561.14,1511872.0048,1.45,23.45,10.47,11.13,12.89,13.99,14.43,12.78,87.34
20151105,14.1,14.5,13.86,14.03,14.39,-0.36,-2.5,1322564.01,1870942.375,1.45,23.45,10.25,11.13,12.89,13.99,14.21,12.68,84.74
20151104,13.37,14.67,13.11,14.39,13.77,0.62,4.5,1732456.23,2405438.5249,1.45,23.45,10.25,10.91,12.67,13.77,14.21,12.55,95.06
20151026,14.25,14.27,13.42,13.77,13.89,-0.12,-0.86,1519485.43,2090303.8249,1.45,23.45,10.25,10.91,12.67,13.55,13.99,12.4,89.69
20151023,12.68,13.89,12.38,13.89,12.63,1.26,9.98,1693889.56,2227047.5671,1.45,23.45,10.25,10.91,12.45,13.11,14.21,12.26,94.71
20151022,12.14,12.78,12.11,12.63,12.11,0.52,4.29,1060531.01,1325775.7215,1.45,23.45,10.03,10.69,12.45,13.11,14.65,12.16,59.96
20151021,13.3,13.39,12.11,12.11,13.45,-1.34,-9.96,1529075.14,1953817.4364,1.45,23.45,10.03,10.69,12.45,13.11,14.65,12.14,43.73
20151020,12.79,13.55,12.79,13.45,12.8,0.65,5.08,1475204.24,1952036.2706,1.45,23.45,10.03,10.69,12.23,13.11,14.87,12.08,92.82
20151019,13.28,13.3,12.52,12.8,13.23,-0.43,-3.25,1224769.0,1583406.124,1.45,23.45,10.03,10.69,11.79,12.89,15.09,11.97,76.53
20151016,13.29,13.43,12.9,13.23,13.1,0.13,0.99,1658885.49,2180285.5285,1.45,23.45,10.03,10.47,11.57,12.89,15.09,11.9,90.11
20151015,12.35,13.36,12.35,13.1,12.44,0.66,5.31,1332780.0,1721511.6784,1.45,23.45,9.81,10.47,11.35,12.67,15.31,11.77,89.94
20151014,12.7,12.87,12.34,12.44,12.88,-0.44,-3.42,1063223.89,1338721.9081,1.45,23.45,9.81,10.47,11.35,12.67,15.31,11.67,75.89
20151013,12.2,12.99,12.16,12.88,12.4,0.48,3.87,1326805.3,1671118.6333,1.45,23.45,9.81,10.47,11.13,12.45,15.53,11.61,88.6
20151012,11.98,12.68,11.87,12.4,11.95,0.45,3.77,1472331.72,1815663.8889,1.45,23.45,9.81,10.25,11.13,12.23,15.53,11.52,86.04
20151009,11.49,12.31,11.37,11.95,11.51,0.44,3.82,1338598.17,1577452.8144,1.45,23.45,9.59,10.25,11.13,11.79,15.75,11.44,85.21
20151008,11.45,11.87,11.18,11.51,10.98,0.53,4.83,1264281.09,1463382.7267,1.45,23.45,9.59,10.25,10.91,11.79,15.75,11.42,78.44
20150930,11.24,11.28,10.7,10.98,11.08,-0.1,-0.9,722217.52,793956.2805,1.45,23.45,9.59,10.25,10.91,12.23,15.75,11.42,40.99
20150929,11.25,11.4,10.87,11.08,11.59,-0.51,-4.4,1368204.35,1522423.5007,1.45,23.45,9.59,10.25,10.91,12.45,15.75,11.44,57.31
20150928,10.82,11.66,10.53,11.59,10.6,0.99,9.34,1557375.83,1750712.7964,1.45,23.45,9.59,10.25,10.91,13.77,15.97,11.47,76.2
20150925,11.19,11.45,10.35,10.6,11.38,-0.78,-6.85,1184714.38,1297900.0104,1.45,23.45,9.59,10.03,10.91,14.43,15.97,11.51,34.67
20150924,11.05,11.87,10.92,11.38,10.81,0.57,5.27,1647227.21,1892491.741,1.45,23.45,9.37,10.03,10.91,14.65,15.97,11.56,65.91
20150923,10.78,11.1,10.65,10.81,11.1,-0.29,-2.61,976137.72,1061695.0054,1.45,23.45,9.37,10.03,10.69,14.87,16.19,11.59,52.16
20150922,10.9,11.46,10.67,11.1,11.0,0.1,0.91,1506276.8,1664228.1253,1.45,23.45,9.37,10.03,10.69,14.87,16.19,11.64,59.76
20150921,10.2,11.18,10.15,11.0,10.52,0.48,4.56,1368060.03,1461195.9493,1.45,23.45,9.37,10.03,10.69,15.09,16.19,11.7,59.98
20150918,10.23,10.65,9.92,10.52,10.09,0.43,4.26,1366228.45,1412476.1335,1.45,23.45,9.37,9.81,10.69,15.31,16.19,11.8,35.79
20150917,10.19,10.88,10.01,10.09,10.03,0.06,0.6,1618342.13,1691113.6126,1.45,23.45,9.37,9.81,10.91,15.31,16.41,11.95,17.5
20150916,9.28,10.03,9.13,10.03,9.12,0.91,9.98,1060300.03,1017019.6899,1.45,23.45,9.37,9.81,11.13,15.53,16.41,12.13,19.15
20150915,9.6,9.99,9.12,9.12,10.13,-1.01,-9.97,886976.98,838121.6123,1.45,23.45,9.59,10.03,11.13,15.53,16.41,12.32,0.86
20150914,11.37,11.48,10.13,10.13,11.26,-1.13,-10.04,968241.2,1025945.0281,1.45,23.45,9.81,10.25,11.35,15.53,16.41,12.48,14.3
20150911,11.13,11.57,11.12,11.26,11.37,-0.11,-0.97,1126435.72,1277021.0255,1.45,23.45,9.81,10.03,11.57,15.75,16.41,12.6,44.46
20150910,10.54,11.8,10.48,11.37,10.95,0.42,3.84,1511330.76,1671298.1246,1.45,23.45,9.81,10.03,11.79,15.75,16.41,12.7,43.07
20150909,10.7,11.32,10.51,10.95,10.59,0.36,3.4,1787284.85,1947908.5004,1.45,23.45,9.59,10.03,12.01,15.75,16.63,12.88,34.68
20150908,9.98,10.8,9.46,10.59,10.35,0.24,2.32,1748194.43,1772938.9631,1.45,23.45,9.59,10.03,13.33,15.97,16.63,13.14,30.14
20150907,9.71,10.35,9.58,10.35,9.41,0.94,9.99,1982563.88,2023284.2681,1.45,23.45,9.59,10.03,14.43,15.97,16.63,13.5,20.48
20150902,9.38,10.91,9.18,9.41,10.1,-0.69,-6.83,1013461.07,1004704.1523,1.45,23.45,9.81,11.57,14.65,16.19,16.63,14.01,1.7
20150901,10.71,10.95,10.1,10.1,11.22,-1.12,-9.98,697333.54,725520.6735,1.45,23.45,10.47,11.79,14.87,16.19,16.85,14.28,2.0
20150831,12.0,12.2,11.22,11.22,12.47,-1.25,-10.02,831595.28,969190.0369,1.45,23.45,11.57,11.79,14.87,16.19,16.85,14.46,3.14
20150828,11.8,12.75,11.52,12.47,11.67,0.8,6.86,1247509.11,1493644.6556,1.45,23.45,11.57,12.01,15.09,16.19,16.85,14.61,18.77
20150827,11.55,12.85,11.55,11.67,12.83,-1.16,-9.04,1567355.82,1846007.7731,1.45,23.45,11.57,12.67,15.09,16.19,16.85,14.84,6.5
20150826,12.83,12.83,12.83,12.83,14.26,-1.43,-10.03,122721.0,157451.043,1.45,23.45,12.45,14.21,15.31,16.41,16.85,15.15,6.4
20150806,14.42,14.88,14.21,14.26,14.9,-0.64,-4.3,744654.75,1077338.7991,1.45,23.45,12.45,14.21,15.31,16.41,16.85,15.17,12.35
20150805,15.3,15.7,14.6,14.9,15.6,-0.7,-4.49,1265988.71,1920615.4378,1.45,23.45,12.23,14.43,15.31,16.41,16.85,15.21,26.29
20150804,14.35,15.68,14.35,15.6,14.25,1.35,9.47,1319618.19,1989768.1297,1.45,23.45,12.01,14.21,15.53,16.41,17.07,15.23,48.49
20150803,15.2,15.5,14.25,14.25,15.83,-1.58,-9.98,1300435.82,1900202.0892,1.45,23.45,11.57,14.21,15.53,16.41,17.07,15.26,14.88
20150731,15.65,16.79,15.31,15.83,15.96,-0.13,-0.81,1477941.37,2387549.6142,1.45,23.45,11.35,13.99,15.75,16.41,17.07,15.31,49.53
20150730,16.3,17.2,15.62,15.96,16.89,-0.93,-5.51,2038905.62,3387617.5283,1.45,23.45,10.91,13.77,15.53,16.41,17.07,15.24,62.98
20150729,16.1,16.96,14.61,16.89,15.97,0.92,5.76,2810528.56,4476052.4037,1.45,23.45,10.47,13.55,15.53,16.41,17.29,15.09,91.03
20150728,13.85,15.97,13.85,15.97,14.52,1.45,9.99,2811011.5,4318797.4796,1.45,23.45,10.03,13.11,15.31,16.41,18.83,14.97,71.52
20150727,15.45,16.68,14.51,14.52,16.1,-1.58,-9.81,1762097.51,2776067.3666,1.45,23.45,9.59,12.89,15.53,16.63,19.49,15.0,28.74
20150724,16.75,17.42,15.8,16.1,17.15,-1.05,-6.12,2026678.96,3417408.7197,1.45,23.45,9.37,12.67,15.53,16.63,19.71,14.95,71.95
20150723,15.86,17.51,15.4,17.15,15.93,1.22,7.66,2107104.48,3392223.4254,1.45,23.45,9.37,12.45,15.31,16.41,19.93,14.71,89.56
20150722,15.47,16.2,15.35,15.93,15.54,0.39,2.51,1642232.62,2604653.334,1.45,23.45,9.15,11.79,14.87,15.97,20.15,14.5,79.34
20150721,15.35,16.19,15.27,15.54,15.92,-0.38,-2.39,1657740.95,2605334.023,1.45,23.45,9.15,11.35,14.65,16.19,20.37,14.37,65.11
20150720,15.8,16.5,15.08,15.92,15.47,0.45,2.91,2829185.56,4487832.4298,1.45,23.45,9.15,10.91,13.99,16.41,20.37,14.23,78.97
20150717,14.5,15.47,14.11,15.47,14.06,1.41,10.03,2815449.73,4162239.6487,1.45,23.45,8.93,10.25,13.55,17.95,20.59,13.92,80.14
20150716,12.26,14.06,11.78,14.06,12.78,1.28,10.02,2821895.8,3842601.4746,1.45,23.45,8.93,9.81,13.11,19.05,20.81,13.75,69.94
20150715,13.99,14.01,12.78,12.78,14.2,-1.42,-10.0,2545003.75,3394638.2346,1.45,23.45,8.71,9.59,13.33,19.71,20.81,13.93,38.14
20150714,14.0,14.2,13.52,14.2,12.91,1.29,9.99,2034611.58,2868720.5272,1.45,23.45,8.71,9.37,13.55,19.93,20.81,14.06,62.59
20150713,12.91,12.91,12.8,12.91,11.74,1.17,9.97,383091.02,494372.1632,1.45,23.45,8.71,9.15,12.67,20.15,21.03,14.09,51.32
20150710,11.68,11.74,11.2,11.74,10.67,1.07,10.03,547308.12,636695.7083,1.45,23.45,8.71,9.15,12.67,20.15,21.03,14.12,43.99
20150709,9.19,10.67,9.1,10.67,9.7,0.97,10.0,1538271.99,1561960.3672,1.45,23.45,8.71,9.15,12.89,20.37,21.03,14.22,35.09
20150708,8.02,9.8,8.02,9.7,8.91,0.79,8.87,3219000.04,2972409.0202,1.45,23.45,8.71,9.15,13.77,20.37,21.03,14.67,23.27
20150707,9.42,9.5,8.91,8.91,9.9,-0.99,-10.0,554440.24,503189.6246,1.45,23.45,9.81,11.13,16.63,20.59,21.03,16.12,0.57
20150706,11.55,11.55,9.45,9.9,10.5,-0.6,-5.71,1246824.07,1304049.4779,1.45,23.45,10.47,11.35,16.85,20.59,21.25,16.36,1.67
20150703,11.01,12.0,10.23,10.5,11.37,-0.87,-7.65,1178000.02,1271042.1438,1.45,23.45,10.91,12.23,17.73,20.59,21.25,16.87,1.09
20150702,12.18,12.68,11.15,11.37,12.2,-0.83,-6.8,996150.21,1183055.5682,1.45,23.45,11.79,12.89,18.61,20.59,21.25,17.34,1.0
20150701,13.21,14.07,12.2,12.2,13.55,-1.35,-9.96,1166613.7,1564792.1008,1.45,23.45,12.45,13.11,18.83,20.81,21.25,17.71,2.77
20150630,12.0,13.75,11.45,13.55,12.72,0.83,6.53,1220577.76,1518458.3725,1.45,23.45,12.45,14.43,19.27,20.81,21.25,18.11,11.84
20150629,14.47,14.58,12.72,12.72,14.13,-1.41,-9.98,827975.69,1086885.9382,1.45,23.45,13.77,15.97,19.49,20.81,21.25,18.62,0.73
20150626,15.2,15.25,14.13,14.13,15.7,-1.57,-10.0,641738.18,934047.8769,1.45,23.45,14.87,16.41,19.71,20.81,21.25,18.93,0.94
20150625,16.99,17.07,15.5,15.7,16.93,-1.23,-7.27,640216.9,1047061.3218,1.45,23.45,15.97,16.63,19.71,20.81,21.25,19.13,3.46
20150624,17.14,17.38,16.49,16.93,16.83,0.1,0.59,693173.49,1175733.2111,1.45,23.45,15.97,16.85,19.93,20.81,21.25,19.27,12.78
20150623,16.45,16.98,15.15,16.83,16.38,0.45,2.75,666266.29,1095046.0692,1.45,23.45,15.97,17.29,19.93,21.03,21.25,19.39,10.52
20150619,17.71,18.19,16.38,16.38,18.2,-1.82,-10.0,827761.68,1417610.2974,1.45,23.45,16.41,17.95,19.93,21.03,21.47,19.56,4.04
20150618,19.84,20.13,18.05,18.2,19.81,-1.61,-8.13,701815.98,1351306.0933,1.45,23.45,16.63,18.61,20.15,21.03,21.47,19.71,10.89
20150617,18.9,19.99,18.51,19.81,18.9,0.91,4.81,713515.37,1376910.0251,1.45,23.45,16.41,18.61,20.15,21.03,21.47,19.75,31.35
20150616,19.1,19.6,18.53,18.9,19.89,-0.99,-4.98,784394.5,1492960.4984,1.45,23.45,16.41,18.61,20.15,21.03,21.47,19.79,16.99
20150615,21.1,21.1,19.55,19.89,20.86,-0.97,-4.65,949400.91,1918244.9851,1.45,23.45,16.41,18.39,20.37,21.03,21.47,19.84,31.21
20150612,21.18,21.44,20.63,20.86,21.21,-0.35,-1.65,1121276.28,2344801.6994,1.45,23.45,16.19,18.39,20.37,21.03,21.47,19.84,68.55
20150611,20.42,22.12,20.26,21.21,20.41,0.8,3.92,1805363.02,3859911.6298,1.45,23.45,16.19,18.17,20.15,21.03,21.47,19.76,87.47
20150610,19.5,20.68,19.4,20.41,19.8,0.61,3.08,1052013.11,2131266.4654,1.45,23.45,15.97,17.95,20.15,20.81,21.25,19.6,57.78
20150609,20.0,20.48,19.64,19.8,20.15,-0.35,-1.74,763825.52,1529043.2887,1.45,23.45,15.97,17.95,20.15,21.03,21.47,19.58,32.03
20150608,20.95,20.95,19.72,20.15,20.98,-0.83,-3.96,1156589.71,2325614.5117,1.45,23.45,15.97,17.73,20.15,21.03,21.47,19.57,45.26
20150605,20.63,21.45,20.05,20.98,20.4,0.58,2.84,1555671.53,3249131.6851,1.45,23.45,15.75,17.73,20.15,21.03,21.47,19.54,82.02
20150604,20.9,21.23,18.92,20.4,20.9,-0.5,-2.39,962983.29,1946900.1927,1.45,23.45,15.75,17.51,20.15,21.03,21.47,19.42,55.04
20150603,21.21,21.48,19.96,20.9,21.21,-0.31,-1.46,1131739.54,2350972.5165,1.45,23.45,15.75,17.29,20.15,21.03,21.47,19.4,72.08
20150602,20.7,21.45,20.3,21.21,20.6,0.61,2.96,1396482.97,2907876.5757,1.45,23.45,15.53,17.07,19.93,21.03,21.47,19.31,87.75
20150601,19.56,20.99,19.56,20.6,19.51,1.09,5.59,1097128.33,2236362.8587,1.45,23.45,15.53,16.85,19.71,21.03,21.47,19.17,68.21
20150529,19.02,20.0,17.8,19.51,19.09,0.42,2.2,1233540.08,2376591.5985,1.45,23.45,15.53,16.85,19.49,21.03,21.69,19.09,48.31
20150528,20.92,21.47,18.97,19.09,20.92,-1.83,-8.75,1549620.01,3186920.6023,1.45,23.45,15.31,16.63,19.71,21.03,21.69,19.13,41.61
20150527,21.29,21.3,20.5,20.92,21.46,-0.54,-2.52,1365979.14,2853481.8721,1.45,23.45,15.31,16.63,19.49,21.25,21.69,19.01,70.56
20150526,20.68,21.82,20.68,21.46,20.58,0.88,4.28,1618932.23,3466580.4383,1.45,23.45,15.09,16.41,18.83,21.25,21.91,18.84,88.61
20150525,19.9,20.83,19.2,20.58,20.88,-0.3,-1.44,1588523.43,3184097.5472,1.45,23.45,15.09,16.19,18.39,21.03,21.91,18.59,76.15
20150522,23.01,23.55,20.16,20.88,21.99,-1.11,-5.05,2698497.38,5799900.7264,1.45,23.45,15.09,16.19,18.17,21.25,21.91,18.44,76.92
20150521,38.44,41.81,38.28,41.81,38.01,3.8,10.0,1067115.04,4290781.8532,1.45,23.45,14.87,15.97,17.73,19.93,21.03,17.76,99.95
20150520,35.4,38.8,34.87,38.01,35.28,2.73,7.74,927140.37,3466823.5253,1.45,23.45,14.87,15.75,17.73,18.61,19.49,17.28,98.21
20150519,34.15,35.37,33.15,35.28,34.05,1.23,3.61,722875.61,2477569.7067,1.45,23.45,14.87,15.53,17.29,18.17,18.61,17.01,92.83
20150518,33.73,35.5,33.73,34.05,34.27,-0.22,-0.64,769782.84,2655416.5996,1.45,23.45,14.87,15.53,17.07,18.17,18.61,16.93,67.47
20150515,36.2,36.22,33.49,34.27,36.44,-2.17,-5.96,1017130.57,3535162.7388,1.45,23.45,14.65,15.53,16.85,18.17,18.61,16.81,72.31
20150514,34.01,36.44,33.46,36.44,33.13,3.31,9.99,1284067.01,4609430.4866,1.45,23.45,14.65,15.31,16.63,18.17,18.61,16.63,99.51
20150513,32.3,34.5,30.87,33.13,32.19,0.94,2.92,900075.85,2964426.0138,1.45,23.45,14.65,15.09,16.41,17.51,17.95,16.32,83.63
20150512,32.18,32.67,31.01,32.19,31.7,0.49,1.55,847691.55,2703130.4456,1.45,23.45,14.65,15.09,16.19,17.51,18.17,16.23,68.26
20150511,30.3,32.38,29.95,31.7,30.3,1.4,4.62,805525.64,2526314.5924,1.45,23.45,14.43,15.09,16.19,17.51,18.17,16.19,62.78
20150508,28.52,30.75,28.31,30.3,27.95,2.35,8.41,632887.57,1853614.1589,1.45,23.45,14.43,14.87,15.97,17.51,18.17,16.18,43.15
20150507,29.56,29.83,27.9,27.95,29.81,-1.86,-6.24,419221.35,1203373.9725,1.45,23.45,14.43,15.09,16.19,17.73,18.17,16.29,6.13
20150506,29.93,31.3,29.65,29.81,29.68,0.13,0.44,492082.09,1500345.8092,1.45,23.45,14.43,15.31,16.41,17.73,18.39,16.39,24.67
20150505,30.5,30.86,29.6,29.68,30.92,-1.24,-4.01,432111.09,1301339.1643,1.45,23.45,14.43,15.09,16.63,17.73,18.39,16.45,19.27
20150504,31.5,31.66,30.2,30.92,32.11,-1.19,-3.71,461182.84,1427506.3134,1.45,23.45,14.43,15.09,16.63,17.73,18.39,16.5,33.1
20150430,33.5,34.65,32.0,32.11,32.98,-0.87,-2.64,921778.48,3093456.8861,1.45,23.45,14.43,14.87,16.85,17.95,18.39,16.55,46.68
20150429,29.95,32.98,29.79,32.98,29.98,3.0,10.01,740793.04,2339395.4562,1.45,23.45,14.21,14.87,16.63,17.95,18.39,16.38,72.27
20150428,31.75,32.0,29.6,29.98,32.05,-2.07,-6.46,609835.71,1867576.6935,1.45,23.45,14.21,14.65,16.63,17.95,18.39,16.39,33.22
20150427,32.02,32.97,31.9,32.05,32.15,-0.1,-0.31,589177.88,1903949.1308,1.45,23.45,14.21,14.65,16.85,18.17,18.61,16.45,45.81
20150424,32.71,33.13,31.02,32.15,33.59,-1.44,-4.29,845013.82,2730402.8645,1.45,23.45,14.21,14.65,16.85,18.17,18.61,16.39,49.85
20150423,32.99,35.98,32.7,33.59,33.51,0.08,0.24,1228999.06,4198770.3747,1.45,23.45,14.21,14.65,16.41,18.17,18.61,16.33,64.88
20150422,36.7,36.7,33.41,33.51,33.36,0.15,0.45,1570245.0,5503973.6425,1.45,23.45,13.99,14.43,15.31,18.17,18.61,15.94,73.37
20150421,31.62,33.36,31.62,33.36,30.33,3.03,9.99,641899.93,2109342.0891,1.45,23.45,13.99,14.43,14.87,16.19,17.07,15.1,99.74
20150420,28.1,30.33,28.1,30.33,27.57,2.76,10.01,1054896.42,3113138.0633,1.45,23.45,13.99,14.21,14.87,15.53,16.19,14.88,93.57
20150417,27.79,28.24,27.2,27.57,27.7,-0.13,-0.47,404762.02,1121597.8086,1.45,23.45,13.99,14.21,14.65,15.53,16.19,14.79,18.35
20150416,26.98,28.78,26.66,27.7,27.68,0.02,0.07,457623.68,1281773.6471,1.45,23.45,13.99,14.21,14.87,15.53,16.41,14.81,32.08
20150415,26.75,29.09,26.0,27.68,26.77,0.91,3.4,685112.9,1895809.6909,1.45,23.45,13.99,14.21,14.87,15.53,16.41,14.85,29.22
20150414,27.5,27.5,26.63,26.77,27.71,-0.94,-3.39,431771.64,1163305.5027,1.45,23.45,13.99,14.43,14.87,15.53,16.41,14.91,3.04
20150413,28.18,28.18,27.5,27.71,28.16,-0.45,-1.6,425216.89,1179622.6078,1.45,23.45,14.21,14.43,14.87,15.75,16.41,14.98,18.92
20150410,28.0,28.4,27.8,28.16,27.66,0.5,1.81,380493.91,1071244.8458,1.45,23.45,14.21,14.43,15.09,15.75,16.41,15.02,30.67
20150409,28.5,28.55,26.01,27.66,28.71,-1.05,-3.66,573328.5,1568315.8098,1.45,23.45,14.21,14.43,15.09,15.75,16.41,15.05,15.64
20150408,30.01,30.29,28.08,28.71,29.98,-1.27,-4.24,608474.9,1770966.1584,1.45,23.45,14.43,14.65,15.09,15.75,16.41,15.13,40.49
20150407,28.63,30.49,28.24,29.98,28.5,1.48,5.19,793307.08,2345919.6815,1.45,23.45,14.43,14.65,15.09,15.97,16.63,15.13,79.67
20150403,29.01,29.2,28.1,28.5,29.0,-0.5,-1.72,493733.93,1412724.2884,1.45,23.45,14.43,14.65,15.09,15.97,16.63,15.1,47.69
20150402,28.5,29.0,28.3,29.0,28.29,0.71,2.51,594435.27,1706266.3593,1.45,23.45,14.21,14.65,15.09,16.19,16.63,15.12,60.97
20150401,28.0,28.57,27.82,28.29,28.03,0.26,0.93,442435.93,1249196.6018,1.45,23.45,14.21,14.65,15.09,16.19,16.63,15.14,28.16
20150331,27.8,28.66,27.6,28.03,27.91,0.12,0.43,443214.58,1249264.1398,1.45,23.45,14.21,14.65,15.09,16.19,16.63,15.18,14.14
20150330,28.31,28.88,27.29,27.91,28.77,-0.86,-2.99,525609.92,1470289.091,1.45,23.45,14.21,14.65,15.31,16.41,16.63,15.22,12.95
20150327,28.16,29.08,27.71,28.77,28.57,0.2,0.7,412644.87,1178023.0028,1.45,23.45,14.21,14.65,15.31,16.41,16.63,15.29,29.58
20150326,30.5,30.52,28.28,28.57,31.31,-2.74,-8.75,872275.87,2563097.0678,1.45,23.45,14.21,14.87,15.31,16.41,16.63,15.33,26.37
20150325,32.0,32.66,31.12,31.31,31.9,-0.59,-1.85,856139.0,2723381.072,1.45,23.45,13.99,14.65,15.31,16.41,16.85,15.33,77.86
20150324,30.29,32.2,29.3,31.9,30.59,1.31,4.28,1247549.12,3880907.8363,1.45,23.45,13.99,14.65,15.31,16.19,16.63,15.13,97.23
20150323,28.87,31.0,28.4,30.59,28.95,1.64,5.66,1060358.39,3181824.82,1.45,23.45,12.67,14.43,15.09,15.75,16.41,14.9,93.19
20150320,28.3,29.56,28.13,28.95,28.47,0.48,1.69,698065.31,2022980.6794,1.45,23.45,11.35,14.43,14.87,15.53,16.63,14.78,70.64
20150319,29.25,29.25,28.33,28.47,28.93,-0.46,-1.59,554571.05,1590970.0449,1.45,23.45,10.91,14.21,14.87,15.53,16.63,14.74,33.79
20150318,28.4,29.32,28.1,28.93,28.78,0.15,0.52,701229.48,2007952.6863,1.45,23.45,10.69,14.21,14.87,15.75,16.63,14.72,67.81
20150317,29.55,29.96,28.5,28.78,29.5,-0.72,-2.44,850906.99,2471363.5248,1.45,23.45,10.69,14.21,14.87,15.75,16.85,14.7,50.5
20150316,28.56,30.7,28.02,29.5,28.49,1.01,3.55,914969.02,2703734.6615,1.45,23.45,10.25,14.21,14.87,15.97,16.85,14.61,74.21
20150313,28.07,28.95,27.5,28.49,28.4,0.09,0.32,776969.48,2203929.3877,1.45,23.45,9.81,13.99,14.65,16.19,16.85,14.49,64.97
20150312,29.71,30.59,27.1,28.4,29.9,-1.5,-5.02,1264308.63,3613532.6192,1.45,23.45,9.59,13.77,14.65,16.41,16.85,14.46,53.56
20150311,32.5,33.53,29.8,29.9,30.48,-0.58,-1.9,1528225.92,4934676.0773,1.45,23.45,9.15,11.57,14.43,16.63,17.07,14.3,73.06
20150310,27.81,30.48,27.81,30.48,27.71,2.77,10.0,791240.96,2335916.1117,1.45,23.45,8.93,10.69,14.43,14.87,15.31,13.48,99.87
20150309,27.3,27.88,26.24,27.71,28.0,-0.29,-1.04,781211.19,2130282.9345,1.45,23.45,8.93,10.47,14.21,14.65,14.87,13.21,78.71
20150306,27.57,28.66,27.21,28.0,27.59,0.41,1.49,1043088.41,2923447.0509,1.45,23.45,8.93,10.03,14.21,14.65,14.87,13.08,75.81
20150305,27.56,28.15,27.1,27.59,27.8,-0.21,-0.76,870205.26,2395899.7004,1.45,23.45,8.93,9.59,14.21,14.65,14.87,12.77,63.8
20150304,27.22,28.88,27.01,27.8,27.6,0.2,0.72,1050002.72,2930121.773,1.45,23.45,8.71,9.37,13.99,14.65,14.87,12.5,81.84
20150303,28.05,29.22,26.82,27.6,28.05,-0.45,-1.6,1468370.22,4064209.6709,1.45,23.45,8.71,9.15,12.45,14.43,14.87,12.08,75.97
20150302,26.1,28.05,26.0,28.05,25.5,2.55,10.0,1352732.3,3732683.3205,1.45,23.45,8.71,8.93,10.91,13.99,14.43,11.26,99.46
20150227,23.19,25.5,23.19,25.5,23.18,2.32,10.01,888124.58,2191466.3458,1.45,23.45,8.49,8.93,10.47,12.23,12.89,10.42,99.57
20150226,20.4,23.18,20.01,23.18,21.07,2.11,10.01,1283504.23,2834938.2349,1.45,23.45,8.49,8.93,10.03,11.13,11.79,10.0,99.0
20150225,21.07,21.07,19.88,21.07,19.15,1.92,10.03,1416461.09,2941148.3196,1.45,23.45,8.27,8.71,9.59,10.69,10.91,9.65,96.28
20150217,19.15,19.15,19.15,19.15,17.41,1.74,9.99,12348.97,23648.2776,1.45,23.45,8.27,8.71,9.15,9.81,10.69,9.28,86.19
20150216,17.41,17.41,17.41,17.41,15.83,1.58,9.98,159031.67,276874.1375,1.45,23.45,8.27,8.71,9.15,9.81,10.69,9.28,43.44
20140711,16.1,16.22,15.52,15.83,16.1,-0.27,-1.68,280550.13,443541.1802,1.45,23.45,8.27,8.71,9.15,9.81,10.91,9.29,3.44
20140710,17.12,17.13,15.85,16.1,17.0,-0.9,-5.29,341334.82,558349.8268,1.45,23.45,8.49,8.71,9.15,9.81,10.91,9.35,2.47
20140709,17.28,17.45,17.0,17.0,17.24,-0.24,-1.39,142844.81,246505.1182,1.45,23.45,8.71,8.93,9.15,10.03,10.91,9.4,13.13
20140708,17.1,17.39,16.8,17.24,17.16,0.08,0.47,135810.15,232966.3337,1.45,23.45,8.71,8.93,9.15,10.03,10.91,9.42,33.96
20140707,17.34,17.35,16.85,17.16,17.3,-0.14,-0.81,126124.27,215105.4216,1.45,23.45,8.71,8.93,9.37,10.03,10.91,9.43,32.58
20140704,17.55,17.55,17.1,17.3,17.29,0.01,0.06,130349.19,225712.4304,1.45,23.45,8.49,8.93,9.37,10.03,10.91,9.44,31.11
20140703,17.56,17.76,17.1,17.29,17.61,-0.32,-1.82,167943.13,292672.4379,1.45,23.45,8.49,8.93,9.37,10.03,10.91,9.46,30.79
20140702,17.78,17.91,17.37,17.61,17.76,-0.15,-0.84,125716.91,221696.3771,1.45,23.45,8.49,8.93,9.37,10.03,11.13,9.47,45.61
20140701,17.8,18.0,17.55,17.76,17.86,-0.1,-0.56,166984.93,296263.5262,1.45,23.45,8.49,8.93,9.37,10.03,11.13,9.48,44.61
20140630,17.11,17.88,16.82,17.86,17.11,0.75,4.38,299731.83,523018.581,1.45,23.45,8.49,8.93,9.37,10.03,11.13,9.49,44.63
20140627,17.25,17.35,16.84,17.11,17.1,0.01,0.06,177021.78,302739.6136,1.45,23.45,8.49,8.93,9.37,10.25,11.13,9.51,29.88
20140626,16.93,17.41,16.86,17.1,16.99,0.11,0.65,158076.78,271924.6175,1.45,23.45,8.49,8.93,9.59,10.25,11.35,9.54,13.92
20140625,17.18,17.25,16.7,16.99,17.18,-0.19,-1.11,119522.94,201852.1181,1.45,23.45,8.49,8.93,9.59,10.25,11.35,9.56,13.92
20140624,17.25,17.45,17.09,17.18,17.33,-0.15,-0.87,113784.34,196048.8305,1.45,23.45,8.49,8.93,9.59,10.25,11.35,9.58,24.48
20140623,17.21,17.55,17.2,17.33,17.08,0.25,1.46,127099.05,220728.4887,1.45,23.45,8.49,8.93,9.59,10.25,11.35,9.59,23.36
20140620,17.02,17.17,16.68,17.08,17.01,0.07,0.41,127408.6,216318.6646,1.45,23.45,8.49,8.93,9.59,10.25,11.35,9.6,13.77
20140619,18.3,18.49,16.79,17.01,18.42,-1.41,-7.65,245293.54,430892.7483,1.45,23.45,8.49,8.93,9.59,10.25,11.35,9.62,13.01
20140618,18.49,18.9,18.39,18.42,18.48,-0.06,-0.32,137775.79,256447.361,1.45,23.45,8.49,8.93,9.59,10.25,11.57,9.64,57.63
20140617,18.78,18.83,18.41,18.48,18.95,-0.47,-2.48,159069.68,295311.4924,1.45,23.45,8.49,8.93,9.59,10.47,11.57,9.64,57.97
20140616,18.42,18.97,18.2,18.95,18.37,0.58,3.16,234166.35,437261.2416,1.45,23.45,8.49,8.93,9.59,10.47,11.57,9.64,74.12
20140613,18.35,18.68,18.17,18.37,18.5,-0.13,-0.7,183866.95,338421.9252,1.45,23.45,8.49,8.93,9.59,10.47,11.57,9.64,43.67
20140612,18.98,19.09,18.43,18.5,18.98,-0.48,-2.53,255002.33,478220.3601,1.45,23.45,8.49,8.71,9.59,10.47,11.57,9.65,57.16
20140611,18.72,19.16,18.61,18.98,18.89,0.09,0.48,200315.33,379443.4503,1.45,23.45,8.49,8.71,9.59,10.47,11.79,9.64,71.07
20140610,18.5,19.26,18.12,18.89,18.56,0.33,1.78,303263.09,568763.042,1.45,23.45,8.49,8.71,9.59,10.47,11.79,9.64,70.45
20140609,18.63,19.08,18.46,18.56,18.82,-0.26,-1.38,205216.65,384350.2735,1.45,23.45,8.49,8.71,9.37,10.69,11.79,9.64,60.25
20140606,19.18,19.37,18.43,18.82,19.4,-0.58,-2.99,323658.91,614506.2407,1.45,23.45,8.49,8.71,9.37,10.69,11.79,9.64,68.84
20140605,17.8,19.5,17.72,19.4,17.91,1.49,8.32,488831.75,914131.1497,1.45,23.45,8.49,8.71,9.37,10.69,12.01,9.62,73.34
20140604,17.66,17.95,17.35,17.91,17.72,0.19,1.07,185782.98,328379.7854,1.45,23.45,8.49,8.71,9.37,10.69,12.01,9.63,48.55
20140603,17.53,18.13,17.5,17.72,17.5,0.22,1.26,153730.53,273990.7184,1.45,23.45,8.49,8.71,9.37,10.69,12.01,9.64,48.02
20140530,17.43,17.8,17.18,17.5,17.5,0.0,0.0,140542.17,246149.597,1.45,23.45,8.49,8.71,9.37,10.91,12.01,9.65,34.87
20140529,18.16,18.2,17.5,17.5,18.22,-0.72,-3.95,186452.0,332104.1333,1.45,23.45,8.49,8.71,9.37,10.91,12.01,9.67,35.46
20140528,17.99,18.53,17.85,18.22,17.76,0.46,2.59,234476.7,427424.1159,1.45,23.45,8.49,8.71,9.37,10.91,12.01,9.69,55.19
20140527,18.35,18.35,17.72,17.76,18.37,-0.61,-3.32,168544.19,302567.6838,1.45,23.45,8.49,8.71,9.37,10.91,12.01,9.7,47.64
20140526,18.12,18.84,17.8,18.37,18.17,0.2,1.1,301682.22,553635.6985,1.45,23.45,8.49,8.71,9.37,10.91,12.01,9.71,53.79
20140523,17.0,18.19,16.75,18.17,17.08,1.09,6.38,256985.1,451092.5391,1.45,23.45,8.49,8.71,9.15,10.91,12.23,9.73,54.12
20140522,27.55,28.16,27.35,27.39,27.26,0.13,0.48,146064.19,405321.2308,1.45,23.45,8.49,8.71,9.15,11.13,12.23,9.76,28.31
20140521,27.0,27.3,26.4,27.26,27.09,0.17,0.63,81336.6,219030.9056,1.45,23.45,8.49,8.71,9.59,11.13,12.23,9.79,29.19
20140520,27.16,27.72,26.9,27.09,26.8,0.29,1.08,92431.12,252727.4106,1.45,23.45,8.49,8.71,9.81,11.13,12.23,9.82,27.72
20140519,26.0,26.89,25.72,26.8,26.17,0.63,2.41,76611.82,202936.455,1.45,23.45,8.49,8.71,9.81,11.13,12.23,9.85,27.25
20140516,26.85,27.15,25.7,26.17,26.9,-0.73,-2.71,94382.86,248069.6051,1.45,23.45,8.49,8.71,9.81,11.35,12.23,9.88,13.34
20140515,27.48,28.45,26.85,26.9,27.4,-0.5,-1.82,143766.37,398469.7214,1.45,23.45,8.49,8.71,10.03,11.35,12.23,9.92,23.57
20140514,26.52,27.53,26.52,27.4,26.5,0.9,3.4,109336.26,296252.1348,1.45,23.45,8.49,8.71,10.03,11.35,12.23,9.97,24.22
20140513,26.49,27.4,26.38,26.5,26.49,0.01,0.04,90518.14,243177.6933,1.45,23.45,8.27,8.71,10.03,11.35,12.23,10.0,12.48
20140512,26.08,26.75,25.56,26.49,25.88,0.61,2.36,89379.06,234139.8744,1.45,23.45,8.27,8.71,10.25,11.35,12.23,10.05,12.46
20140509,26.68,26.9,25.5,25.88,26.7,-0.82,-3.07,90551.8,235564.4844,1.45,23.45,8.49,8.71,10.25,11.35,12.45,10.09,4.9
20140508,26.53,27.54,26.52,26.7,26.92,-0.22,-0.82,81526.7,219773.1274,1.45,23.45,8.49,8.71,10.25,11.57,12.45,10.13,8.56
20140507,27.6,28.33,26.88,26.92,28.21,-1.29,-4.57,99774.53,275709.3189,1.45,23.45,8.49,8.71,10.25,11.57,12.45,10.17,15.54
20140506,27.58,28.77,27.5,28.21,27.47,0.74,2.69,147249.59,415480.1506,1.45,23.45,8.49,8.71,10.25,11.57,12.45,10.2,28.92
20140505,26.48,27.55,26.3,27.47,26.47,1.0,3.78,106181.54,287414.2504,1.45,23.45,8.49,8.71,10.25,11.57,12.45,10.26,23.24
20140430,26.1,26.98,26.03,26.47,26.0,0.47,1.81,93520.73,248083.8411,1.45,23.45,8.49,8.93,10.47,11.57,12.45,10.31,9.1
20140429,25.9,26.59,25.44,26.0,25.98,0.02,0.08,86031.99,223898.5839,1.45,23.45,8.49,8.93,10.47,11.57,12.45,10.36,4.45
20140428,25.87,26.5,25.05,25.98,26.41,-0.43,-1.63,118249.51,305137.617,1.45,23.45,8.49,8.93,10.47,11.79,12.45,10.41,3.39
20140425,27.95,27.95,26.36,26.41,28.0,-1.59,-5.68,114805.42,310783.472,1.45,23.45,8.71,9.15,10.47,11.79,12.45,10.49,1.9
20140424,27.11,28.5,26.88,28.0,27.58,0.42,1.52,136084.75,375417.9938,1.45,23.45,8.93,9.37,10.47,11.79,12.45,10.55,10.33
20140423,27.8,27.95,26.1,27.58,27.68,-0.1,-0.36,168388.08,453581.7081,1.45,23.45,8.93,9.81,10.47,11.79,12.67,10.62,8.08
20140422,29.82,30.14,26.82,27.68,29.8,-2.12,-7.11,210187.69,585308.7709,1.45,23.45,9.15,10.03,10.69,11.79,12.67,10.72,3.38
20140421,31.02,31.54,29.66,29.8,31.33,-1.53,-4.88,148628.15,450722.9496,1.45,23.45,9.81,10.03,10.69,12.01,12.67,10.82,3.76
20140418,31.59,31.71,31.15,31.33,31.33,0.0,0.0,54333.73,170825.3146,1.45,23.45,9.81,10.25,10.69,12.01,12.67,10.86,14.41
20140417,31.1,31.96,30.91,31.33,31.12,0.21,0.67,79900.06,252466.5427,1.45,23.45,9.81,10.25,10.69,12.01,12.67,10.88,13.9
20140416,31.1,31.47,30.69,31.12,31.14,-0.02,-0.06,61800.09,191743.4836,1.45,23.45,9.81,10.25,10.69,12.01,12.67,10.9,13.89
20140415,31.84,31.99,31.0,31.14,31.81,-0.67,-2.11,95502.0,298943.7242,1.45,23.45,9.81,10.25,10.69,12.01,12.67,10.91,12.47
20140414,32.35,32.53,31.68,31.81,31.82,-0.01,-0.03,91576.24,293338.0149,1.45,23.45,9.81,10.25,10.69,12.01,12.67,10.94,23.41
20140411,32.48,32.6,31.35,31.82,33.06,-1.24,-3.75,125036.36,398623.8389,1.45,23.45,9.81,10.25,10.69,12.01,12.89,10.95,22.8
20140410,33.03,33.99,32.56,33.06,32.9,0.16,0.49,113289.89,377581.1329,1.45,23.45,9.81,10.25,10.69,12.01,12.89,10.98,50.93
20140409,33.1,33.68,32.76,32.9,32.28,0.62,1.92,125965.58,418217.4722,1.45,23.45,9.81,10.25,10.69,12.01,12.89,10.99,50.51
20140408,32.36,32.75,31.3,32.28,32.8,-0.52,-1.59,82344.76,263296.503,1.45,23.45,9.81,10.25,10.69,12.01,12.89,11.0,36.45
20140404,31.8,32.85,31.21,32.8,31.65,1.15,3.63,104953.71,338422.0257,1.45,23.45,9.81,10.25,10.91,12.01,12.89,11.02,34.93
20140403,31.9,32.55,31.01,31.65,32.09,-0.44,-1.37,72398.32,230058.8648,1.45,23.45,9.81,10.25,10.91,12.23,12.89,11.04,21.46
20140402,33.38,33.67,31.6,32.09,33.39,-1.3,-3.89,92650.8,299816.8906,1.45,23.45,9.81,10.25,10.91,12.23,12.89,11.06,20.51
20140401,31.9,33.45,31.7,33.39,32.18,1.21,3.76,87009.24,287589.6307,1.45,23.45,9.81,10.25,10.91,12.23,12.89,11.07,44.98
20140331,32.3,33.1,31.21,32.18,32.2,-0.02,-0.06,92300.55,299264.4389,1.45,23.45,9.81,10.25,10.91,12.23,13.11,11.09,31.66
20140328,34.07,34.3,30.66,32.2,34.07,-1.87,-5.49,139309.95,448863.9167,1.45,23.45,9.81,10.25,10.91,12.23,13.11,11.1,30.48
20140327,35.55,35.98,34.0,34.07,36.05,-1.98,-5.49,144538.92,503610.0997,1.45,23.45,9.81,10.25,11.13,12.23,13.11,11.13,49.36
20140326,33.94,36.17,33.06,36.05,33.48,2.57,7.68,246729.42,872219.1225,1.45,23.45,9.81,10.25,10.91,12.23,13.11,11.12,67.62
20140325,33.48,34.55,32.8,33.48,32.72,0.76,2.32,166105.41,560968.9909,1.45,23.45,9.59,10.03,10.91,12.23,13.11,11.12,45.61
20140324,31.2,33.2,31.0,32.72,31.42,1.3,4.14,171058.8,553401.6171,1.45,23.45,9.59,10.03,10.91,12.45,13.11,11.14,34.5
20140321,30.05,31.5,29.29,31.42,30.47,0.95,3.12,125252.63,379227.1367,1.45,23.45,9.59,10.03,10.91,12.45,13.11,11.17,17.18
20140320,32.25,32.87,30.45,30.47,32.17,-1.7,-5.28,94388.26,297923.7755,1.45,23.45,9.81,10.25,11.13,12.45,13.11,11.23,9.51
20140319,33.76,33.76,32.15,32.17,33.78,-1.61,-4.77,88176.94,289809.3219,1.45,23.45,9.81,10.25,11.13,12.45,13.11,11.26,28.1
20140318,33.32,34.26,32.75,33.78,33.42,0.36,1.08,116288.4,390102.5162,1.45,23.45,9.59,10.25,11.35,12.45,13.11,11.28,46.01
20140317,32.58,33.7,32.2,33.42,32.57,0.85,2.61,84852.29,281276.0935,1.45,23.45,9.59,10.03,11.35,12.45,13.11,11.29,39.53
20140314,32.03,33.6,31.88,32.57,32.25,0.32,0.99,135200.6,444764.4695,1.45,23.45,9.59,10.03,11.57,12.45,13.11,11.31,30.0
20140313,31.5,32.44,31.3,32.25,31.71,0.54,1.7,111419.98,356912.4243,1.45,23.45,9.59,10.03,11.57,12.45,13.11,11.34,30.05
20140312,30.08,32.5,29.87,31.71,30.13,1.58,5.24,162429.72,510473.9845,1.45,23.45,9.59,10.03,11.57,12.45,13.33,11.37,21.03
20140311,29.2,30.78,29.11,30.13,29.3,0.83,2.83,97072.66,292663.3543,1.45,23.45,9.59,10.25,11.79,12.67,13.33,11.44,5.71
20140310,31.29,31.36,29.22,29.3,32.0,-2.7,-8.44,124700.37,378468.038,1.45,23.45,9.81,10.25,11.79,12.67,13.33,11.5,2.29
20140307,32.8,33.3,31.88,32.0,32.57,-0.57,-1.75,84900.6,275784.4464,1.45,23.45,9.81,10.47,11.79,12.67,13.33,11.57,11.79
20140306,33.3,33.3,31.6,32.57,33.41,-0.84,-2.51,108837.86,353471.7736,1.45,23.45,9.81,10.47,11.79,12.67,13.33,11.6,17.43
20140305,32.9,33.66,32.59,33.41,32.38,1.03,3.18,101165.85,336052.0016,1.45,23.45,9.81,10.47,11.79,12.67,13.33,11.63,22.77
20140304,32.88,33.7,31.89,32.38,32.9,-0.52,-1.58,99559.62,327882.3533,1.45,23.45,9.81,10.47,11.79,12.67,13.33,11.67,16.04
20140303,32.44,33.76,32.2,32.9,32.65,0.25,0.77,117027.76,388658.3881,1.45,23.45,9.81,10.47,12.01,12.67,13.33,11.7,19.88
20140228,31.1,33.3,30.15,32.65,32.72,-0.07,-0.21,180848.11,573138.8025,1.45,23.45,9.81,10.47,12.01,12.67,13.33,11.74,15.82
20140227,36.3,37.5,32.72,32.72,36.36,-3.64,-10.01,258329.77,910072.1077,1.45,23.45,9.81,10.91,12.01,12.89,13.33,11.82,11.77
20140219,37.02,37.02,35.6,36.36,37.18,-0.82,-2.21,156582.14,565797.1094,1.45,23.45,9.81,10.91,12.01,12.89,13.33,11.87,40.23
20140218,37.78,38.18,36.85,37.18,37.96,-0.78,-2.05,160203.62,598044.9681,1.45,23.45,9.81,10.91,12.01,12.89,13.33,11.87,55.32
20140217,36.4,37.96,36.4,37.96,36.37,1.59,4.37,196921.78,732223.3165,1.45,23.45,9.81,10.69,12.01,12.89,13.33,11.87,66.38
20140214,35.87,36.6,35.33,36.37,36.02,0.35,0.97,160856.23,580204.5659,1.45,23.45,9.59,10.69,12.01,13.11,13.33,11.86,41.87
20140213,38.73,38.96,35.8,36.02,38.36,-2.34,-6.1,273779.67,1009975.1835,1.45,23.45,9.59,10.47,12.01,13.11,13.33,11.88,28.45
20140212,38.06,39.2,37.95,38.36,38.7,-0.34,-0.88,176509.08,676496.1241,1.45,23.45,9.59,10.47,12.01,13.11,13.33,11.86,70.49
20140211,40.96,41.8,37.58,38.7,41.2,-2.5,-6.07,275747.39,1088346.692,1.45,23.45,9.59,10.47,12.01,13.11,13.33,11.83,70.91
20140210,41.68,42.0,39.61,41.2,41.6,-0.4,-0.96,244052.46,995972.0229,1.45,23.45,9.59,10.25,12.01,13.11,13.33,11.74,96.55
20140207,41.2,42.04,40.06,41.6,41.44,0.16,0.39,248416.9,1023892.2671,1.45,23.45,9.59,10.25,11.79,12.67,13.33,11.63,97.76
20140130,37.39,41.44,37.39,41.44,37.67,3.77,10.01,355953.72,1438544.7913,1.45,23.45,9.59,10.25,11.79,12.45,12.89,11.5,99.85
20140129,36.05,38.2,36.05,37.67,35.95,1.72,4.78,192276.91,721576.1783,1.45,23.45,9.59,10.03,11.79,12.23,12.45,11.34,90.72
20140128,36.5,37.38,35.66,35.95,36.9,-0.95,-2.57,173593.73,630736.5342,1.45,23.45,9.59,10.03,11.79,12.23,12.45,11.3,48.31
20140127,36.8,38.97,36.6,36.9,37.24,-0.34,-0.91,223399.44,846489.0892,1.45,23.45,9.59,10.03,11.57,12.23,12.45,11.27,77.61
20140124,37.51,37.88,36.6,37.24,37.84,-0.6,-1.59,194464.44,723191.8946,1.45,23.45,9.59,10.03,11.57,12.23,12.45,11.2,81.53
20140123,35.9,38.5,35.61,37.84,35.75,2.09,5.85,295976.8,1104273.4194,1.45,23.45,9.59,9.81,11.57,12.23,12.45,11.15,91.82
20140122,35.49,36.78,34.6,35.75,36.32,-0.57,-1.57,246887.56,880819.7279,1.45,23.45,9.59,9.81,11.35,12.01,12.45,11.07,62.7
20140121,34.77,36.35,34.51,36.32,34.26,2.06,6.01,190985.36,676083.5769,1.45,23.45,9.37,9.81,11.35,12.23,12.45,11.03,73.91
20140120,35.6,35.88,34.15,34.26,36.23,-1.97,-5.44,152716.34,532900.778,1.45,23.45,9.37,9.81,11.13,12.23,12.45,11.01,50.15
20140117,36.3,37.35,35.76,36.23,36.11,0.12,0.33,144225.62,527770.8165,1.45,23.45,9.37,9.81,11.13,12.23,12.45,11.0,71.12
20140116,38.1,38.29,35.54,36.11,37.97,-1.86,-4.9,205445.0,752499.5307,1.45,23.45,9.37,9.81,10.91,12.23,12.45,10.96,61.19
20140115,36.87,39.15,36.62,37.97,37.14,0.83,2.23,197466.94,753602.8406,1.45,23.45,9.37,9.81,10.91,12.23,12.45,10.89,90.67
20140114,37.1,37.3,35.83,37.14,37.1,0.04,0.11,155708.54,570863.3412,1.45,23.45,9.37,9.81,10.69,12.01,12.45,10.81,85.96
20140113,36.77,37.66,35.61,37.1,36.01,1.09,3.03,225480.22,825852.9618,1.45,23.45,9.37,9.59,10.69,12.01,12.45,10.76,85.44
20140110,36.8,37.75,35.01,36.01,36.64,-0.63,-1.72,240793.4,875763.73,1.45,23.45,9.37,9.59,10.47,12.01,12.45,10.68,76.6
20140109,36.21,39.41,36.21,36.64,35.91,0.73,2.03,377506.29,1433020.508,1.45,23.45,9.37,9.59,10.47,12.01,12.45,10.59,82.78
20140108,34.5,36.58,33.98,35.91,33.96,1.95,5.74,392631.38,1383647.1106,1.45,23.45,9.37,9.59,10.25,11.35,12.23,10.38,91.17
20140107,31.5,34.4,31.2,33.96,31.66,2.3,7.26,282292.05,937224.7329,1.45,23.45,9.37,9.59,10.25,10.91,12.23,10.25,87.99
20140106,31.2,32.7,31.02,31.66,31.68,-0.02,-0.06,208684.29,666876.4195,1.45,23.45,9.37,9.59,10.03,10.91,12.45,10.21,67.26
20140103,29.61,32.49,29.59,31.68,29.72,1.96,6.59,246750.19,775112.1619,1.45,23.45,9.37,9.59,10.03,10.91,12.45,10.2,67.56
20140102,28.98,30.18,28.98,29.72,28.68,1.04,3.63,126789.31,377845.008,1.45,23.45,9.37,9.59,10.03,10.91,12.45,10.21,27.58
20131231,29.33,29.6,28.39,28.68,29.7,-1.02,-3.43,132446.46,382265.1772,1.45,23.45,9.37,9.59,10.03,10.91,12.45,10.24,3.99
20131230,29.7,30.28,29.3,29.7,29.89,-0.19,-0.64,121065.18,360397.9825,1.45,23.45,9.37,9.59,10.03,10.91,12.45,10.27,23.24
20131227,29.59,30.6,29.2,29.89,30.0,-0.11,-0.37,178312.79,529183.7587,1.45,23.45,9.37,9.59,10.03,11.13,12.45,10.3,21.73
20131226,31.3,32.22,30.0,30.0,31.48,-1.48,-4.7,145985.34,456586.9516,1.45,23.45,9.37,9.59,10.25,11.13,12.45,10.33,19.37
20131225,29.81,31.65,29.41,31.48,30.05,1.43,4.76,146020.1,452611.9494,1.45,23.45,9.37,9.59,10.25,11.13,12.45,10.35,47.41
20131224,29.81,30.48,29.45,30.05,30.06,-0.01,-0.03,101176.07,303996.094,1.45,23.45,9.37,9.59,10.25,11.35,12.45,10.37,20.31
20131223,30.02,30.6,28.31,30.06,29.91,0.15,0.5,134345.09,397578.9205,1.45,23.45,9.37,9.59,10.25,11.35,12.45,10.39,19.53
20131220,30.3,31.38,29.65,29.91,30.79,-0.88,-2.86,126726.28,386349.8798,1.45,23.45,9.37,9.59,10.25,11.35,12.67,10.43,17.22
20131219,31.01,33.3,30.66,30.79,31.73,-0.94,-2.96,178061.02,571548.6822,1.45,23.45,9.37,9.59,10.25,11.57,12.67,10.45,26.86
20131218,30.93,31.95,28.26,31.73,30.95,0.78,2.52,192058.52,586343.9842,1.45,23.45,9.37,9.59,10.25,11.79,12.67,10.46,51.03
20131217,33.6,33.76,30.38,30.95,33.55,-2.6,-7.75,233558.28,741218.8097,1.45,23.45,9.37,9.59,10.47,12.01,12.67,10.51,37.41
20131216,32.29,34.19,32.11,33.55,32.93,0.62,1.88,225806.29,753397.1195,1.45,23.45,9.15,9.59,10.47,12.23,12.67,10.52,75.57
20131213,33.2,33.65,32.51,32.93,33.73,-0.8,-2.37,180497.96,595512.2295,1.45,23.45,9.15,9.59,10.25,12.23,12.67,10.51,67.27
20131212,30.81,34.3,30.7,33.73,31.2,2.53,8.11,314691.24,1040809.1971,1.45,23.45,9.15,9.59,10.25,12.23,12.67,10.5,72.7
20131211,29.88,31.88,29.3,31.2,29.94,1.26,4.21,226134.06,699859.2377,1.45,23.45,9.15,9.59,10.25,12.23,12.67,10.49,48.16
20131210,30.83,31.37,29.5,29.94,30.83,-0.89,-2.89,149711.94,451557.6633,1.45,23.45,8.93,9.37,10.25,12.23,12.67,10.53,24.22
20131209,29.5,30.97,28.72,30.83,29.49,1.34,4.54,217595.76,654611.0006,1.45,23.45,8.93,9.37,10.25,12.45,12.67,10.57,43.51
20131206,28.6,30.0,28.56,29.49,28.98,0.51,1.76,174955.96,513712.7599,1.45,23.45,8.93,9.37,10.47,12.45,12.67,10.63,22.54
20131205,29.46,30.33,28.31,28.98,30.4,-1.42,-4.67,247594.05,723325.2424,1.45,23.45,8.71,9.59,10.47,12.45,12.89,10.7,12.47
20131204,31.49,33.3,29.9,30.4,31.6,-1.2,-3.8,275712.71,873194.9075,1.45,23.45,8.71,9.81,10.69,12.45,12.89,10.8,18.84
20131203,31.5,32.47,30.39,31.6,33.77,-2.17,-6.43,338109.02,1055737.625,1.45,23.45,8.71,9.81,10.69,12.45,12.89,10.86,39.42
20131202,34.5,35.19,33.77,33.77,37.52,-3.75,-9.99,286224.48,975131.037,1.45,23.45,8.49,9.59,10.91,12.45,12.89,10.95,50.66
20131129,37.51,39.36,37.38,37.52,37.45,0.07,0.19,220481.77,840266.2522,1.45,23.45,7.39,9.59,10.91,12.45,12.89,10.93,63.49
20131128,38.05,38.38,37.06,37.45,38.45,-1.0,-2.6,193493.96,728077.7496,1.45,23.45,7.39,9.59,10.69,12.45,12.89,10.83,67.66
20131127,37.06,40.7,36.2,38.45,37.38,1.07,2.86,349232.57,1339910.6909,1.45,23.45,7.17,9.59,10.69,12.67,12.89,10.74,84.71
20131126,39.15,40.25,37.28,37.38,39.55,-2.17,-5.49,285646.82,1095678.8022,1.45,23.45,7.17,9.37,10.47,12.45,12.89,10.52,78.8
20131125,38.18,40.75,37.78,39.55,38.8,0.75,1.93,310001.08,1227596.0226,1.45,23.45,6.95,9.37,10.25,12.01,12.89,10.33,94.35
20131122,35.6,39.16,34.9,38.8,35.6,3.2,8.99,339652.03,1265384.3336,1.45,23.45,6.95,9.15,10.25,11.35,12.01,10.07,99.19
20131121,33.33,36.35,32.81,35.6,33.52,2.08,6.21,304623.27,1065981.2314,1.45,23.45,6.73,9.15,10.03,10.91,11.35,9.84,98.96
20131120,33.5,33.89,32.62,33.52,33.74,-0.22,-0.65,219009.21,728116.9382,1.45,23.45,6.73,8.93,10.03,10.69,10.91,9.69,98.54
20131119,31.3,33.86,31.05,33.74,31.1,2.64,8.49,341263.24,1121697.8024,1.45,23.45,6.73,8.93,10.03,10.47,10.69,9.61,98.72
20131118,30.9,31.65,30.4,31.1,30.64,0.46,1.5,200709.47,620494.0102,1.45,23.45,6.51,8.71,9.81,10.25,10.69,9.5,70.41
20131115,30.5,32.22,30.3,30.64,30.8,-0.16,-0.52,284026.43,882370.563,1.45,23.45,6.51,8.71,9.81,10.47,10.69,9.46,54.93
20131114,29.4,31.72,29.0,30.8,30.35,0.45,1.4827,235047.66,716589.9,1.45,23.45,6.51,8.71,9.81,10.47,10.69,9.4,59.59
20131113,30.0,32.2,29.57,30.35,29.99,0.36,1.2,280951.18,871497.5052,1.45,23.45,6.29,8.49,9.81,10.47,10.69,9.36,59.65
20131112,30.95,31.6,28.8,29.99,31.1,-1.11,-3.57,301633.78,904291.7006,1.45,23.45,6.29,7.61,9.59,10.47,10.69,9.29,51.25
20131111,31.93,32.95,30.48,31.1,32.18,-1.08,-3.36,260058.1,823837.2077,1.45,23.45,6.07,7.39,9.59,10.47,10.69,9.24,71.9
20131108,29.92,33.02,29.14,32.18,30.02,2.16,7.2,401193.14,1274041.0556,1.45,23.45,6.07,7.17,9.59,10.47,10.69,9.15,90.45
20131107,28.5,30.83,28.13,30.02,29.0,1.02,3.52,247406.35,740039.7709,1.45,23.45,5.85,6.95,9.37,10.25,10.69,9.01,64.06
20131106,29.24,30.8,28.5,29.0,28.9,0.1,0.35,309848.46,916630.2906,1.45,23.45,5.85,6.95,9.37,10.47,10.91,8.95,54.17
20131105,26.07,28.9,25.67,28.9,26.27,2.63,10.01,266150.3,737716.77,1.45,23.45,5.85,6.95,9.15,10.47,10.91,8.89,56.92
20131104,27.41,28.49,26.23,26.27,29.0,-2.73,-9.41,264925.72,721394.4052,1.45,23.45,5.63,6.73,9.37,10.47,10.91,8.89,29.19
20131101,30.8,31.82,29.0,29.0,32.22,-3.22,-9.99,278130.66,838932.9604,1.45,23.45,5.63,6.73,9.59,10.47,10.91,8.9,48.92
20131031,31.0,33.57,29.14,32.22,32.15,0.07,0.22,360297.84,1121221.9729,1.45,23.45,5.63,6.73,9.37,10.47,10.91,8.81,85.37
20131030,31.5,34.2,31.1,32.15,31.58,0.57,1.8,410719.32,1343938.1103,1.45,23.45,5.41,6.51,9.15,10.47,10.91,8.63,79.0
20131029,28.78,31.68,27.06,31.58,28.96,2.62,9.05,363559.09,1068169.6635,1.45,23.45,5.41,6.51,8.93,10.03,10.69,8.34,87.83
20131028,26.93,29.47,26.66,28.96,27.58,1.38,5.0,263750.67,742315.7008,1.45,23.45,5.41,6.29,8.71,10.25,10.91,8.2,71.06
20131025,29.0,29.35,25.8,27.58,28.6,-1.02,-3.57,336906.51,924372.2564,1.45,23.45,5.19,6.07,7.61,10.25,10.91,8.11,59.67
20131024,29.81,30.48,27.58,28.6,30.22,-1.62,-5.36,284092.47,821006.5094,1.45,23.45,5.19,6.07,7.39,10.47,10.91,8.01,61.02
20131023,29.85,31.35,28.3,30.22,31.0,-0.78,-2.52,350111.35,1050624.9462,1.45,23.45,5.19,5.85,7.17,10.47,10.91,7.88,74.94
20131022,35.09,35.6,29.99,31.0,33.32,-2.32,-6.96,744126.49,2418854.6789,1.45,23.45,5.19,5.85,6.95,10.69,10.91,7.66,76.01
20131021,33.32,33.32,32.8,33.32,30.29,3.03,10.0,188503.25,627489.4799,1.45,23.45,4.97,5.63,6.73,7.39,10.69,6.77,99.3
20131018,30.29,30.29,30.29,30.29,27.54,2.75,9.99,5349.43,16203.4235,1.45,23.45,4.97,5.63,6.73,7.39,7.61,6.53,99.97
20131017,27.54,27.54,27.54,27.54,25.04,2.5,9.98,1350.66,3719.7176,1.45,23.45,4.97,5.63,6.73,7.39,7.61,6.52,100.02
20131016,25.04,25.04,25.04,25.04,22.76,2.28,10.02,5898.28,14769.2931,1.45,23.45,4.97,5.63,6.73,7.39,7.61,6.52,99.97
20130716,42.05,43.19,40.0,40.96,41.08,-0.12,-0.29,149048.67,620469.2384,1.45,23.45,4.97,5.63,6.73,7.39,7.61,6.52,94.72
20130715,39.21,41.7,38.62,41.08,38.6,2.48,6.42,160945.66,649736.5789,1.45,23.45,4.97,5.41,6.73,7.17,7.39,6.44,97.38
20130712,37.4,39.73,37.05,38.6,37.42,1.18,3.15,171656.92,667039.396,1.45,23.45,4.97,5.41,6.51,7.17,7.39,6.37,81.62
20130711,37.05,37.75,35.81,37.42,37.94,-0.52,-1.37,164059.2,604780.9312,1.45,23.45,4.97,5.41,6.51,7.17,7.39,6.31,70.63
20130710,37.1,40.36,36.92,37.94,37.8,0.14,0.37,205167.43,791157.4264,1.45,23.45,4.97,5.41,6.51,7.17,7.39,6.29,68.32
20130709,36.03,38.36,35.8,37.8,35.96,1.84,5.12,185576.89,692505.5173,1.45,23.45,4.97,5.19,6.29,7.17,7.39,6.21,73.04
20130708,35.65,38.29,33.73,35.96,37.05,-1.09,-2.94,185172.84,667968.1327,1.45,23.45,4.75,5.19,6.07,7.17,7.39,6.17,57.75
20130705,40.38,41.56,37.05,37.05,41.17,-4.12,-10.01,206099.98,815135.7859,1.45,23.45,4.75,5.19,6.07,7.17,7.39,6.13,63.05
20130704,42.04,43.21,39.88,41.17,41.64,-0.47,-1.13,211854.19,881992.2717,1.45,23.45,4.75,5.19,5.85,7.17,7.39,6.03,95.67
20130703,38.5,41.64,38.31,41.64,37.85,3.79,10.01,192491.64,777466.913,1.45,23.45,4.75,5.19,5.85,6.95,7.17,5.85,99.7
20130702,37.6,39.84,37.3,37.85,36.28,1.57,4.33,243384.43,929518.9789,1.45,23.45,4.75,4.97,5.85,6.51,6.95,5.71,91.37
20130701,32.8,36.28,32.0,36.28,32.98,3.3,10.01,192507.14,661651.0061,1.45,23.45,4.75,4.97,5.63,6.07,6.29,5.53,99.63
20130628,31.0,34.68,30.7,32.98,31.77,1.21,3.81,215886.64,714460.4573,1.45,23.45,4.53,4.97,5.63,6.07,6.29,5.47,81.82
20130627,33.0,33.85,31.38,31.77,32.49,-0.72,-2.22,204563.25,666637.5261,1.45,23.45,4.53,4.97,5.41,6.07,6.29,5.42,67.32
20130626,30.12,32.5,29.61,32.49,29.9,2.59,8.66,229598.23,723007.6667,1.45,23.45,4.31,4.97,5.41,5.85,6.29,5.36,85.43
20130625,27.58,30.39,26.12,29.9,27.81,2.09,7.52,203671.04,589006.4777,1.45,23.45,4.31,4.97,5.41,6.07,6.29,5.33,47.37
20130624,29.14,29.46,27.61,27.81,29.17,-1.36,-4.66,115022.25,329216.8882,1.45,23.45,4.09,4.97,5.41,6.07,6.29,5.35,27.8
20130621,28.88,29.95,26.99,29.17,29.98,-0.81,-2.7,149901.18,430925.2161,1.45,23.45,4.09,4.97,5.41,6.07,6.29,5.37,40.77
20130620,31.27,32.32,29.74,29.98,32.6,-2.62,-8.04,190365.81,591482.2559,1.45,23.45,3.87,4.75,5.41,6.07,6.29,5.39,55.29
20130619,33.2,34.5,31.5,32.6,33.88,-1.28,-3.78,163016.75,538683.7679,1.45,23.45,3.87,4.75,5.41,6.07,6.29,5.37,77.14
20130618,34.0,34.97,32.2,33.88,34.48,-0.6,-1.74,188323.37,630976.5446,1.45,23.45,3.65,4.75,5.41,6.07,6.29,5.32,85.76
20130617,34.55,36.27,34.0,34.48,32.97,1.51,4.58,263381.54,930564.4646,1.45,23.45,3.43,4.75,5.41,6.07,6.51,5.25,86.25
20130614,30.25,32.97,29.78,32.97,29.97,3.0,10.01,130486.41,418303.3417,1.45,23.45,3.21,4.75,5.19,5.63,6.07,5.08,94.43
20130613,29.0,31.2,28.01,29.97,29.99,-0.02,-0.07,124605.87,372428.887,1.45,23.45,3.21,4.53,5.19,5.63,6.07,5.04,79.4
20130607,30.0,30.72,29.0,29.99,30.2,-0.21,-0.7,94391.53,281936.8992,1.45,23.45,3.21,4.53,5.19,5.63,6.07,5.02,79.91
20130606,28.88,30.7,28.59,30.2,29.85,0.35,1.17,125073.39,373485.148,1.45,23.45,3.21,4.53,5.19,5.63,6.07,5.0,79.2
20130605,29.97,30.77,29.65,29.85,29.81,0.04,0.13,129374.24,390013.0966,1.45,23.45,2.99,4.53,4.97,5.63,6.07,4.98,64.99
20130604,30.6,31.92,29.01,29.81,31.5,-1.69,-5.37,145748.95,440937.8727,1.45,23.45,2.99,4.31,4.97,5.63,6.07,4.95,68.7
20130603,33.0,33.88,31.5,31.5,35.0,-3.5,-10.0,188353.07,602679.5744,1.45,23.45,2.99,4.31,4.97,5.63,6.07,4.91,85.25
20130521,70.3,77.11,70.0,77.11,70.1,7.01,10.0,76916.72,570035.4491,1.45,23.45,2.99,4.09,4.97,5.41,6.07,4.81,99.72
20130520,64.2,70.1,64.1,70.1,63.73,6.37,10.0,64186.87,440682.1879,1.45,23.45,2.99,4.09,4.97,5.19,5.41,4.69,99.39
20130517,63.95,65.76,62.0,63.73,61.75,1.98,3.21,57222.0,366164.465,1.45,23.45,2.99,3.87,4.97,5.19,5.19,4.62,95.71
20130516,59.6,63.48,59.2,61.75,61.2,0.55,0.9,63230.3,386647.834,1.45,23.45,2.77,3.87,4.97,5.19,5.19,4.59,83.07
20130515,59.9,61.6,58.33,61.2,58.64,2.56,4.37,57615.74,346250.4552,1.45,23.45,2.77,3.87,4.75,5.19,5.19,4.55,84.8
20130514,62.0,62.83,58.64,58.64,65.16,-6.52,-10.01,61405.1,372758.2578,1.45,23.45,2.77,3.65,4.75,5.19,5.19,4.52,53.08
20130513,61.97,67.1,60.0,65.16,61.09,4.07,6.66,52140.52,334508.8946,1.45,23.45,2.77,3.43,4.75,5.19,5.19,4.48,95.71
20130510,60.5,62.4,59.2,61.09,62.09,-1.0,-1.61,36925.3,224674.3234,1.45,23.45,2.77,3.21,4.75,4.97,5.19,4.44,87.65
20130509,60.0,65.3,59.5,62.09,61.3,0.79,1.29,47292.44,295431.6543,1.45,23.45,2.77,3.21,4.75,4.97,5.19,4.38,87.67
20130508,62.0,62.3,58.11,61.3,59.36,1.94,3.27,46517.39,279975.3504,1.45,23.45,2.77,3.21,4.53,4.97,5.19,4.3,90.99
20130507,59.0,61.25,58.0,59.36,60.04,-0.68,-1.13,38430.78,228308.104,1.45,23.45,2.77,2.99,4.53,4.97,5.19,4.22,75.8
20130506,62.22,66.45,59.01,60.04,61.38,-1.34,-2.18,74282.37,462990.0722,1.45,23.45,2.55,2.99,4.53,4.97,5.19,4.15,79.13
20130503,55.55,61.38,53.8,61.38,55.8,5.58,10.0,54141.11,307091.4011,1.45,23.45,2.55,2.99,4.09,4.75,4.75,3.94,99.74
20130502,53.61,58.3,52.36,55.8,55.13,0.67,1.22,40520.54,222016.4858,1.45,23.45,2.55,2.99,4.09,4.75,4.75,3.83,80.52
20130426,57.11,58.82,53.0,55.13,56.88,-1.75,-3.08,59894.88,334645.8643,1.45,23.45,2.55,2.77,3.87,4.75,4.75,3.76,69.97
20130425,57.73,59.9,55.6,56.88,54.45,2.43,4.46,77200.8,447914.5289,1.45,23.45,2.33,2.77,3.65,4.75,4.75,3.61,83.52
20130424,49.31,54.45,49.31,54.45,49.5,4.95,10.0,36640.78,192542.3811,1.45,23.45,2.11,2.77,3.21,4.09,4.31,3.35,99.28
20130423,49.85,50.22,48.1,49.5,50.23,-0.73,-1.45,38429.68,189330.5338,1.45,23.45,2.11,2.77,3.21,4.09,4.09,3.26,83.87
20130422,49.31,51.6,49.01,50.23,49.16,1.07,2.18,49074.7,245406.9957,1.45,23.45,2.11,2.77,3.21,3.87,4.09,3.18,98.51
20130419,45.97,49.16,45.1,49.16,44.69,4.47,10.0,54715.12,260007.3787,1.45,23.45,2.11,2.55,2.99,3.65,3.87,3.06,98.35
20130418,41.08,45.31,40.97,44.69,41.19,3.5,8.5,54478.5,238978.7379,1.45,23.45,1.89,2.55,2.99,3.21,3.43,2.93,99.45
20130417,38.99,41.79,38.5,41.19,39.0,2.19,5.62,44989.61,184139.0537,1.45,23.45,1.89,2.55,2.99,3.21,3.21,2.85,96.95
20130416,38.6,39.21,37.8,39.0,39.1,-0.1,-0.26,21265.68,81889.0253,1.45,23.45,1.89,2.55,2.99,3.21,3.21,2.8,80.04
20130415,39.08,39.69,38.21,39.1,39.4,-0.3,-0.76,13437.43,52449.4643,1.45,23.45,1.89,2.55,2.77,3.21,3.21,2.78,82.04
20130412,37.22,39.99,37.22,39.4,37.65,1.75,4.65,24259.81,94996.6125,1.45,23.45,1.89,2.55,2.77,3.21,3.21,2.77,98.73
20130411,38.2,38.39,37.3,37.65,38.26,-0.61,-1.59,6638.67,25010.6388,1.45,23.45,1.89,2.33,2.77,2.99,3.21,2.74,88.93
20130410,38.98,38.98,37.2,38.26,39.0,-0.74,-1.9,11785.43,44750.6694,1.45,23.45,1.89,2.33,2.77,2.99,3.21,2.74,89.16
20130409,37.71,39.5,37.71,39.0,37.8,1.2,3.17,22353.02,86767.7487,1.45,23.45,1.89,2.11,2.77,2.99,3.21,2.73,89.59
20130408,37.0,37.8,36.88,37.8,38.1,-0.3,-0.79,22599.3,84463.3346,1.45,23.45,1.89,2.11,2.77,2.99,3.21,2.71,92.23
20130403,37.35,38.88,36.7,38.1,37.8,0.3,0.79,9723.99,36713.8221,1.45,23.45,1.89,2.11,2.77,2.99,3.21,2.69,93.23
20130402,38.11,40.02,37.4,37.8,38.09,-0.29,-0.76,18004.94,69837.6857,1.45,23.45,1.89,2.11,2.77,2.99,3.21,2.68,93.67
20130401,36.12,38.2,35.85,38.09,36.63,1.46,3.99,16478.36,61623.8285,1.45,23.45,1.89,2.11,2.77,2.99,2.99,2.66,95.98
20130329,36.7,38.29,36.15,36.63,36.85,-0.22,-0.6,11845.44,44082.6028,1.45,23.45,1.89,2.11,2.77,2.99,2.99,2.64,96.34
20130328,38.8,38.8,36.85,36.85,38.32,-1.47,-3.84,17605.38,66231.9117,1.45,23.45,1.89,2.11,2.77,2.99,2.99,2.63,96.61
20130327,36.95,38.64,36.59,38.32,37.0,1.32,3.57,22537.46,85267.5271,1.45,23.45,1.89,2.11,2.77,2.99,2.99,2.61,97.57
20130326,35.53,37.12,34.41,37.0,35.79,1.21,3.38,20761.08,74906.0487,1.45,23.45,1.89,2.11,2.77,2.99,2.99,2.59,98.89
20130325,36.08,36.26,35.33,35.79,36.03,-0.24,-0.67,8845.96,31634.3238,1.45,23.45,1.89,2.11,2.77,2.77,2.99,2.57,85.03
20130322,35.25,36.45,34.81,36.03,35.1,0.93,2.65,13497.45,48283.1884,1.45,23.45,1.89,2.11,2.77,2.77,2.99,2.57,85.25
20130321,34.25,35.9,34.22,35.1,34.06,1.04,3.05,11890.78,41921.8021,1.45,23.45,1.89,2.11,2.77,2.77,2.99,2.56,85.6
20130320,33.6,34.2,33.29,34.06,33.5,0.56,1.67,9020.27,30505.0607,1.45,23.45,1.89,2.11,2.77,2.77,2.99,2.55,85.91
20130319,33.55,33.79,32.98,33.5,33.6,-0.1,-0.3,6805.0,22627.7817,1.45,23.45,1.89,2.11,2.77,2.77,2.99,2.54,47.27
20130318,32.48,33.95,32.1,33.6,32.65,0.95,2.91,15869.18,53012.2385,1.45,23.45,1.89,1.89,2.77,2.77,2.99,2.54,47.33
20130315,33.0,33.23,31.52,32.65,32.45,0.2,0.62,11467.83,37420.3875,1.45,23.45,1.89,1.89,2.77,2.77,2.99,2.54,47.47
20130314,32.65,33.19,32.31,32.45,32.59,-0.14,-0.43,8802.52,28786.0015,1.45,23.45,1.89,1.89,2.77,2.77,2.99,2.53,46.68
20130313,31.61,32.85,31.6,32.59,31.95,0.64,2.0,9041.11,29185.875,1.45,23.45,1.89,1.89,2.77,2.99,2.99,2.53,46.06
20130312,33.82,34.19,31.22,31.95,33.65,-1.7,-5.05,21661.83,70153.0861,1.45,23.45,1.89,1.89,2.77,2.99,2.99,2.53,45.4
20130311,33.6,34.58,33.5,33.65,34.01,-0.36,-1.06,15051.18,51277.3486,1.45,23.45,1.89,1.89,2.77,2.99,2.99,2.52,45.49
20130308,34.22,35.43,33.9,34.01,34.2,-0.19,-0.56,12539.74,43610.9792,1.45,23.45,1.89,1.89,2.77,2.99,2.99,2.51,83.65
20130307,36.55,36.55,33.33,34.2,36.6,-2.4,-6.56,26364.88,92107.3337,1.45,23.45,1.89,1.89,2.77,2.99,2.99,2.5,83.92
20130306,36.0,36.69,35.4,36.6,35.71,0.89,2.49,23671.55,85990.0022,1.45,23.45,1.89,1.89,2.55,2.77,2.99,2.48,99.0
20130305,34.68,35.72,34.17,35.71,34.5,1.21,3.51,14819.26,51899.7975,1.45,23.45,1.89,1.89,2.55,2.77,2.99,2.45,87.96
20130304,35.96,36.65,33.76,34.5,36.59,-2.09,-5.71,22100.85,78371.9728,1.45,23.45,1.89,1.89,2.55,2.77,2.99,2.44,88.44
20130301,35.01,36.75,34.8,36.59,35.16,1.43,4.07,25405.18,91012.1739,1.45,23.45,1.89,1.89,2.55,2.77,2.99,2.41,99.61
20130228,34.05,35.96,34.05,35.16,34.38,0.78,2.27,18602.47,65442.598,1.45,23.45,1.89,1.89,2.55,2.77,2.99,2.38,94.12
20130227,35.0,35.75,33.9,34.38,33.76,0.62,1.84,16797.16,58493.2855,1.45,23.45,1.89,1.89,2.55,2.77,2.77,2.36,95.04
20130226,34.05,35.23,33.66,33.76,34.64,-0.88,-2.54,15184.67,52153.7092,1.45,23.45,1.67,1.89,2.33,2.77,2.77,2.34,69.1
20130225,33.03,35.31,33.03,34.64,33.35,1.29,3.87,24853.65,85733.4969,1.45,23.45,1.67,1.89,2.33,2.77,2.77,2.32,96.68
20130222,33.33,33.88,32.2,33.35,33.5,-0.15,-0.45,20350.98,67386.3808,1.45,23.45,1.67,1.89,2.11,2.77,2.77,2.29,75.59
20130221,34.9,34.9,33.35,33.5,35.08,-1.58,-4.5,24069.56,81409.6479,1.45,23.45,1.67,1.89,2.11,2.77,2.77,2.27,77.25
20130220,33.6,36.25,32.85,35.08,33.58,1.5,4.47,48646.65,169038.1843,1.45,23.45,1.67,1.89,2.11,2.77,2.77,2.24,98.09
20130219,33.0,33.65,31.9,33.58,33.2,0.38,1.14,27877.47,91519.4131,1.45,23.45,1.67,1.89,2.11,2.55,2.77,2.17,90.58
20130218,33.38,33.9,32.6,33.2,33.48,-0.28,-0.84,34663.92,115518.0813,1.45,23.45,1.67,1.89,2.11,2.55,2.77,2.13,91.71
20130208,33.0,33.48,32.36,33.48,30.44,3.04,9.99,62970.0,207852.668,1.45,23.45,1.67,1.89,2.11,2.55,2.55,2.08,96.15
20130207,30.44,30.44,30.44,30.44,27.67,2.77,10.01,2322.37,7069.2943,1.45,23.45,1.67,1.89,1.89,2.11,2.33,1.99,99.73
20130206,27.67,27.67,27.67,27.67,25.15,2.52,10.02,87.65,242.5276,1.45,23.45,1.67,1.89,1.89,2.11,2.33,1.99,92.77
20130205,25.15,25.15,25.15,25.15,22.86,2.29,10.02,288.55,725.7033,1.45,23.45,1.67,1.89,1.89,2.11,2.33,1.99,53.9
20121203,23.7,24.6,22.8,22.86,23.67,-0.81,-3.42,14292.58,34024.783,1.45,23.45,1.67,1.89,1.89,2.11,2.33,1.99,9.97
20121130,22.41,23.67,22.25,23.67,22.99,0.68,2.96,5806.98,13348.4417,1.45,23.45,1.67,1.89,1.89,2.11,2.33,1.99,52.67
20121129,22.66,23.16,22.2,22.99,22.66,0.33,1.46,3166.37,7190.1427,1.45,23.45,1.67,1.89,1.89,2.11,2.33,1.99,9.84
20121128,22.0,23.0,21.8,22.66,22.4,0.26,1.16,5396.7,12255.9027,1.45,23.45,1.67,1.89,1.89,2.11,2.33,1.99,9.58
20121127,23.21,23.59,22.39,22.4,23.46,-1.06,-4.52,6666.35,15235.8926,1.45,23.45,1.67,1.89,1.89,2.11,2.33,2.0,8.7
20121126,23.87,24.13,23.41,23.46,23.88,-0.42,-1.76,6807.59,16200.0146,1.45,23.45,1.67,1.89,1.89,2.11,2.33,2.0,50.5
20121123,23.01,24.18,23.01,23.88,23.2,0.68,2.93,8041.09,19158.2509,1.45,23.45,1.67,1.89,1.89,2.11,2.33,2.0,50.09
20121122,22.31,23.95,22.29,23.2,22.47,0.73,3.25,12827.82,29672.4507,1.45,23.45,1.67,1.89,2.11,2.11,2.33,2.0,49.59
20121121,22.3,22.58,22.13,22.47,22.3,0.17,0.76,4137.56,9240.909,1.45,23.45,1.67,1.89,2.11,2.11,2.33,2.0,8.29
20121120,22.4,22.41,21.92,22.3,22.33,-0.03,-0.13,3622.77,8038.7696,1.45,23.45,1.67,1.89,2.11,2.11,2.33,2.01,7.61
20121119,21.72,22.4,21.62,22.33,21.99,0.34,1.55,4835.92,10583.6754,1.45,23.45,1.67,1.89,2.11,2.11,2.33,2.01,7.01
20121116,22.02,22.07,21.52,21.99,22.15,-0.16,-0.72,7240.15,15810.5615,1.45,23.45,1.67,1.89,2.11,2.11,2.33,2.01,6.2
20121115,22.7,22.88,21.8,22.15,22.95,-0.8,-3.49,9828.02,21928.47,1.45,23.45,1.89,1.89,2.11,2.11,2.33,2.02,4.96
20121114,22.64,22.95,22.35,22.95,22.48,0.47,2.09,5095.02,11509.2075,1.45,23.45,1.89,1.89,2.11,2.11,2.33,2.03,3.23
20121113,22.68,23.19,22.2,22.48,22.9,-0.42,-1.83,13381.17,30318.9913,1.45,23.45,1.89,1.89,2.11,2.11,2.33,2.03,2.32
20121112,24.66,24.67,22.9,22.9,24.6,-1.7,-6.91,16645.13,39346.5473,1.45,23.45,1.89,1.89,2.11,2.11,2.33,2.04,0.92
20121109,24.45,24.82,24.09,24.6,24.5,0.1,0.41,4459.31,10948.5841,1.45,23.45,1.89,1.89,2.11,2.11,2.33,2.04,40.13
20121108,24.41,24.78,24.4,24.5,24.7,-0.2,-0.81,8410.93,20666.9863,1.45,23.45,1.89,1.89,2.11,2.11,2.33,2.04,39.74
20121107,24.28,24.9,24.28,24.7,24.53,0.17,0.69,5476.4,13554.0178,1.45,23.45,1.89,1.89,2.11,2.11,2.33,2.05,39.0
20121106,24.3,24.6,23.9,24.53,24.5,0.03,0.12,7079.32,17136.99,1.45,23.45,1.89,1.89,2.11,2.11,2.33,2.05,38.51
20121105,24.73,25.1,24.08,24.5,24.73,-0.23,-0.93,12945.06,31462.8754,1.45,23.45,1.89,1.89,2.11,2.11,2.33,2.05,37.87
20121102,24.95,25.12,24.33,24.73,24.97,-0.24,-0.96,11007.25,27282.1356,1.45,23.45,1.89,1.89,2.11,2.11,2.33,2.05,36.65
20121101,24.57,25.13,24.57,24.97,24.61,0.36,1.46,6920.95,17210.3469,1.45,23.45,1.89,1.89,2.11,2.11,2.33,2.06,35.59
20121031,24.5,24.7,24.22,24.61,24.58,0.03,0.12,9865.37,24115.4905,1.45,23.45,1.89,1.89,2.11,2.11,2.33,2.06,34.91
20121030,24.15,24.79,24.15,24.58,24.4,0.18,0.74,9713.79,23830.2053,1.45,23.45,1.89,1.89,2.11,2.11,2.33,2.06,33.92
20121029,24.11,24.7,23.42,24.4,24.5,-0.1,-0.41,15763.66,38007.8445,1.45,23.45,1.89,1.89,2.11,2.11,2.33,2.06,32.92
20121026,26.13,26.86,23.89,24.5,26.29,-1.79,-6.81,41475.2,105504.4142,1.45,23.45,1.89,1.89,2.11,2.11,2.33,2.07,31.23
20121025,25.75,27.31,25.75,26.29,25.97,0.32,1.23,30922.41,82557.6029,1.45,23.45,1.89,1.89,2.11,2.11,2.33,2.07,86.91
20121024,25.28,26.26,25.28,25.97,25.47,0.5,1.96,13180.42,34188.594,1.45,23.45,1.89,1.89,2.11,2.11,2.33,2.06,87.89
20121023,25.72,25.8,25.35,25.47,25.72,-0.25,-0.97,6666.41,17003.1151,1.45,23.45,1.89,1.89,2.11,2.11,2.33,2.06,32.92
20121022,25.18,25.88,25.06,25.72,25.33,0.39,1.54,12042.6,30673.3645,1.45,23.45,1.89,1.89,2.11,2.11,2.33,2.06,32.74
20121019,25.95,26.0,25.37,25.48,25.98,-0.5,-1.92,11755.09,30059.0967,1.45,23.45,1.89,1.89,2.11,2.11,2.33,2.06,32.41
20121018,25.9,26.39,25.75,25.98,25.88,0.1,0.39,8733.35,22807.9947,1.45,23.45,1.89,1.89,2.11,2.11,2.33,2.07,87.46
20121017,26.39,26.39,25.72,25.88,26.26,-0.38,-1.45,4985.81,12962.8004,1.45,23.45,1.89,1.89,2.11,2.11,2.33,2.06,32.49
20121016,25.95,26.45,25.66,26.26,25.83,0.43,1.66,9551.23,25020.9879,1.45,23.45,1.89,1.89,2.11,2.11,2.33,2.06,87.46
20121015,26.93,27.0,25.35,25.83,27.0,-1.17,-4.33,16048.97,41670.4452,1.45,23.45,1.89,1.89,2.11,2.11,2.33,2.06,33.23
20121012,26.9,27.49,26.51,27.0,26.9,0.1,0.37,13154.7,35312.2204,1.45,23.45,1.89,1.89,2.11,2.11,2.33,2.06,87.45
20121011,26.58,27.64,26.41,26.9,26.71,0.19,0.71,20694.87,56222.4076,1.45,23.45,1.89,1.89,2.11,2.11,2.33,2.06,87.86
20121010,26.75,27.2,26.3,26.71,26.56,0.15,0.56,19109.72,51226.949,1.45,23.45,1.89,1.89,2.11,2.11,2.33,2.05,88.54
20121009,25.26,27.03,25.26,26.56,25.24,1.32,5.23,20577.28,53769.9269,1.45,23.45,1.89,1.89,2.11,2.11,2.33,2.05,89.2
20121008,24.81,25.7,24.58,25.24,24.81,0.43,1.73,11096.35,28042.133,1.45,23.45,1.89,1.89,2.11,2.11,2.33,2.04,40.29
20120928,24.46,25.01,24.42,24.81,24.67,0.14,0.57,9967.86,24726.783,1.45,23.45,1.89,1.89,2.11,2.11,2.33,2.05,39.32
20120927,24.3,25.09,24.03,24.67,24.38,0.29,1.19,12094.37,29958.9978,1.45,23.45,1.89,1.89,2.11,2.11,2.33,2.05,38.43
20120926,24.03,24.48,23.25,24.38,24.19,0.19,0.79,22779.89,54348.0477,1.45,23.45,1.89,1.89,2.11,2.11,2.33,2.05,37.32
20120925,25.41,25.44,23.99,24.19,25.44,-1.25,-4.91,24060.72,58999.3319,1.45,23.45,1.89,1.89,2.11,2.11,2.33,2.06,35.1
20120924,24.5,25.5,24.26,25.44,24.6,0.84,3.41,16965.18,42644.7848,1.45,23.45,1.89,1.89,2.11,2.11,2.33,2.06,32.61
20120921,24.16,25.1,24.03,24.6,24.4,0.2,0.82,15448.38,38222.4533,1.45,23.45,1.89,1.89,2.11,2.11,2.33,2.07,30.77
20120920,24.59,24.98,23.88,24.4,24.85,-0.45,-1.81,15567.39,37843.9253,1.45,23.45,1.89,1.89,2.11,2.11,2.33,2.08,29.03
20120919,24.72,25.55,24.66,24.85,24.86,-0.01,-0.04,19521.83,49068.2865,1.45,23.45,1.89,1.89,2.11,2.11,2.33,2.08,27.2
20120918,24.11,25.26,24.05,24.86,24.02,0.84,3.5,24884.66,61587.4241,1.45,23.45,1.89,1.89,2.11,2.33,2.33,2.09,24.81
20120917,25.05,25.13,24.02,24.02,25.17,-1.15,-4.57,17843.69,43811.2473,1.45,23.45,1.89,1.89,2.11,2.33,2.33,2.1,21.57
20120914,25.9,25.9,24.63,25.17,25.7,-0.53,-2.06,30747.44,77461.8133,1.45,23.45,1.89,1.89,2.11,2.33,2.33,2.1,19.14
20120913,27.2,27.31,25.7,25.7,27.12,-1.42,-5.24,36178.43,95384.5724,1.45,23.45,1.89,2.11,2.11,2.33,2.33,2.12,14.6
20120912,26.7,27.6,26.46,27.12,26.6,0.52,1.95,28669.45,77382.8889,1.45,23.45,1.89,2.11,2.11,2.33,2.33,2.12,80.8
20120911,27.38,27.73,26.5,26.6,27.75,-1.15,-4.14,36189.01,98206.5675,1.45,23.45,1.89,1.89,2.11,2.33,2.33,2.11,81.24
20120910,26.7,27.8,25.91,27.75,26.9,0.85,3.16,55285.44,148560.7035,1.45,23.45,1.89,1.89,2.11,2.33,2.33,2.11,81.85
20120907,26.21,27.5,26.13,26.9,26.07,0.83,3.18,57093.36,153073.9143,1.45,23.45,1.89,1.89,2.11,2.33,2.33,2.1,82.92
20120906,25.9,26.32,25.72,26.07,26.15,-0.08,-0.31,26587.52,69006.7298,1.45,23.45,1.89,1.89,2.11,2.33,2.33,2.09,84.21
20120905,26.13,26.99,25.77,26.15,26.4,-0.25,-0.95,38330.25,100567.1798,1.45,23.45,1.89,1.89,2.11,2.33,2.33,2.09,83.98
20120904,26.9,28.38,26.4,26.4,26.97,-0.57,-2.11,61966.66,170649.8697,1.45,23.45,1.89,1.89,2.11,2.33,2.33,2.08,83.61
20120903,25.85,27.09,25.7,26.97,26.08,0.89,3.41,37143.6,98317.173,1.45,23.45,1.89,1.89,2.11,2.11,2.33,2.07,85.14
20120831,25.83,26.55,25.35,26.08,26.06,0.02,0.08,41073.02,106815.0146,1.45,23.45,1.89,1.89,2.11,2.33,2.33,2.07,84.91
20120830,26.2,27.18,24.55,26.06,26.82,-0.76,-2.83,74185.57,191836.6657,1.45,23.45,1.89,1.89,2.11,2.33,2.33,2.06,84.62
20120829,27.81,28.7,26.6,26.82,27.4,-0.58,-2.12,81502.51,225148.0982,1.45,23.45,1.67,1.89,2.11,2.33,2.33,2.05,83.98
20120828,25.2,27.86,24.81,27.4,25.36,2.04,8.04,91210.91,241867.2667,1.45,23.45,1.67,1.89,2.11,2.11,2.33,2.0,93.99
20120827,25.11,26.24,24.46,25.36,25.35,0.01,0.04,54383.95,138668.7847,1.45,23.45,1.67,1.89,1.89,2.11,2.11,1.97,58.39
20120824,25.31,26.77,24.0,25.35,25.8,-0.45,-1.74,64146.82,165083.4703,1.45,23.45,1.67,1.89,1.89,2.11,2.11,1.96,60.64
20120823,25.64,27.25,25.5,25.8,25.82,-0.02,-0.08,70477.25,185500.0688,1.45,23.45,1.67,1.89,1.89,2.11,2.11,1.95,63.78
20120822,25.91,26.25,24.81,25.82,25.64,0.18,0.7,96432.92,246309.9682,1.45,23.45,1.67,1.67,1.89,2.11,2.11,1.91,74.45
20120821,23.2,25.64,23.2,25.64,23.31,2.33,10.0,90539.0,226604.2668,1.45,23.45,1.67,1.67,1.89,2.11,2.11,1.88,83.91
20120820,22.78,23.98,22.63,23.31,23.0,0.31,1.35,44015.94,102949.8508,1.45,23.45,1.67,1.67,1.89,1.89,2.11,1.86,86.44
20120817,22.21,23.15,21.91,23.0,22.18,0.82,3.7,42958.26,97407.5513,1.45,23.45,1.67,1.67,1.89,1.89,2.11,1.86,26.91
20120816,22.91,23.37,21.9,22.18,23.2,-1.02,-4.4,43909.69,98741.9214,1.45,23.45,1.67,1.67,1.89,2.11,2.11,1.87,21.27
20120815,22.8,23.75,22.47,23.2,23.17,0.03,0.13,55473.16,127961.229,1.45,23.45,1.67,1.67,1.89,2.11,2.11,1.88,18.56
20120814,23.99,24.65,22.4,23.17,24.0,-0.83,-3.46,72886.85,170293.0167,1.45,23.45,1.67,1.89,1.89,2.11,2.11,1.89,14.61
20120813,24.55,25.35,23.55,24.0,24.59,-0.59,-2.4,92768.12,225167.6767,1.45,23.45,1.67,1.67,1.89,2.11,2.11,1.89,80.85
20120810,23.51,24.79,23.42,24.59,23.83,0.76,3.19,91338.52,221915.3013,1.45,23.45,1.45,1.67,1.89,2.11,2.11,1.87,82.57
20120809,23.5,24.0,23.02,23.83,24.22,-0.39,-1.61,74185.19,174831.7813,1.45,23.45,1.45,1.67,1.89,1.89,2.11,1.84,85.5
20120808,23.77,24.88,23.51,24.22,24.1,0.12,0.5,95318.74,230818.0862,1.45,23.45,1.45,1.67,1.89,2.11,2.11,1.83,84.92
20120807,25.28,25.6,24.02,24.1,24.41,-0.31,-1.27,121007.88,299007.9159,1.45,23.45,1.45,1.67,1.89,1.89,2.11,1.78,88.98
20120806,22.0,24.41,21.88,24.41,22.19,2.22,10.0,67158.39,157059.6355,1.45,23.45,1.45,1.45,1.67,1.89,1.89,1.69,97.18
20120803,21.61,22.65,21.6,22.19,21.58,0.61,2.83,66652.47,148268.7345,1.45,23.45,1.45,1.45,1.67,1.89,1.89,1.64,84.76
20120802,21.2,22.16,21.1,21.58,20.8,0.78,3.75,80448.76,173138.5736,1.45,23.45,1.45,1.45,1.67,1.67,1.89,1.62,87.26
20120801,19.0,20.8,19.0,20.8,18.91,1.89,9.99,28840.29,58916.045,1.45,23.45,1.45,1.45,1.67,1.67,1.89,1.58,91.26
20120731,19.57,19.74,18.7,18.91,19.8,-0.89,-4.49,15796.77,30477.7409,1.45,23.45,1.45,1.45,1.45,1.67,1.89,1.57,52.24
20120730,19.98,20.5,19.37,19.8,19.96,-0.16,-0.8,27411.58,54667.7661,1.45,23.45,1.45,1.45,1.45,1.67,1.89,1.58,51.08
20120727,19.42,20.01,19.21,19.96,19.44,0.52,2.67,23425.05,46058.837,1.45,23.45,1.45,1.45,1.67,1.67,1.89,1.59,48.89
20120726,19.5,19.88,19.33,19.44,19.7,-0.26,-1.32,16963.92,33200.1686,1.45,23.45,1.45,1.45,1.67,1.67,1.89,1.59,46.88
20120725,19.0,20.28,18.9,19.7,19.06,0.64,3.36,34922.47,69117.9499,1.45,23.45,1.45,1.45,1.67,1.67,1.89,1.6,45.34
20120724,18.91,19.38,18.61,19.06,19.18,-0.12,-0.63,11957.11,22693.2324,1.45,23.45,1.45,1.45,1.67,1.67,1.89,1.61,41.8
20120723,18.9,19.6,18.8,19.18,18.89,0.29,1.54,14020.05,27027.0627,1.45,23.45,1.45,1.45,1.67,1.67,1.89,1.61,40.55
20120720,18.58,19.38,18.58,18.89,18.8,0.09,0.48,18111.03,34600.2695,1.45,23.45,1.45,1.45,1.67,1.67,1.89,1.62,39.01
20120719,18.15,19.44,18.1,18.8,18.19,0.61,3.35,31333.88,59603.2356,1.45,23.45,1.45,1.45,1.67,1.67,1.89,1.62,36.9
20120718,18.05,18.24,17.75,18.19,18.17,0.02,0.11,11160.81,20040.2865,1.45,23.45,1.45,1.45,1.67,1.89,1.89,1.63,32.87
20120717,17.83,18.32,17.8,18.17,17.95,0.22,1.23,11024.12,19917.2162,1.45,23.45,1.45,1.45,1.67,1.89,1.89,1.64,31.38
20120716,19.05,19.25,17.88,17.95,19.26,-1.31,-6.8,23928.15,43909.2345,1.45,23.45,1.45,1.45,1.67,1.89,1.89,1.64,29.86
20120713,19.5,19.8,19.19,19.26,19.76,-0.5,-2.53,16517.38,32181.8593,1.45,23.45,1.45,1.45,1.67,1.89,1.89,1.65,26.3
20120712,19.8,19.98,19.31,19.76,19.12,0.64,3.35,31869.93,62780.7842,1.45,23.45,1.45,1.45,1.67,1.89,1.89,1.66,23.71
20120711,18.68,19.2,18.5,19.12,18.67,0.45,2.41,13974.61,26389.2216,1.45,23.45,1.45,1.45,1.67,1.89,1.89,1.68,18.18
20120710,18.74,19.0,18.3,18.67,18.74,-0.07,-0.37,14831.71,27646.528,1.45,23.45,1.45,1.45,1.67,1.89,1.89,1.69,15.65
20120709,19.02,19.3,18.7,18.74,19.56,-0.82,-4.19,21821.06,41437.9632,1.45,23.45,1.45,1.67,1.67,1.89,1.89,1.7,12.84
20120706,20.5,20.55,18.5,19.56,20.35,-0.79,-3.88,50939.61,98846.1377,1.45,23.45,1.45,1.67,1.67,1.89,1.89,1.71,8.4
20120705,21.15,21.2,20.22,20.35,21.19,-0.84,-3.96,17395.5,35820.5434,1.45,23.45,1.67,1.67,1.67,1.89,1.89,1.73,1.89
20120704,21.47,21.89,21.1,21.19,21.52,-0.33,-1.53,20471.49,43820.9139,1.45,23.45,1.67,1.67,1.67,1.89,1.89,1.74,71.26
20120703,20.8,21.75,20.7,21.52,20.72,0.8,3.86,32360.63,69001.1173,1.45,23.45,1.67,1.67,1.67,1.89,1.89,1.74,71.02
20120702,21.08,21.18,20.6,20.72,20.86,-0.14,-0.67,17186.4,35942.6974,1.45,23.45,1.67,1.67,1.67,1.89,1.89,1.74,70.59
20120629,20.06,20.95,20.06,20.86,20.54,0.32,1.56,14374.36,29758.4739,1.45,23.45,1.67,1.67,1.67,1.89,1.89,1.74,70.34
20120628,21.19,21.38,20.4,20.54,21.28,-0.74,-3.48,22511.55,46930.0391,1.45,23.45,1.67,1.67,1.67,1.89,1.89,1.74,69.55
20120627,21.16,21.79,21.02,21.28,21.14,0.14,0.66,21883.5,46872.114,1.45,23.45,1.67,1.67,1.67,1.89,1.89,1.74,69.15
20120626,21.2,21.45,20.72,21.14,21.58,-0.44,-2.04,19261.58,40552.4945,1.45,23.45,1.67,1.67,1.67,1.89,1.89,1.74,68.74
20120625,22.25,22.3,21.33,21.58,22.54,-0.96,-4.26,30922.69,66908.3957,1.45,23.45,1.67,1.67,1.67,1.89,1.89,1.74,68.35
20120621,22.81,22.98,22.22,22.54,23.04,-0.5,-2.17,33456.33,75443.8834,1.45,23.45,1.67,1.67,1.67,1.89,1.89,1.75,67.65
20120620,22.45,23.47,22.21,23.04,22.24,0.8,3.6,60005.04,138262.5569,1.45,23.45,1.67,1.67,1.67,1.89,1.89,1.75,66.81
20120619,22.4,22.88,22.1,22.24,22.57,-0.33,-1.46,26830.95,60327.3877,1.45,23.45,1.67,1.67,1.67,1.89,1.89,1.74,71.98
20120618,22.1,22.94,22.09,22.57,22.08,0.49,2.22,30061.32,67951.7528,1.45,23.45,1.67,1.67,1.67,1.89,1.89,1.74,71.71
20120615,22.28,22.44,21.78,22.08,22.28,-0.2,-0.9,28069.19,61921.3538,1.45,23.45,1.67,1.67,1.67,1.89,1.89,1.74,71.38
20120614,22.26,22.97,22.12,22.28,22.38,-0.1,-0.45,38899.68,87580.0272,1.45,23.45,1.67,1.67,1.67,1.89,1.89,1.74,71.04
20120613,21.98,22.82,21.85,22.38,22.0,0.38,1.73,42153.87,94169.4083,1.45,23.45,1.67,1.67,1.67,1.89,2.11,1.74,70.51
20120612,21.91,22.58,21.7,22.0,22.21,-0.21,-0.95,38637.44,85403.4747,1.45,23.45,1.67,1.67,1.67,1.89,2.11,1.74,69.85
20120611,21.84,22.42,21.49,22.21,22.08,0.13,0.59,44386.16,97716.6304,1.45,23.45,1.67,1.67,1.67,1.89,2.11,1.75,69.16
20120608,21.0,22.65,20.7,22.08,20.8,1.28,6.15,55706.85,121901.1187,1.45,23.45,1.67,1.67,1.67,1.89,2.11,1.75,68.25
20120607,22.1,22.15,20.8,20.8,21.87,-1.07,-4.89,29131.0,62365.228,1.45,23.45,1.45,1.67,1.67,1.89,2.11,1.76,66.88
20120606,22.05,22.3,21.65,21.87,22.1,-0.23,-1.04,25035.43,54869.4564,1.45,23.45,1.45,1.67,1.67,1.89,2.11,1.76,66.09
20120605,21.41,22.48,21.41,22.1,21.57,0.53,2.46,47197.81,104380.8793,1.45,23.45,1.45,1.67,1.67,1.89,2.11,1.76,65.35
20120604,20.49,21.95,20.22,21.57,21.21,0.36,1.7,41923.42,88888.0509,1.45,23.45,1.45,1.67,1.67,1.89,2.11,1.77,63.72
20120601,21.5,21.75,21.0,21.21,21.6,-0.39,-1.81,27445.13,58617.663,1.45,23.45,1.45,1.67,1.67,2.11,2.11,1.78,60.23
20120531,20.7,21.99,20.7,21.6,20.95,0.65,3.1,49905.74,107837.923,1.45,23.45,1.45,1.67,1.67,2.11,2.11,1.79,58.88
20120530,20.77,21.75,20.71,20.95,21.07,-0.12,-0.57,37963.82,80828.9762,1.45,23.45,1.45,1.67,1.67,2.11,2.11,1.8,55.97
20120529,20.18,21.5,20.05,21.07,20.3,0.77,3.79,37588.71,79322.0026,1.45,23.45,1.45,1.67,1.67,2.11,2.11,1.81,53.47
20120528,20.3,20.48,19.65,20.3,20.65,-0.35,-1.69,33875.01,68004.8265,1.45,23.45,1.45,1.67,1.89,2.11,2.11,1.82,10.02
20120525,22.26,22.4,20.36,20.65,22.49,-1.84,-8.18,66368.62,141026.2032,1.45,23.45,1.67,1.67,1.89,2.11,2.11,1.86,43.18
20120524,22.08,22.9,21.93,22.49,22.07,0.42,1.9,52850.58,118623.8244,1.45,23.45,1.67,1.67,1.89,2.11,2.33,1.91,31.92
20120523,22.6,22.82,21.76,22.07,22.85,-0.78,-3.41,60565.87,134494.2699,1.45,23.45,1.67,1.67,1.89,2.11,2.33,1.95,23.63
20120522,22.4,23.39,22.11,22.85,22.95,-0.1,-0.44,66310.23,150536.8567,1.45,23.45,1.67,1.89,2.11,2.11,2.33,2.0,11.98
20120521,25.02,25.33,22.95,22.95,25.5,-2.55,-10.0,102368.75,241304.2588,1.45,23.45,1.89,1.89,2.11,2.11,2.33,2.04,3.91
20120518,26.67,27.26,25.3,25.5,26.96,-1.46,-5.42,102540.72,268039.402,1.45,23.45,1.89,2.11,2.11,2.11,2.33,2.11,13.83
20120517,26.65,27.45,26.08,26.96,26.8,0.16,0.6,113336.58,303187.4474,1.45,23.45,1.89,2.11,2.11,2.33,2.33,2.11,84.42
20120516,25.13,27.3,24.88,26.8,25.49,1.31,5.14,142210.57,374705.8822,1.45,23.45,1.89,1.89,2.11,2.11,2.33,2.08,89.41
20120515,25.39,26.7,25.21,25.49,25.62,-0.13,-0.51,150209.28,389407.0822,1.45,23.45,1.89,1.89,2.11,2.11,2.33,2.07,29.42
20120514,23.51,26.4,23.51,25.62,24.0,1.62,6.75,234483.65,598569.7353,1.45,23.45,1.89,1.89,2.11,2.11,2.33,2.03,43.75
20120511,25.56,26.8,24.0,24.0,16.0,8.0,50.0,189740.12,482390.9144,1.45,23.45,1.89,1.89,2.11,2.11,2.33,2.03,43.75
