trade_date,open,high,low,close,pre_close,change,pct_chg,vol,amount,his_low,his_high,cost_5pct,cost_15pct,cost_50pct,cost_85pct,cost_95pct,weight_avg,winner_rate
20231221,56.69,57.18,55.84,56.26,56.66,-0.4,-0.706,18350.84,103427.17,5.52,111.52,56.4,58.52,61.7,65.94,71.24,62.47,2.87
20231220,57.39,57.39,56.56,56.66,57.07,-0.41,-0.7184,12489.57,70976.978,5.52,111.52,56.4,58.52,61.7,65.94,71.24,62.58,6.38
20231219,56.99,57.88,56.5,57.07,56.84,0.23,0.4046,13132.18,74902.783,5.52,111.52,56.4,58.52,61.7,65.94,71.24,62.69,5.09
20231218,58.78,58.78,56.3,56.84,58.74,-1.9,-3.2346,22499.03,129076.24,5.52,111.52,57.46,58.52,62.76,65.94,71.24,62.78,4.31
20231215,59.28,59.65,58.49,58.74,59.25,-0.51,-0.8608,12502.17,73793.206,5.52,111.52,57.46,58.52,62.76,65.94,71.24,62.96,17.63
20231214,59.88,60.39,59.25,59.25,59.76,-0.51,-0.8534,12667.26,75642.287,5.52,111.52,57.46,58.52,62.76,65.94,71.24,63.11,15.68
20231213,59.99,61.03,59.68,59.76,60.05,-0.29,-0.4829,19533.44,117929.662,5.52,111.52,57.46,58.52,62.76,65.94,71.24,63.16,28.78
20231212,60.0,60.3,59.57,60.05,59.99,0.06,0.1,16427.24,98554.943,5.52,111.52,57.46,58.52,62.76,65.94,71.24,63.22,28.38
20231211,58.35,60.2,57.79,59.99,58.7,1.29,2.1976,23869.08,140782.728,5.52,111.52,57.46,58.52,62.76,65.94,71.24,63.3,26.96
20231208,59.18,59.88,58.22,58.7,59.2,-0.5,-0.8446,27924.88,164584.76,5.52,111.52,57.46,59.58,62.76,67.0,71.24,63.43,14.6
20231207,59.4,59.9,58.8,59.2,59.59,-0.39,-0.6545,11913.3,70561.461,5.52,111.52,57.46,59.58,63.82,67.0,71.24,63.84,9.8
20231206,59.44,60.04,59.38,59.59,59.47,0.12,0.2018,11684.2,69669.494,5.52,111.52,57.46,59.58,63.82,67.0,71.24,63.92,16.09
20231205,60.54,60.56,59.45,59.47,60.75,-1.28,-2.107,13900.0,83368.433,5.52,111.52,57.46,60.64,63.82,67.0,71.24,63.99,9.08
20231204,61.23,61.68,60.7,60.75,61.08,-0.33,-0.5403,13324.5,81375.511,5.52,111.52,57.46,60.64,63.82,67.0,71.24,64.04,20.94
20231201,60.19,61.28,59.94,61.08,60.19,0.89,1.4787,16403.33,99471.965,5.52,111.52,57.46,60.64,63.82,67.0,71.24,64.06,20.57
20231130,61.6,61.6,59.82,60.19,61.55,-1.36,-2.2096,18896.6,114281.038,5.52,111.52,57.46,60.64,63.82,67.0,71.24,64.08,13.9
20231129,61.95,62.58,61.48,61.55,61.95,-0.4,-0.6457,13947.32,86443.892,5.52,111.52,57.46,60.64,63.82,67.0,71.24,64.12,19.35
20231128,62.01,62.48,61.46,61.95,62.11,-0.16,-0.2576,14641.35,90618.296,5.52,111.52,57.46,60.64,63.82,67.0,71.24,64.14,28.66
20231127,60.7,62.46,60.25,62.11,60.8,1.31,2.1546,29697.29,182873.202,5.52,111.52,57.46,60.64,63.82,67.0,71.24,64.14,28.23
20231124,62.49,62.49,60.66,60.8,62.48,-1.68,-2.6889,20530.21,125560.383,5.52,111.52,57.46,60.64,63.82,67.0,71.24,64.18,18.77
20231123,61.95,62.63,61.32,62.48,62.16,0.32,0.5148,17734.46,110047.975,5.52,111.52,57.46,60.64,63.82,67.0,71.24,64.21,26.57
20231122,62.97,63.25,61.97,62.16,63.0,-0.84,-1.3333,18878.43,117975.339,5.52,111.52,57.46,60.64,63.82,67.0,71.24,64.22,26.04
20231121,63.99,64.36,62.9,63.0,64.03,-1.03,-1.6086,25957.38,165242.59,5.52,111.52,57.46,60.64,63.82,67.0,71.24,64.24,38.61
20231120,63.8,65.37,63.42,64.03,63.4,0.63,0.9937,36862.57,236781.531,5.52,111.52,57.46,60.64,63.82,67.0,71.24,64.24,57.4
20231117,62.4,64.15,62.4,63.4,62.42,0.98,1.57,27688.15,175334.355,5.52,111.52,57.46,60.64,63.82,67.0,71.24,64.23,39.12
20231116,63.27,63.88,62.39,62.42,63.47,-1.05,-1.6543,30117.69,189126.508,5.52,111.52,57.46,60.64,63.82,67.0,71.24,64.24,26.92
20231115,65.01,65.1,63.35,63.47,64.33,-0.86,-1.3369,37402.12,239047.304,5.52,111.52,57.46,60.64,63.82,67.0,71.24,64.26,38.47
20231114,64.0,65.12,63.8,64.33,64.21,0.12,0.1869,30822.68,198610.745,5.52,111.52,57.46,59.58,63.82,67.0,71.24,64.25,56.19
20231113,64.44,65.33,63.8,64.21,63.91,0.3,0.4694,22788.62,146299.59,5.52,111.52,57.46,59.58,63.82,67.0,71.24,64.24,56.1
20231110,65.0,66.01,63.75,63.91,64.95,-1.04,-1.6012,37540.08,242837.455,5.52,111.52,57.46,59.58,63.82,67.0,71.24,64.25,56.06
20231109,65.5,66.66,64.88,64.95,64.87,0.08,0.1233,48341.72,317608.709,5.52,111.52,57.46,59.58,63.82,67.0,72.3,64.22,70.81
20231108,64.05,65.88,63.45,64.87,63.96,0.91,1.4228,45401.73,294010.969,5.52,111.52,57.46,59.58,63.82,68.06,72.3,64.19,57.6
20231107,63.85,65.15,63.63,63.96,64.23,-0.27,-0.4204,30026.01,192589.691,5.52,111.52,57.46,59.58,63.82,68.06,72.3,64.17,57.51
20231106,63.5,64.68,63.0,64.23,62.6,1.63,2.6038,46699.05,298726.779,5.52,111.52,57.46,59.58,63.82,68.06,72.3,64.17,57.49
20231103,60.23,63.28,60.06,62.6,60.21,2.39,3.9694,52146.33,322374.439,5.52,111.52,57.46,59.58,63.82,68.06,72.3,64.15,31.43
20231102,62.26,62.88,60.2,60.21,61.81,-1.6,-2.5886,28148.8,172023.897,5.52,111.52,57.46,59.58,63.82,68.06,72.3,64.21,17.57
20231101,61.69,62.7,61.52,61.81,62.0,-0.19,-0.3065,20778.18,128877.479,5.52,111.52,57.46,59.58,63.82,68.06,72.3,64.25,29.7
20231031,62.81,63.5,61.44,62.0,62.74,-0.74,-1.1795,30011.51,186384.396,5.52,111.52,57.46,59.58,63.82,68.06,72.3,64.27,29.12
20231030,60.0,63.18,59.71,62.74,60.52,2.22,3.6682,48651.05,301783.267,5.52,111.52,57.46,59.58,63.82,68.06,72.3,64.29,28.63
20231027,58.7,61.1,58.0,60.52,58.8,1.72,2.9252,43257.47,257622.69,5.52,111.52,57.46,59.58,63.82,68.06,72.3,64.34,18.5
20231026,59.44,59.6,58.0,58.8,59.69,-0.89,-1.491,28033.79,164472.918,5.52,111.52,57.46,59.58,63.82,68.06,72.3,64.45,11.83
20231025,60.63,61.23,58.92,59.69,60.59,-0.9,-1.4854,35984.72,214598.051,5.52,111.52,57.46,59.58,63.82,68.06,72.3,64.52,16.09
20231024,58.62,61.16,57.7,60.59,58.46,2.13,3.6435,45579.14,271990.237,5.52,111.52,57.46,59.58,63.82,68.06,72.3,64.58,15.25
20231023,59.74,59.74,56.3,58.46,60.66,-2.2,-3.6268,46230.75,267342.813,5.52,111.52,57.46,60.64,64.88,68.06,72.3,64.7,7.43
20231020,62.61,63.37,60.03,60.66,62.98,-2.32,-3.6837,40709.23,249059.403,5.52,111.52,57.46,61.7,64.88,68.06,72.3,64.84,14.69
20231019,62.8,65.39,62.6,62.98,63.69,-0.71,-1.1148,38277.33,244571.788,5.52,111.52,57.46,61.7,64.88,68.06,72.3,64.91,31.08
20231018,64.41,66.11,63.69,63.69,65.09,-1.4,-2.1509,42375.2,275612.358,5.52,111.52,57.46,61.7,64.88,68.06,72.3,64.92,31.14
20231017,63.42,65.85,62.89,65.09,63.42,1.67,2.6332,40463.68,261335.032,5.52,111.52,57.46,61.7,64.88,68.06,72.3,64.91,63.01
20231016,66.21,66.56,62.8,63.42,66.63,-3.21,-4.8176,49610.49,317791.212,5.52,111.52,57.46,61.7,64.88,68.06,72.3,64.92,32.17
20231013,64.88,67.47,64.23,66.63,64.88,1.75,2.6973,66001.1,438416.595,5.52,111.52,57.46,60.64,64.88,68.06,72.3,64.91,71.81
20231012,63.52,64.88,62.62,64.88,63.52,1.36,2.1411,48773.48,311148.546,5.52,111.52,57.46,60.64,64.88,69.12,72.3,64.88,48.4
20231011,63.5,63.8,62.3,63.52,62.85,0.67,1.066,35918.86,226981.303,5.52,111.52,57.46,60.64,64.88,69.12,72.3,64.91,33.17
20231010,62.6,63.6,62.49,62.85,62.65,0.2,0.3192,26553.02,167240.012,5.52,111.52,57.46,60.64,64.88,69.12,72.3,64.95,32.22
20231009,62.1,63.99,62.1,62.65,62.09,0.56,0.9019,38285.67,240863.055,5.52,111.52,57.46,60.64,64.88,69.12,72.3,64.97,21.72
20230928,61.77,63.38,60.9,62.09,61.76,0.33,0.5343,37440.17,232498.822,5.52,111.52,57.46,60.64,64.88,69.12,72.3,64.99,21.95
20230927,61.55,63.19,61.55,61.76,61.98,-0.22,-0.355,23621.23,147182.725,5.52,111.52,56.4,60.64,64.88,69.12,72.3,65.04,21.19
20230926,62.7,62.7,61.3,61.98,62.9,-0.92,-1.4626,31344.97,194405.372,5.52,111.52,56.4,60.64,64.88,69.12,72.3,65.07,20.7
20230925,63.3,63.3,61.72,62.9,63.87,-0.97,-1.5187,42107.83,263488.34,5.52,111.52,56.4,60.64,64.88,69.12,72.3,65.12,27.84
20230922,62.99,63.91,62.36,63.87,63.31,0.56,0.8845,44010.68,277774.015,5.52,111.52,56.4,59.58,64.88,69.12,72.3,65.16,41.05
20230921,63.65,64.7,63.05,63.31,64.08,-0.77,-1.2016,24232.11,154283.138,5.52,111.52,56.4,59.58,64.88,69.12,72.3,65.19,25.68
20230920,64.52,65.61,64.08,64.08,65.01,-0.93,-1.4305,28077.11,181782.294,5.52,111.52,56.4,59.58,64.88,69.12,72.3,65.22,39.24
20230919,64.05,66.2,62.75,65.01,64.65,0.36,0.5568,54739.82,353107.11,5.52,111.52,56.4,59.58,64.88,69.12,72.3,65.23,55.94
20230918,65.89,66.48,63.77,64.65,66.61,-1.96,-2.9425,59746.96,386857.412,5.52,111.52,56.4,59.58,64.88,69.12,72.3,65.24,38.65
20230915,64.65,68.66,64.2,66.61,64.65,1.96,3.0317,87699.45,585484.83,5.52,111.52,56.4,59.58,64.88,69.12,72.3,65.26,64.72
20230914,64.85,64.97,63.57,64.65,64.88,-0.23,-0.3545,36048.31,231204.998,5.52,111.52,56.4,59.58,64.88,70.18,72.3,65.17,41.55
20230913,64.1,65.65,64.0,64.88,64.7,0.18,0.2782,47805.32,310166.839,5.52,111.52,56.4,59.58,64.88,70.18,72.3,65.18,41.18
20230912,65.47,65.77,64.2,64.7,65.37,-0.67,-1.0249,51062.87,331595.393,5.52,111.52,56.4,59.58,64.88,70.18,72.3,65.18,41.86
20230911,65.04,66.1,63.95,65.37,65.4,-0.03,-0.0459,85441.61,555507.91,5.52,111.52,56.4,59.58,64.88,70.18,72.3,65.17,55.08
20230908,62.57,67.66,62.1,65.4,62.77,2.63,4.1899,118748.11,782805.458,5.52,111.52,56.4,58.52,64.88,70.18,72.3,65.16,54.75
20230907,65.38,65.64,62.6,62.77,65.67,-2.9,-4.416,92420.65,590228.011,5.52,111.52,56.4,58.52,64.88,70.18,73.36,65.19,32.92
20230906,59.38,66.46,59.33,65.67,59.34,6.33,10.6673,142271.65,901889.255,5.52,111.52,56.4,58.52,64.88,70.18,73.36,65.22,52.13
20230905,59.6,60.32,58.87,59.34,59.25,0.09,0.1519,40866.24,243934.018,5.52,111.52,56.4,58.52,65.94,71.24,73.36,65.42,17.86
20230904,59.63,59.9,58.41,59.25,58.89,0.36,0.6113,30363.17,178860.17,5.52,111.52,56.4,58.52,65.94,71.24,73.36,65.52,17.95
20230901,59.75,60.6,58.75,58.89,59.78,-0.89,-1.4888,39575.35,235414.625,5.52,111.52,56.4,58.52,65.94,71.24,73.36,65.62,17.28
20230831,57.68,61.38,57.45,59.78,57.86,1.92,3.3184,87414.85,524092.153,5.52,111.52,56.4,58.52,65.94,71.24,73.36,65.74,19.65
20230830,57.68,59.22,57.55,57.86,57.24,0.62,1.0832,41975.81,244666.295,5.52,111.52,56.4,58.52,65.94,71.24,73.36,66.02,12.42
20230829,54.0,57.79,53.87,57.24,54.0,3.24,6.0,50677.6,285719.157,5.52,111.52,56.4,59.58,67.0,71.24,73.36,66.17,8.63
20230828,57.5,58.32,53.61,54.0,54.67,-0.67,-1.2255,46026.98,257221.495,5.52,111.52,56.4,61.7,67.0,71.24,73.36,66.45,1.04
20230825,56.5,56.5,54.2,54.67,56.67,-2.0,-3.5292,27812.06,153397.926,5.52,111.52,57.46,62.76,67.0,71.24,73.36,66.69,1.59
20230824,56.5,57.5,55.92,56.67,56.12,0.55,0.98,19538.45,110954.217,5.52,111.52,57.46,62.76,67.0,71.24,73.36,66.83,3.64
20230823,57.18,57.44,56.01,56.12,57.23,-1.11,-1.9395,15611.98,88523.05,5.52,111.52,57.46,62.76,67.0,71.24,73.36,66.95,1.19
20230822,57.05,57.55,55.58,57.23,56.63,0.6,1.0595,28146.89,159393.959,5.52,111.52,58.52,62.76,67.0,71.24,73.36,67.0,2.43
20230821,57.31,57.84,56.63,56.63,57.61,-0.98,-1.7011,22500.08,128688.99,5.52,111.52,58.52,63.82,67.0,71.24,73.36,67.14,1.6
20230818,58.53,59.47,57.6,57.61,58.54,-0.93,-1.5887,16822.38,98521.819,5.52,111.52,59.58,63.82,67.0,71.24,73.36,67.25,2.43
20230817,58.16,58.95,57.74,58.54,58.47,0.07,0.1197,19384.76,113356.284,5.52,111.52,59.58,63.82,67.0,71.24,73.36,67.3,3.97
20230816,58.39,58.9,57.3,58.47,58.8,-0.33,-0.5612,25534.88,148434.432,5.52,111.52,60.64,63.82,67.0,71.24,73.36,67.38,1.94
20230815,60.37,60.88,57.6,58.8,60.34,-1.54,-2.5522,36432.93,214123.68,5.52,111.52,61.7,63.82,67.0,71.24,73.36,67.52,1.95
20230814,59.8,60.5,59.63,60.34,60.46,-0.12,-0.1985,16357.85,98317.628,5.52,111.52,62.76,63.82,67.0,71.24,73.36,67.64,1.87
20230811,63.1,63.3,59.79,60.46,63.22,-2.76,-4.3657,42491.41,259511.779,5.52,111.52,62.76,63.82,67.0,71.24,73.36,67.71,1.28
20230810,63.35,63.82,63.0,63.22,63.35,-0.13,-0.2052,10272.62,65117.736,5.52,111.52,62.76,63.82,67.0,71.24,73.36,67.84,7.02
20230809,63.59,63.93,62.76,63.35,63.79,-0.44,-0.6898,15526.45,97998.28,5.52,111.52,62.76,63.82,67.0,71.24,73.36,67.87,6.67
20230808,63.91,64.26,63.44,63.79,64.18,-0.39,-0.6077,12831.46,81876.11,5.52,111.52,62.76,63.82,67.0,71.24,73.36,67.88,6.38
20230807,64.01,64.51,63.7,64.18,64.1,0.08,0.1248,13956.49,89376.24,5.52,111.52,62.76,63.82,67.0,71.24,73.36,67.92,18.58
20230804,64.39,64.79,63.44,64.1,64.3,-0.2,-0.311,19218.81,123141.9,5.52,111.52,62.76,63.82,67.0,71.24,73.36,67.93,18.11
20230803,64.57,65.19,64.03,64.3,64.94,-0.64,-0.9855,16675.33,107455.952,5.52,111.52,62.76,63.82,67.0,71.24,73.36,67.97,17.46
20230802,63.7,65.29,63.69,64.94,64.19,0.75,1.1684,24409.08,158154.037,5.52,111.52,62.76,63.82,67.0,71.24,73.36,68.0,28.75
20230801,64.6,64.75,64.05,64.19,64.2,-0.01,-0.0156,16372.58,105390.801,5.52,111.52,62.76,63.82,67.0,71.24,73.36,68.05,16.7
20230731,63.46,64.8,62.94,64.2,63.26,0.94,1.4859,24631.8,157622.148,5.52,111.52,62.76,63.82,67.0,71.24,73.36,68.05,16.23
20230728,63.8,64.51,62.96,63.26,64.22,-0.96,-1.4949,31820.23,202040.568,5.52,111.52,62.76,64.88,68.06,71.24,73.36,68.17,5.85
20230727,65.72,65.74,63.88,64.22,65.35,-1.13,-1.7292,21388.08,138551.215,5.52,111.52,63.82,64.88,68.06,71.24,73.36,68.29,11.98
20230726,64.9,65.47,64.35,65.35,65.09,0.26,0.3994,25321.08,164762.052,5.52,111.52,63.82,64.88,68.06,71.24,73.36,68.38,21.8
20230725,63.68,65.44,63.39,65.09,62.99,2.1,3.3339,31126.49,200748.91,5.52,111.52,63.82,64.88,68.06,71.24,73.36,68.47,20.16
20230724,64.0,64.0,62.62,62.99,64.23,-1.24,-1.9306,27293.59,172268.781,5.52,111.52,63.82,64.88,68.06,71.24,74.42,68.59,4.66
20230721,64.11,64.56,63.2,64.23,64.11,0.12,0.1872,19317.28,123536.306,5.52,111.52,63.82,64.88,68.06,71.24,74.42,68.71,7.31
20230720,64.91,65.27,64.0,64.11,64.9,-0.79,-1.2173,22270.39,143863.487,5.52,111.52,63.82,65.94,68.06,71.24,74.42,68.81,5.78
20230719,65.66,66.53,64.8,64.9,65.97,-1.07,-1.6219,21171.17,138143.879,5.52,111.52,64.88,65.94,68.06,72.3,74.42,68.88,12.2
20230718,65.58,67.34,65.55,65.97,65.58,0.39,0.5947,28476.7,189487.666,5.52,111.52,64.88,65.94,68.06,72.3,74.42,68.96,20.66
20230717,65.96,65.97,64.66,65.58,66.75,-1.17,-1.7528,32035.03,208757.123,5.52,111.52,64.88,65.94,68.06,72.3,74.42,69.03,11.18
20230714,67.43,68.55,66.58,66.75,67.4,-0.65,-0.9644,30481.86,204665.052,5.52,111.52,64.88,65.94,68.06,72.3,74.42,69.14,17.01
20230713,66.8,68.5,66.55,67.4,66.5,0.9,1.3534,28777.18,194607.907,5.52,111.52,64.88,65.94,69.12,72.3,75.48,69.2,33.64
20230712,67.79,68.26,66.38,66.5,67.88,-1.38,-2.033,28351.6,189862.23,5.52,111.52,64.88,65.94,69.12,72.3,75.48,69.25,17.47
20230711,66.85,68.15,66.8,67.88,66.9,0.98,1.4649,22764.92,154285.438,5.52,111.52,63.82,65.94,69.12,72.3,75.48,69.31,31.62
20230710,67.68,68.14,66.5,66.9,67.72,-0.82,-1.2109,23589.25,158712.32,5.52,111.52,63.82,65.94,69.12,72.3,76.54,69.35,17.23
20230707,68.86,68.86,67.25,67.72,69.05,-1.33,-1.9261,30270.13,205392.73,5.52,111.52,63.82,65.94,69.12,72.3,76.54,69.39,30.16
20230706,69.52,70.58,68.85,69.05,69.52,-0.47,-0.6761,25050.57,174236.902,5.52,111.52,63.82,65.94,69.12,72.3,76.54,69.44,42.79
20230705,71.27,71.63,69.1,69.52,71.56,-2.04,-2.8508,37559.6,263799.346,5.52,111.52,63.82,65.94,69.12,72.3,77.6,69.44,55.62
20230704,71.93,72.85,71.2,71.56,71.94,-0.38,-0.5282,50558.64,363607.464,5.52,111.52,63.82,65.94,69.12,72.3,77.6,69.42,80.29
20230703,68.8,73.13,68.5,71.94,67.96,3.98,5.8564,84721.35,603217.548,5.52,111.52,63.82,65.94,69.12,72.3,78.66,69.31,81.22
20230630,65.21,68.34,64.83,67.96,65.21,2.75,4.2171,43293.55,290367.758,5.52,111.52,63.82,65.94,68.06,72.3,79.72,69.21,35.97
20230629,64.82,65.62,64.3,65.21,64.84,0.37,0.5706,28992.89,188608.191,5.52,111.52,63.82,65.94,69.12,72.3,79.72,69.31,12.89
20230628,66.82,67.18,64.22,64.84,66.82,-1.98,-2.9632,52337.28,341963.877,5.52,111.52,63.82,65.94,69.12,72.3,79.72,69.43,6.18
20230627,66.53,67.7,65.92,66.82,66.68,0.14,0.21,27416.85,183009.572,5.52,111.52,63.82,67.0,69.12,72.3,80.78,69.63,14.92
20230626,66.13,68.0,65.8,66.68,66.8,-0.12,-0.1796,31535.35,210380.381,5.52,111.52,63.82,67.0,69.12,72.3,80.78,69.73,13.61
20230621,70.96,71.11,66.71,66.8,71.2,-4.4,-6.1798,73471.44,499379.131,5.52,111.52,63.82,67.0,69.12,72.3,80.78,69.85,12.06
20230620,71.15,71.57,70.6,71.2,71.12,0.08,0.1125,29976.43,213176.308,5.52,111.52,62.76,67.0,70.18,73.36,81.84,70.28,58.43
20230619,71.23,71.99,70.7,71.12,71.67,-0.55,-0.7674,30930.99,220588.599,5.52,111.52,62.76,67.0,70.18,73.36,81.84,70.27,58.86
20230616,72.01,72.8,71.21,71.67,72.15,-0.48,-0.6653,35612.74,255308.445,5.52,111.52,62.76,67.0,69.12,73.36,81.84,70.22,70.99
20230615,73.03,73.39,71.79,72.15,73.03,-0.88,-1.205,32748.74,237193.827,5.52,111.52,62.76,67.0,69.12,73.36,81.84,70.18,71.31
20230614,72.49,73.59,71.71,73.03,72.51,0.52,0.7171,56378.84,410941.54,5.52,111.52,62.76,65.94,69.12,73.36,81.84,70.1,83.76
20230613,69.7,72.92,68.87,72.72,69.75,2.97,4.2581,67271.0,482723.834,5.52,111.52,62.76,65.94,69.12,72.3,82.9,69.96,85.03
20230612,70.29,70.87,69.36,69.75,69.68,0.07,0.1005,31262.26,219184.53,5.52,111.52,62.76,65.94,69.12,73.36,82.9,69.9,59.87
20230609,68.85,71.38,68.49,69.68,68.84,0.84,1.2202,65921.33,460500.159,5.52,111.52,62.76,65.94,69.12,73.36,82.9,69.91,60.36
20230608,68.79,69.03,67.85,68.84,68.76,0.08,0.1163,34528.55,236522.287,5.52,111.52,62.76,65.94,69.12,73.36,82.9,69.92,49.02
20230607,69.36,70.31,68.3,68.76,69.39,-0.63,-0.9079,29709.7,205220.999,5.52,111.52,62.76,65.94,69.12,73.36,82.9,69.97,47.69
20230606,70.97,71.1,69.27,69.39,71.12,-1.73,-2.4325,38360.23,268601.755,5.52,111.52,62.76,64.88,69.12,73.36,82.9,70.0,59.37
20230605,71.0,73.63,71.0,71.12,70.6,0.52,0.7365,60998.53,440259.071,5.52,111.52,62.76,64.88,69.12,73.36,82.9,70.01,65.0
20230602,68.1,71.56,67.68,70.6,68.12,2.48,3.6406,69056.88,483803.104,5.52,111.52,62.76,64.88,68.06,74.42,82.9,69.9,68.63
20230601,68.4,68.4,67.31,68.12,68.74,-0.62,-0.9019,36827.62,249986.263,5.52,111.52,62.76,64.88,68.06,74.42,82.9,69.93,55.18
20230531,68.3,68.97,66.86,68.74,68.65,0.09,0.1311,61497.59,417770.196,5.52,111.52,62.76,64.88,68.06,75.48,82.9,70.01,53.8
20230530,68.8,69.14,67.91,68.65,68.82,-0.17,-0.247,41672.31,285363.318,5.52,111.52,62.76,64.88,68.06,76.54,83.96,70.17,51.21
20230529,68.3,69.28,67.28,68.82,68.08,0.74,1.087,51471.03,353855.537,5.52,111.52,62.76,64.88,68.06,77.6,83.96,70.25,50.74
20230526,68.9,69.17,67.47,68.08,68.6,-0.52,-0.758,48645.45,333025.246,5.52,111.52,62.76,63.82,68.06,78.66,83.96,70.34,50.15
20230525,68.65,69.47,66.84,68.6,68.89,-0.29,-0.421,59657.95,405094.655,5.52,111.52,62.76,63.82,69.12,78.66,83.96,70.43,49.56
20230524,67.75,69.64,67.4,68.89,67.62,1.27,1.8781,49560.62,340745.874,5.52,111.52,62.76,63.82,69.12,79.72,83.96,70.6,47.67
20230523,67.72,69.28,67.0,67.62,68.1,-0.48,-0.7048,46408.86,316400.087,5.52,111.52,62.76,63.82,69.12,79.72,83.96,70.72,38.7
20230522,67.75,68.5,66.38,68.1,67.73,0.37,0.5463,51248.18,346359.901,5.52,111.52,62.76,63.82,70.18,80.78,83.96,70.79,46.18
20230519,67.73,68.2,66.28,67.73,67.56,0.17,0.2516,51162.69,344966.432,5.52,111.52,62.76,63.82,71.24,80.78,83.96,70.99,38.89
20230518,65.68,68.39,65.2,67.56,66.05,1.51,2.2861,68486.62,457655.184,5.52,111.52,62.76,63.82,71.24,80.78,83.96,71.16,37.69
20230517,64.81,66.6,64.5,66.05,65.21,0.84,1.2881,48160.6,317538.873,5.52,111.52,62.76,63.82,71.24,81.84,85.02,71.48,33.8
20230516,64.75,66.19,64.51,65.21,64.93,0.28,0.4312,56022.03,366884.685,5.52,111.52,62.76,63.82,71.24,81.84,85.02,71.79,28.05
20230515,62.6,64.99,61.8,64.93,62.95,1.98,3.1454,70158.1,445418.274,5.52,111.52,62.76,63.82,72.3,81.84,85.02,72.17,26.11
20230512,62.26,63.97,61.87,62.95,62.5,0.45,0.72,64009.76,402576.419,5.52,111.52,62.76,63.82,72.3,81.84,85.02,72.79,11.96
20230511,63.94,64.32,62.45,62.5,62.93,-0.43,-0.6833,59983.25,378746.484,5.52,111.52,62.76,64.88,72.3,81.84,85.02,73.4,2.19
20230510,66.51,66.79,62.26,62.93,67.06,-4.13,-6.1587,113004.25,717073.815,5.52,111.52,62.76,68.06,72.3,82.9,85.02,74.05,5.34
20230509,70.29,70.36,67.02,67.06,70.87,-3.81,-5.376,89076.19,606665.698,5.52,111.52,68.06,70.18,73.36,82.9,85.02,75.25,1.95
20230508,70.1,71.44,69.6,70.87,70.77,0.1,0.1413,38564.41,272709.522,5.52,111.52,70.18,71.24,73.36,82.9,86.08,75.86,8.04
20230505,71.26,72.7,70.4,70.77,71.73,-0.96,-1.3384,45710.29,326374.242,5.52,111.52,70.18,71.24,73.36,82.9,86.08,76.06,5.91
20230504,72.65,73.05,70.58,71.73,73.53,-1.8,-2.448,60636.08,434751.003,5.52,111.52,70.18,71.24,73.36,82.9,86.08,76.28,17.08
20230428,73.0,73.91,71.76,73.53,71.69,1.84,2.5666,94883.23,692660.54,5.52,111.52,70.18,72.3,74.42,82.9,86.08,76.57,48.37
20230427,71.15,72.95,70.89,71.69,71.87,-0.18,-0.2505,73571.1,529876.455,5.52,111.52,70.18,71.24,79.72,83.96,86.08,78.45,16.36
20230426,72.16,73.08,69.3,71.87,72.26,-0.39,-0.5397,102056.47,726460.173,5.52,111.52,70.18,72.3,80.78,83.96,86.08,78.97,12.83
20230425,74.08,75.47,71.18,72.26,74.03,-1.77,-2.3909,80922.94,592434.162,5.52,111.52,71.24,74.42,80.78,83.96,87.14,79.87,5.46
20230424,77.9,78.25,73.47,74.03,78.51,-4.48,-5.7063,121947.15,914003.509,5.52,111.52,73.36,75.48,81.84,85.02,87.14,80.48,6.52
20230421,83.33,83.7,78.33,78.51,83.71,-5.2,-6.2119,129753.06,1041974.238,5.52,111.52,72.3,78.66,81.84,85.02,87.14,81.18,14.41
20230420,82.3,85.29,82.2,83.71,82.52,1.19,1.4421,118662.75,994924.123,5.52,111.52,72.3,77.6,81.84,85.02,87.14,81.34,67.96
20230419,81.7,84.88,81.66,82.52,82.16,0.36,0.4382,110783.33,921316.587,5.52,111.52,71.24,77.6,81.84,85.02,87.14,81.12,55.59
20230418,85.0,85.01,81.8,82.16,85.48,-3.32,-3.8839,121679.42,1006819.026,5.52,111.52,71.24,76.54,81.84,86.08,87.14,80.93,58.95
20230417,88.05,88.57,84.6,85.48,87.27,-1.79,-2.0511,146345.87,1264632.618,5.52,111.52,71.24,76.54,81.84,86.08,87.14,80.74,82.06
20230414,82.04,88.46,80.25,87.27,81.45,5.82,7.1455,203530.98,1730805.633,5.52,111.52,71.24,75.48,80.78,83.96,86.08,79.81,97.84
20230413,82.94,84.0,81.19,81.45,83.8,-2.35,-2.8043,101228.94,834544.444,5.52,111.52,71.24,74.42,79.72,82.9,83.96,78.71,70.19
20230412,79.92,85.85,78.01,83.8,79.9,3.9,4.8811,173497.63,1432102.141,5.52,111.52,71.24,73.36,79.72,81.84,82.9,78.29,95.27
20230411,79.08,81.2,78.3,79.9,78.55,1.35,1.7187,96513.18,769421.336,5.52,111.52,70.18,73.36,78.66,80.78,82.9,77.63,69.49
20230410,83.0,83.32,78.18,78.55,82.0,-3.45,-4.2073,143270.23,1146856.765,5.52,111.52,70.18,72.3,78.66,81.84,82.9,77.44,46.98
20230407,81.5,83.34,80.03,82.0,81.17,0.83,1.0225,152534.38,1246963.391,5.52,111.52,70.18,72.3,77.6,80.78,81.84,76.99,95.15
20230406,75.6,82.87,75.21,81.17,75.61,5.56,7.3535,205168.14,1653680.054,5.52,111.52,70.18,71.24,76.54,79.72,81.84,76.11,94.09
20230404,72.8,77.69,71.86,75.61,72.49,3.12,4.304,133896.67,1004403.199,5.52,111.52,70.18,71.24,75.48,79.72,81.84,75.38,53.11
20230403,70.65,72.57,70.18,72.49,70.2,2.29,3.2621,76142.72,545351.422,5.52,111.52,70.18,71.24,76.54,79.72,81.84,75.69,33.53
20230331,70.26,71.28,69.91,70.2,70.58,-0.38,-0.5384,49838.3,350564.516,5.52,111.52,70.18,71.24,77.6,80.78,81.84,76.09,13.49
20230330,70.91,72.39,70.35,70.58,70.9,-0.32,-0.4513,50910.73,362167.354,5.52,111.52,70.18,71.24,77.6,80.78,81.84,76.42,10.48
20230329,69.5,71.95,69.32,70.9,69.8,1.1,1.5759,63291.91,448862.562,5.52,111.52,70.18,71.24,77.6,80.78,81.84,76.75,9.16
20230328,75.25,75.49,69.59,69.8,75.6,-5.8,-7.672,118965.2,852526.543,5.52,111.52,71.24,73.36,77.6,80.78,81.84,77.25,2.73
20230327,75.5,77.5,75.21,75.6,76.39,-0.79,-1.0342,54745.36,417785.171,5.52,111.52,73.36,76.54,78.66,80.78,81.84,78.07,14.17
20230324,79.46,79.5,76.33,76.39,79.23,-2.84,-3.5845,79395.23,614845.584,5.52,111.52,73.36,76.54,78.66,80.78,81.84,78.23,10.89
20230323,77.5,79.47,77.4,79.23,78.15,1.08,1.382,63004.39,495912.521,5.52,111.52,73.36,76.54,78.66,80.78,81.84,78.35,59.39
20230322,79.8,80.04,77.22,78.15,80.15,-2.0,-2.4953,81505.58,639551.806,5.52,111.52,73.36,76.54,78.66,80.78,81.84,78.37,41.08
20230321,81.63,81.69,79.02,80.15,81.66,-1.51,-1.8491,75922.11,609221.71,5.52,111.52,72.3,76.54,78.66,80.78,81.84,78.42,70.23
20230320,81.2,82.65,79.81,81.66,81.3,0.36,0.4428,87694.34,714047.81,5.52,111.52,72.3,76.54,78.66,80.78,82.9,78.29,86.18
20230317,80.4,81.98,79.32,81.3,79.24,2.06,2.5997,83062.1,672489.386,5.52,111.52,72.3,75.48,78.66,80.78,82.9,78.03,88.81
20230316,79.5,80.97,78.13,79.24,80.0,-0.76,-0.95,61141.96,486679.17,5.52,111.52,72.3,75.48,77.6,80.78,82.9,77.77,71.35
20230315,79.98,83.08,78.94,80.0,79.52,0.48,0.6036,98301.29,795387.087,5.52,111.52,72.3,75.48,77.6,80.78,82.9,77.69,82.93
20230314,76.73,79.98,76.23,79.52,77.3,2.22,2.8719,82210.02,644186.423,5.52,111.52,71.24,75.48,77.6,79.72,81.84,77.33,81.6
20230313,78.08,79.0,76.28,77.3,78.58,-1.28,-1.6289,58984.17,455091.357,5.52,111.52,71.24,75.48,77.6,79.72,81.84,77.31,38.79
20230310,77.82,80.5,75.68,78.58,78.27,0.31,0.3961,93086.58,728287.599,5.52,111.52,71.24,75.48,77.6,79.72,81.84,77.32,63.12
20230309,76.38,79.66,76.2,78.27,76.65,1.62,2.1135,67320.43,527668.815,5.52,111.52,71.24,74.42,77.6,79.72,82.9,77.3,63.63
20230308,76.0,77.72,75.16,76.65,76.25,0.4,0.5246,53498.06,409292.99,5.52,111.52,71.24,74.42,77.6,79.72,82.9,77.3,40.61
20230307,79.92,81.48,76.0,76.25,79.92,-3.67,-4.5921,70643.64,552584.576,5.52,111.52,70.18,74.42,77.6,79.72,82.9,77.37,24.15
20230306,78.15,80.8,76.11,79.92,78.15,1.77,2.2649,80622.02,636373.15,5.52,111.52,70.18,74.42,77.6,79.72,83.96,77.32,85.86
20230303,77.92,78.88,76.67,78.15,76.55,1.6,2.0901,54232.93,422786.439,5.52,111.52,70.18,73.36,77.6,79.72,85.02,77.24,64.35
20230302,78.01,79.21,76.55,76.55,78.22,-1.67,-2.135,43371.33,338224.143,5.52,111.52,70.18,73.36,77.6,80.78,85.02,77.21,44.18
20230301,77.8,78.22,76.63,78.22,78.0,0.22,0.2821,40961.36,317067.158,5.52,111.52,70.18,73.36,77.6,80.78,86.08,77.19,64.57
20230228,78.62,79.8,77.51,78.0,78.55,-0.55,-0.7002,38705.31,304021.355,5.52,111.52,70.18,73.36,77.6,80.78,86.08,77.19,63.17
20230227,78.56,79.57,77.44,78.55,79.27,-0.72,-0.9083,40996.4,322178.312,5.52,111.52,70.18,73.36,77.6,80.78,86.08,77.14,63.9
20230224,77.98,79.89,77.02,79.27,77.4,1.87,2.416,57104.17,449428.823,5.52,111.52,70.18,73.36,77.6,80.78,86.08,77.11,74.29
20230223,76.86,78.2,76.53,77.4,76.86,0.54,0.7026,40442.09,313968.116,5.52,111.52,70.18,73.36,76.54,80.78,87.14,77.04,52.94
20230222,76.5,77.75,76.02,76.86,77.3,-0.44,-0.5692,31936.63,245689.772,5.52,111.52,70.18,73.36,76.54,80.78,87.14,77.04,53.64
20230221,76.88,77.94,76.63,77.3,77.23,0.07,0.0906,35244.15,271985.78,5.52,111.52,70.18,72.3,76.54,80.78,87.14,77.05,53.31
20230220,75.21,77.5,74.44,77.23,75.9,1.33,1.7523,60553.74,459279.968,5.52,111.52,69.12,72.3,76.54,80.78,88.2,77.05,53.74
20230217,80.69,80.79,75.65,75.9,80.69,-4.79,-5.9363,95845.17,744127.999,5.52,111.52,69.12,72.3,76.54,81.84,88.2,77.15,41.19
20230216,79.99,83.95,79.11,80.69,80.31,0.38,0.4732,121894.01,996555.293,5.52,111.52,69.12,72.3,76.54,81.84,89.26,77.09,75.68
20230215,78.27,80.5,77.3,80.31,78.73,1.58,2.0069,67552.15,534202.366,5.52,111.52,69.12,72.3,75.48,80.78,90.32,76.54,83.88
20230214,79.47,81.45,78.33,78.73,79.31,-0.58,-0.7313,61216.36,485934.006,5.52,111.52,69.12,72.3,75.48,80.78,90.32,76.46,79.01
20230213,77.78,79.97,77.18,79.31,77.89,1.42,1.8231,69132.03,545828.772,5.52,111.52,69.12,72.3,75.48,80.78,90.32,76.36,80.13
20230210,79.5,79.88,77.12,77.89,79.33,-1.44,-1.8152,71836.79,561141.709,5.52,111.52,69.12,71.24,75.48,80.78,91.38,76.29,77.06
20230209,74.42,79.42,73.09,79.33,74.78,4.55,6.0845,119615.75,928141.23,5.52,111.52,69.12,71.24,75.48,81.84,91.38,76.2,80.46
20230208,75.31,77.0,74.5,74.78,75.54,-0.76,-1.0061,45692.24,344436.918,5.52,111.52,69.12,71.24,75.48,81.84,91.38,76.24,49.67
20230207,76.0,76.5,74.83,75.54,76.19,-0.65,-0.8531,49600.91,374131.1,5.52,111.52,69.12,71.24,74.42,82.9,91.38,76.27,62.49
20230206,77.27,78.0,75.71,76.19,78.46,-2.27,-2.8932,73226.02,561106.018,5.52,111.52,69.12,71.24,74.42,82.9,91.38,76.32,61.58
20230203,75.6,78.51,75.13,78.46,75.88,2.58,3.4001,101359.28,783531.952,5.52,111.52,69.12,71.24,74.42,82.9,92.44,76.32,75.38
20230202,75.0,78.53,74.1,75.88,74.8,1.08,1.4439,111585.81,849228.507,5.52,111.52,69.12,71.24,74.42,83.96,92.44,76.3,66.02
20230201,71.59,74.88,71.51,74.8,71.6,3.2,4.4693,82043.59,604747.952,5.52,111.52,69.12,71.24,74.42,85.02,92.44,76.37,57.73
20230131,74.36,74.85,70.72,71.6,74.08,-2.48,-3.3477,82700.61,598116.34,5.52,111.52,69.12,70.18,74.42,85.02,93.5,76.52,22.02
20230130,76.93,77.12,73.96,74.08,76.14,-2.06,-2.7055,70705.96,528653.299,5.52,111.52,69.12,70.18,74.42,86.08,93.5,76.76,42.99
20230120,76.0,76.56,75.61,76.14,76.33,-0.19,-0.2489,31865.21,242461.957,5.52,111.52,68.06,70.18,74.42,86.08,93.5,76.84,62.41
20230119,75.39,77.0,74.3,76.33,75.13,1.2,1.5972,35943.12,272668.354,5.52,111.52,68.06,70.18,74.42,86.08,93.5,76.86,62.77
20230118,75.93,76.5,74.87,75.13,75.63,-0.5,-0.6611,34809.47,263305.399,5.52,111.52,68.06,70.18,74.42,86.08,93.5,76.9,55.47
20230117,72.94,75.9,72.7,75.63,73.03,2.6,3.5602,62233.36,466521.421,5.52,111.52,68.06,70.18,74.42,86.08,93.5,76.93,62.1
20230116,71.7,73.99,71.6,73.03,72.53,0.5,0.6894,41934.87,306063.469,5.52,111.52,68.06,70.18,74.42,87.14,93.5,77.03,36.02
20230113,73.4,73.4,71.59,72.53,72.99,-0.46,-0.6302,32272.55,233745.528,5.52,111.52,68.06,70.18,74.42,87.14,93.5,77.15,35.36
20230112,74.56,75.0,72.76,72.99,74.56,-1.57,-2.1057,44408.51,325593.224,5.52,111.52,68.06,70.18,74.42,87.14,94.56,77.23,34.83
20230111,74.0,77.22,73.93,74.56,73.82,0.74,1.0024,100531.35,763209.991,5.52,111.52,68.06,70.18,74.42,87.14,94.56,77.34,52.67
20230110,73.15,75.15,72.7,73.82,73.38,0.44,0.5996,66235.95,491120.185,5.52,111.52,68.06,70.18,74.42,88.2,94.56,77.49,47.48
20230109,71.55,74.4,71.01,73.38,71.35,2.03,2.8451,62235.78,454543.907,5.52,111.52,68.06,70.18,74.42,88.2,94.56,77.65,46.84
20230106,69.8,72.24,69.11,71.35,70.14,1.21,1.7251,59342.13,422280.399,5.52,111.52,68.06,70.18,74.42,88.2,95.62,77.87,28.84
20230105,69.55,70.49,67.9,70.14,69.48,0.66,0.9499,64382.72,446260.591,5.52,111.52,68.06,70.18,75.48,89.26,95.62,78.15,12.12
20230104,73.23,75.87,68.91,69.48,73.21,-3.73,-5.0949,96690.1,690125.493,5.52,111.52,68.06,70.18,75.48,89.26,96.68,78.52,9.78
20230103,69.21,73.71,68.7,73.21,69.2,4.01,5.7948,57755.23,414790.597,5.52,111.52,68.06,70.18,77.6,89.26,96.68,78.91,29.87
20221230,70.18,70.8,68.88,69.2,69.85,-0.65,-0.9306,28358.45,197126.644,5.52,111.52,68.06,70.18,78.66,90.32,96.68,79.2,9.6
20221229,70.03,71.33,69.73,69.85,70.8,-0.95,-1.3418,29293.72,206188.658,5.52,111.52,68.06,71.24,78.66,90.32,96.68,79.35,8.69
20221228,69.69,71.86,69.69,70.8,70.34,0.46,0.654,37675.6,266607.308,5.52,111.52,68.06,71.24,78.66,90.32,97.74,79.52,13.14
20221227,69.66,71.15,68.98,70.34,69.65,0.69,0.9907,29699.28,208475.363,5.52,111.52,68.06,71.24,79.72,90.32,97.74,79.76,11.93
20221226,66.81,69.87,66.8,69.65,67.86,1.79,2.6378,33623.38,232734.744,5.52,111.52,68.06,72.3,79.72,90.32,97.74,79.95,7.99
20221223,68.64,69.79,67.42,67.86,68.9,-1.04,-1.5094,32088.2,219537.77,5.52,111.52,69.12,72.3,79.72,90.32,97.74,80.2,3.15
20221222,70.68,71.49,68.76,68.9,70.64,-1.74,-2.4632,33324.55,232707.883,5.52,111.52,70.18,72.3,79.72,90.32,97.74,80.45,3.22
20221221,71.77,72.5,69.66,70.64,71.97,-1.33,-1.848,39575.15,278928.997,5.52,111.52,70.18,72.3,79.72,90.32,97.74,80.68,5.06
20221220,72.6,74.37,71.74,71.97,72.5,-0.53,-0.731,39657.63,288200.266,5.52,111.52,71.24,72.3,80.78,91.38,97.74,80.95,6.97
20221219,72.21,74.17,71.27,72.5,72.3,0.2,0.2766,46595.15,339528.039,5.52,111.52,71.24,73.36,80.78,91.38,98.8,81.18,13.83
20221216,72.91,73.34,70.7,72.3,73.36,-1.06,-1.4449,48620.54,348769.967,5.52,111.52,71.24,73.36,80.78,91.38,98.8,81.43,6.72
20221215,71.0,74.52,70.08,73.36,72.03,1.33,1.8465,57086.59,417237.14,5.52,111.52,72.3,73.36,80.78,91.38,98.8,81.74,9.73
20221214,73.88,74.78,71.77,72.03,71.36,0.67,0.9389,71309.88,525454.303,5.52,111.52,72.3,73.36,81.84,91.38,98.8,82.11,3.8
20221213,75.16,75.49,71.24,71.36,75.65,-4.29,-5.6709,62561.92,454427.942,5.52,111.52,72.3,74.42,81.84,91.38,98.8,82.5,3.79
20221212,73.75,76.24,72.98,75.65,73.75,1.9,2.5763,53471.55,400757.579,5.52,111.52,72.3,74.42,81.84,92.44,98.8,82.88,21.8
20221209,72.91,75.99,72.5,73.75,73.05,0.7,0.9582,51197.53,380803.73,5.52,111.52,72.3,74.42,81.84,92.44,98.8,83.17,10.52
20221208,73.99,74.28,72.69,73.05,73.99,-0.94,-1.2704,38630.5,282774.731,5.52,111.52,72.3,75.48,82.9,92.44,98.8,83.48,5.42
20221207,75.28,76.08,73.88,73.99,75.8,-1.81,-2.3879,37287.63,277940.204,5.52,111.52,73.36,76.54,82.9,92.44,99.86,83.69,7.21
20221206,73.35,77.06,73.21,75.8,73.94,1.86,2.5156,70582.82,532328.215,5.52,111.52,73.36,76.54,82.9,92.44,99.86,83.98,12.77
20221205,77.0,77.17,73.08,73.94,77.37,-3.43,-4.4332,83359.52,619284.203,5.52,111.52,73.36,77.6,83.96,92.44,99.86,84.39,6.36
20221202,79.0,81.1,77.09,77.37,80.06,-2.69,-3.36,43371.74,342104.396,5.52,111.52,75.48,78.66,83.96,92.44,99.86,84.93,7.52
20221201,77.4,82.16,77.4,80.06,77.38,2.68,3.4634,58351.17,468354.796,5.52,111.52,75.48,79.72,85.02,93.5,99.86,85.1,22.1
20221130,77.95,78.47,75.79,77.38,78.17,-0.79,-1.0106,37881.95,291776.35,5.52,111.52,74.42,79.72,85.02,93.5,99.86,85.29,7.81
20221129,79.51,79.6,76.38,78.17,79.39,-1.22,-1.5367,38743.07,301613.193,5.52,111.52,74.42,79.72,85.02,93.5,99.86,85.51,8.41
20221128,80.5,80.8,78.67,79.39,81.05,-1.66,-2.0481,29798.55,236815.908,5.52,111.52,74.42,79.72,85.02,93.5,99.86,85.71,9.68
20221125,80.42,82.73,79.7,81.05,80.72,0.33,0.4088,31041.84,253183.963,5.52,111.52,74.42,79.72,85.02,93.5,100.92,85.85,24.1
20221124,81.6,82.34,80.5,80.72,81.82,-1.1,-1.3444,21792.2,176770.212,5.52,111.52,73.36,79.72,86.08,93.5,100.92,85.99,15.12
20221123,82.02,82.78,79.88,81.82,82.02,-0.2,-0.2438,28448.38,231594.667,5.52,111.52,73.36,79.72,86.08,93.5,100.92,86.04,22.58
20221122,83.3,83.58,80.9,82.02,83.34,-1.32,-1.5839,29689.66,243621.779,5.52,111.52,73.36,79.72,86.08,93.5,100.92,86.14,29.41
20221121,80.78,84.3,80.2,83.34,81.66,1.68,2.0573,42593.04,353306.447,5.52,111.52,73.36,79.72,86.08,93.5,100.92,86.26,34.58
20221118,81.9,84.2,81.18,81.66,81.94,-0.28,-0.3417,37274.11,307044.549,5.52,111.52,73.36,79.72,86.08,94.56,100.92,86.36,22.18
20221117,78.9,82.15,77.78,81.94,79.6,2.34,2.9397,51320.73,410791.151,5.52,111.52,73.36,79.72,86.08,94.56,100.92,86.47,27.95
20221116,83.56,83.56,78.9,79.6,83.7,-4.1,-4.8984,65058.83,523823.652,5.52,111.52,72.3,80.78,87.14,94.56,100.92,86.67,9.49
20221115,79.6,84.45,79.59,83.7,79.83,3.87,4.8478,63078.29,522812.93,5.52,111.52,72.3,80.78,87.14,94.56,100.92,86.9,27.32
20221114,81.21,82.86,79.1,79.83,82.49,-2.66,-3.2246,45973.78,370168.157,5.52,111.52,71.24,80.78,87.14,95.62,101.98,87.18,13.63
20221111,85.0,85.88,82.45,82.49,82.69,-0.2,-0.2419,48870.01,411780.845,5.52,111.52,71.24,80.78,88.2,95.62,101.98,87.36,19.14
20221110,83.5,84.11,79.38,82.69,83.9,-1.21,-1.4422,70685.08,577550.324,5.52,111.52,70.18,80.78,88.2,95.62,101.98,87.49,19.59
20221109,85.32,86.88,83.65,83.9,85.8,-1.9,-2.2145,43271.69,367709.648,5.52,111.52,69.12,81.84,88.2,96.68,101.98,87.78,19.47
20221108,85.17,86.68,84.01,85.8,85.67,0.13,0.1517,37159.93,315992.738,5.52,111.52,68.06,80.78,88.2,96.68,101.98,87.85,29.74
20221107,87.1,89.08,84.59,85.67,88.69,-3.02,-3.4051,64485.56,553937.644,5.52,111.52,68.06,80.78,89.26,96.68,101.98,87.93,28.97
20221104,90.14,90.14,84.86,88.69,90.12,-1.43,-1.5868,78814.94,685322.156,5.52,111.52,67.0,80.78,89.26,96.68,103.04,88.05,47.95
20221103,86.77,91.14,86.16,90.12,87.18,2.94,3.3723,50989.93,457968.283,5.52,111.52,65.94,80.78,89.26,97.74,103.04,88.11,52.06
20221102,86.8,90.0,86.2,87.18,87.44,-0.26,-0.2973,49627.96,437080.4,5.52,111.52,65.94,80.78,89.26,97.74,103.04,88.1,40.48
20221101,86.6,87.99,84.8,87.44,88.1,-0.66,-0.7491,57294.77,493608.974,5.52,111.52,65.94,79.72,90.32,97.74,103.04,88.14,40.2
20221031,89.69,92.3,87.28,88.1,89.97,-1.87,-2.0785,51657.32,460759.535,5.52,111.52,64.88,79.72,90.32,97.74,103.04,88.27,38.14
20221028,88.55,94.58,88.55,89.97,89.84,0.13,0.1447,63398.89,584478.556,5.52,111.52,64.88,79.72,90.32,97.74,103.04,88.24,47.19
20221027,92.22,93.97,89.45,89.84,92.15,-2.31,-2.5068,51155.26,465489.839,5.52,111.52,64.88,79.72,90.32,98.8,104.1,88.09,48.6
20221026,91.88,94.74,90.21,92.15,92.29,-0.14,-0.1517,59676.54,552897.224,5.52,111.52,63.82,79.72,90.32,98.8,104.1,87.99,61.98
20221025,93.01,94.1,89.21,92.29,92.44,-0.15,-0.1623,56608.78,519388.052,5.52,111.52,62.76,79.72,89.26,98.8,104.1,87.92,63.02
20221024,88.0,94.38,87.45,92.44,87.5,4.94,5.6457,70001.96,642078.946,5.52,111.52,62.76,78.66,89.26,98.8,104.1,87.8,62.92
20221021,88.15,88.58,85.02,87.5,89.97,-2.47,-2.7454,52608.16,457640.633,5.52,111.52,61.7,78.66,88.2,98.8,104.1,87.65,46.77
20221020,82.38,92.88,82.37,89.97,83.38,6.59,7.9036,94050.58,832679.486,5.52,111.52,61.7,78.66,89.26,98.8,104.1,87.76,52.91
20221019,82.37,86.29,81.91,83.38,82.42,0.96,1.1648,55098.13,464433.096,5.52,111.52,60.64,78.66,89.26,99.86,104.1,87.7,31.94
20221018,81.58,84.38,80.5,82.42,81.97,0.45,0.549,63749.51,525297.087,5.52,111.52,60.64,78.66,90.32,99.86,105.16,87.91,29.27
20221017,77.99,82.58,77.22,81.97,80.09,1.88,2.3474,99595.8,798970.73,5.52,111.52,60.64,78.66,90.32,99.86,105.16,88.12,28.1
20221014,88.2,88.2,75.45,80.09,88.64,-8.55,-9.6458,193833.3,1529435.93,5.52,111.52,60.64,77.6,91.38,99.86,105.16,88.66,19.5
20221013,89.2,92.0,88.02,88.64,90.5,-1.86,-2.0552,43906.93,394241.037,5.52,111.52,59.58,79.72,92.44,100.92,105.16,89.75,33.44
20221012,85.9,91.28,84.1,90.5,85.95,4.55,5.2938,53677.95,470761.163,5.52,111.52,59.58,79.72,92.44,100.92,105.16,89.76,40.48
20221011,85.23,87.0,83.0,85.95,85.21,0.74,0.8684,54991.77,470806.852,5.52,111.52,59.58,78.66,92.44,100.92,105.16,89.85,24.84
20221010,91.37,91.74,80.3,85.21,92.18,-6.97,-7.5613,103427.25,876704.614,5.52,111.52,58.52,77.6,93.5,100.92,106.22,90.04,23.22
20220930,98.49,98.69,92.18,92.18,98.69,-6.51,-6.5964,49383.02,464751.867,5.52,111.52,58.52,75.48,93.5,100.92,106.22,90.33,38.79
20220929,100.0,100.5,95.9,98.69,97.93,0.76,0.7761,46319.6,456836.9,5.52,111.52,58.52,74.42,93.5,100.92,106.22,90.25,70.11
20220928,103.0,103.16,97.4,97.93,102.78,-4.85,-4.7188,51959.97,517365.357,5.52,111.52,58.52,73.36,93.5,101.98,106.22,90.03,70.41
20220927,94.47,105.0,92.66,102.78,93.8,8.98,9.5736,85859.64,870581.488,5.52,111.52,58.52,73.36,93.5,100.92,106.22,89.74,87.34
20220926,93.54,95.6,91.12,93.8,92.96,0.84,0.9036,53274.78,500561.346,5.52,111.52,58.52,72.3,92.44,100.92,106.22,89.23,58.39
20220923,97.01,97.51,91.66,92.96,96.02,-3.06,-3.1868,40039.15,375443.979,5.52,111.52,57.46,72.3,92.44,100.92,106.22,89.14,51.93
20220922,93.44,98.15,92.26,96.02,93.89,2.13,2.2686,42848.04,410645.922,5.52,111.52,57.46,71.24,92.44,101.98,106.22,89.02,64.97
20220921,96.6,96.66,93.22,93.89,97.44,-3.55,-3.6433,46093.83,435300.185,5.52,111.52,57.46,71.24,92.44,101.98,106.22,88.87,58.89
20220920,98.0,99.66,93.0,97.44,97.04,0.4,0.4122,43821.21,424706.587,5.52,111.52,57.46,70.18,92.44,101.98,106.22,88.74,66.81
20220919,99.0,101.8,95.88,97.04,98.55,-1.51,-1.5322,41068.49,404275.425,5.52,111.52,57.46,70.18,91.38,101.98,106.22,88.56,66.72
20220916,97.0,101.17,96.82,98.55,97.5,1.05,1.0769,66301.84,655975.117,5.52,111.52,57.46,69.12,91.38,101.98,106.22,88.32,71.38
20220915,104.97,105.0,95.66,97.5,104.97,-7.47,-7.1163,78828.57,780699.048,5.52,111.52,57.46,68.06,91.38,103.04,106.22,87.91,70.61
20220914,103.7,107.44,101.5,104.97,105.0,-0.03,-0.0286,59646.87,621949.357,5.52,111.52,56.4,67.0,91.38,103.04,107.28,87.34,89.04
20220913,105.49,109.9,103.7,105.0,105.0,0.0,0.0,46785.12,495016.014,5.52,111.52,56.4,67.0,91.38,100.92,107.28,86.71,90.22
20220909,108.04,108.58,102.69,105.0,107.99,-2.99,-2.7688,49309.57,518112.735,5.52,111.52,56.4,65.94,90.32,99.86,106.22,86.17,92.34
20220908,107.03,111.48,105.64,107.99,108.08,-0.09,-0.0833,54390.68,588335.879,5.52,111.52,56.4,65.94,90.32,98.8,106.22,85.61,97.78
20220907,100.0,109.99,99.16,108.08,100.78,7.3,7.2435,76714.66,821286.058,5.52,111.52,56.4,65.94,90.32,97.74,101.98,84.89,99.41
20220906,98.47,102.4,97.03,100.78,98.93,1.85,1.87,53595.65,534509.726,5.52,111.52,56.4,64.88,90.32,95.62,99.86,83.94,96.04
20220905,94.81,103.19,93.77,98.93,95.5,3.43,3.5916,82491.84,815734.507,5.52,111.52,56.4,64.88,89.26,94.56,99.86,83.44,94.84
20220902,88.72,96.48,87.0,95.5,88.79,6.71,7.5572,83803.71,782366.355,5.52,111.52,56.4,63.82,89.26,93.5,97.74,82.65,90.4
20220901,94.0,95.76,88.13,88.79,94.39,-5.6,-5.9328,64891.04,594121.984,5.52,111.52,55.34,61.7,88.2,93.5,98.8,82.2,50.95
20220831,92.09,96.89,88.1,94.39,92.75,1.64,1.7682,87612.82,812480.153,5.52,111.52,55.34,61.7,88.2,93.5,98.8,81.84,87.65
20220830,87.99,94.33,87.76,92.75,88.1,4.65,5.2781,72151.36,666276.51,5.52,111.52,55.34,60.64,87.14,93.5,98.8,81.27,84.11
20220829,86.0,90.49,84.0,88.1,87.47,0.63,0.7202,41714.18,370590.641,5.52,111.52,55.34,60.64,87.14,93.5,98.8,80.85,53.37
20220826,87.47,88.88,86.88,87.47,87.2,0.27,0.3096,37207.98,327317.901,5.52,111.52,55.34,60.64,86.08,93.5,98.8,80.69,53.55
20220825,88.0,89.88,85.01,87.2,87.6,-0.4,-0.4566,49904.37,436617.711,5.52,111.52,55.34,60.64,86.08,93.5,98.8,80.52,53.32
20220824,92.56,92.98,87.56,87.6,93.78,-6.18,-6.5899,72036.1,642368.566,5.52,111.52,55.34,60.64,85.02,93.5,98.8,80.34,52.93
20220823,92.67,94.38,90.33,93.78,92.36,1.42,1.5375,58665.7,540154.144,5.52,111.52,55.34,59.58,83.96,93.5,98.8,79.93,86.26
20220822,89.12,93.5,89.12,92.36,89.97,2.39,2.6564,58476.32,539326.018,5.52,111.52,55.34,59.58,82.9,93.5,98.8,79.53,74.46
20220819,92.99,93.99,89.46,89.97,93.42,-3.45,-3.693,64318.75,585389.532,5.52,111.52,55.34,59.58,81.84,93.5,98.8,79.13,61.7
20220818,91.5,95.48,88.5,93.42,92.34,1.08,1.1696,93895.86,867927.765,5.52,111.52,54.28,59.58,80.78,94.56,99.86,78.66,81.04
20220817,91.25,93.5,90.69,92.34,91.22,1.12,1.2278,73419.01,674353.356,5.52,111.52,54.28,59.58,79.72,94.56,99.86,77.91,76.38
20220816,92.4,93.95,89.76,91.22,93.21,-1.99,-2.135,90715.39,830249.004,5.52,111.52,54.28,58.52,78.66,94.56,99.86,77.29,72.32
20220815,92.72,93.77,90.81,93.21,91.17,2.04,2.2376,84092.19,776918.239,5.52,111.52,54.28,58.52,76.54,95.62,99.86,76.49,80.81
20220812,96.11,99.98,90.9,91.17,98.0,-6.83,-6.9694,121946.96,1155012.123,5.52,111.52,54.28,58.52,74.42,95.62,99.86,75.66,78.68
20220811,97.0,102.93,96.04,98.0,97.0,1.0,1.0309,97427.86,963264.055,5.52,111.52,53.22,58.52,73.36,91.38,99.86,74.17,91.0
20220810,94.34,108.0,93.86,97.0,98.48,-1.48,-1.5028,122929.86,1216156.138,5.52,111.52,53.22,57.46,72.3,87.14,98.8,72.63,93.71
20220809,84.66,100.8,83.36,98.48,86.05,12.43,14.4451,107776.24,969517.8,5.52,111.52,53.22,57.46,71.24,83.96,89.26,70.47,99.88
20220808,85.28,90.66,82.51,86.05,86.91,-0.86,-0.9895,128071.06,1095264.618,5.52,111.52,53.22,57.46,69.12,81.84,86.08,69.08,94.37
20220805,82.35,88.88,79.51,86.91,81.49,5.42,6.6511,128852.21,1077006.489,5.52,111.52,52.16,56.4,67.0,79.72,82.9,67.68,99.27
20220804,78.01,82.75,76.03,81.49,76.6,4.89,6.3838,108855.46,868731.167,5.52,111.52,52.16,56.4,65.94,77.6,80.78,66.36,96.45
20220803,79.21,85.88,76.5,76.6,78.5,-1.9,-2.4204,131452.47,1050133.584,5.52,111.52,52.16,56.4,64.88,75.48,80.78,65.47,87.65
20220802,74.53,82.01,74.42,78.5,76.05,2.45,3.2216,111961.56,887562.752,5.52,111.52,51.1,56.4,63.82,73.36,77.6,64.21,95.87
20220801,73.27,77.18,70.9,76.05,74.06,1.99,2.687,67451.6,504388.925,5.52,111.52,51.1,55.34,62.76,72.3,74.42,63.19,99.37
20220729,73.0,74.85,71.55,74.06,73.24,0.82,1.1196,55170.23,405292.965,5.52,111.52,51.1,55.34,61.7,72.3,73.36,62.76,95.28
20220728,73.6,75.11,72.1,73.24,72.89,0.35,0.4802,56462.72,414377.33,5.52,111.52,51.1,55.34,61.7,71.24,73.36,62.4,91.59
20220727,73.88,75.5,72.48,72.89,74.66,-1.77,-2.3707,54181.79,398775.516,5.52,111.52,51.1,55.34,60.64,70.18,73.36,62.02,93.79
20220726,72.75,76.5,70.5,74.66,71.81,2.85,3.9688,82544.33,603744.675,5.52,111.52,51.1,55.34,60.64,70.18,72.3,61.62,99.44
20220725,71.09,74.2,69.6,71.81,70.6,1.21,1.7139,69394.9,500879.713,5.52,111.52,50.04,55.34,60.64,68.06,71.24,61.04,97.27
20220722,69.5,72.5,69.5,70.6,70.95,-0.35,-0.4933,65485.07,464671.662,5.52,111.52,50.04,55.34,60.64,67.0,70.18,60.57,96.45
20220721,66.51,72.22,66.12,70.95,66.4,4.55,6.8524,114109.89,800768.986,5.52,111.52,50.04,55.34,59.58,67.0,69.12,60.18,98.45
20220720,66.0,67.67,65.96,66.4,65.92,0.48,0.7282,72711.74,484661.163,5.52,111.52,50.04,54.28,59.58,65.94,67.0,59.49,90.22
20220719,65.7,66.7,64.78,65.92,65.9,0.02,0.0303,80258.93,527540.61,5.52,111.52,50.04,54.28,59.58,64.88,67.0,59.19,86.8
20220718,68.33,68.77,64.6,65.9,67.9,-2.0,-2.9455,120972.13,797407.885,5.52,111.52,50.04,54.28,59.58,64.88,67.0,58.89,88.02
20220715,61.46,70.75,61.46,67.9,58.96,8.94,15.1628,187363.26,1270120.749,5.52,111.52,50.04,54.28,58.52,62.76,67.0,58.35,96.21
20220714,57.5,60.29,57.01,58.96,57.71,1.25,2.166,36003.77,211401.15,5.52,111.52,48.98,53.22,58.52,60.64,62.76,57.36,59.54
20220713,58.54,58.82,56.82,57.71,58.18,-0.47,-0.8078,28791.98,165801.059,5.52,111.52,48.98,53.22,58.52,60.64,62.76,57.35,48.28
20220712,60.24,61.44,58.12,58.18,59.48,-1.3,-2.1856,30080.94,178122.59,5.52,111.52,48.98,53.22,58.52,61.7,62.76,57.34,48.04
20220711,60.46,61.1,58.67,59.58,60.91,-1.33,-2.1835,34913.07,207626.204,5.52,111.52,48.98,53.22,58.52,61.7,62.76,57.3,58.85
20220708,62.65,62.89,60.64,60.91,62.55,-1.64,-2.6219,37216.06,229426.923,5.52,111.52,48.98,53.22,58.52,61.7,62.76,57.26,84.45
20220707,60.5,63.67,60.0,62.55,59.98,2.57,4.2848,101585.55,632664.6,5.52,111.52,48.98,53.22,57.46,60.64,62.76,57.17,92.72
20220706,56.62,61.06,56.36,59.98,56.62,3.36,5.9343,79441.28,472655.116,5.52,111.52,48.98,53.22,57.46,60.64,62.76,56.87,78.46
20220705,57.19,57.5,55.5,56.62,56.95,-0.33,-0.5795,45153.91,253923.148,5.52,111.52,47.92,53.22,57.46,60.64,62.76,56.8,46.85
20220704,59.72,59.72,56.09,56.95,59.54,-2.59,-4.35,78669.95,447432.503,5.52,111.52,47.92,52.16,57.46,60.64,62.76,56.81,45.55
20220701,61.0,61.5,59.3,59.54,61.0,-1.46,-2.3934,31990.77,191897.007,5.52,111.52,47.92,52.16,57.46,60.64,62.76,56.8,62.47
20220630,60.24,61.99,59.41,61.0,60.4,0.6,0.9934,40601.35,246714.132,5.52,111.52,47.92,52.16,57.46,60.64,62.76,56.73,87.46
20220629,62.1,62.83,60.3,60.4,62.47,-2.07,-3.3136,49028.26,300546.549,5.52,111.52,47.92,52.16,57.46,60.64,62.76,56.65,77.91
20220628,60.99,63.5,59.94,62.47,61.4,1.07,1.7427,50782.26,312863.681,5.52,111.52,47.92,52.16,57.46,60.64,62.76,56.5,93.1
20220627,60.71,61.55,60.1,61.4,60.97,0.43,0.7053,47201.46,287694.938,5.52,111.52,46.86,52.16,56.4,60.64,62.76,56.37,89.98
20220624,59.25,61.96,59.0,60.97,59.1,1.87,3.1641,59483.13,361275.097,5.52,111.52,46.86,52.16,56.4,60.64,62.76,56.23,90.05
20220623,58.36,59.74,58.02,59.1,58.39,0.71,1.216,33507.88,197510.349,5.52,111.52,46.86,51.1,56.4,59.58,62.76,56.1,73.5
20220622,60.5,60.76,58.22,58.39,60.07,-1.68,-2.7967,41328.71,243811.857,5.52,111.52,46.86,51.1,56.4,59.58,62.76,56.03,64.1
20220621,59.37,60.61,58.38,60.07,59.35,0.72,1.2131,57170.77,340679.106,5.52,111.52,46.86,51.1,56.4,59.58,62.76,55.95,85.66
20220620,59.75,60.36,59.2,59.35,59.97,-0.62,-1.0339,42691.96,255397.532,5.52,111.52,46.86,51.1,56.4,59.58,62.76,55.86,74.83
20220617,60.11,60.28,58.63,59.97,60.11,-0.14,-0.2329,82490.24,492745.392,5.52,111.52,46.86,51.1,56.4,59.58,62.76,55.75,85.27
20220616,55.73,61.55,55.73,60.11,55.69,4.42,7.9368,116801.99,695985.813,5.52,111.52,46.86,51.1,55.34,59.58,62.76,55.57,85.19
20220615,54.58,57.01,54.58,55.69,54.36,1.33,2.4467,34531.75,193880.586,5.52,111.52,46.86,51.1,55.34,59.58,63.82,55.34,55.15
20220614,56.0,56.0,52.91,54.36,56.44,-2.08,-3.6853,44373.56,240189.054,5.52,111.52,46.86,51.1,55.34,60.64,63.82,55.34,31.64
20220613,56.04,56.93,54.85,56.44,56.68,-0.24,-0.4234,29451.68,164402.576,5.52,111.52,45.8,50.04,55.34,60.64,63.82,55.38,53.82
20220610,54.8,57.06,54.66,56.68,55.15,1.53,2.7743,54339.2,303960.429,5.52,111.52,45.8,50.04,55.34,60.64,63.82,55.38,65.34
20220609,58.5,58.65,54.8,55.15,58.5,-3.35,-5.7265,50707.36,284426.308,5.52,111.52,45.8,50.04,55.34,60.64,63.82,55.37,42.06
20220608,59.45,59.65,57.18,58.5,59.48,-0.98,-1.6476,37548.27,218859.145,5.52,111.52,45.8,50.04,55.34,60.64,63.82,55.34,72.92
20220607,59.2,61.1,58.9,59.48,59.57,-0.09,-0.1511,56142.15,336519.227,5.52,111.52,45.8,50.04,55.34,60.64,63.82,55.28,77.92
20220606,57.88,59.89,57.27,59.57,57.27,2.3,4.0161,57797.59,341124.509,5.52,111.52,45.8,50.04,55.34,60.64,63.82,55.12,80.39
20220602,55.68,58.49,55.0,57.27,55.13,2.14,3.8817,66161.99,378563.39,5.52,111.52,45.8,50.04,55.34,60.64,63.82,54.99,70.13
20220601,55.0,56.6,54.2,55.13,55.45,-0.32,-0.5771,37722.79,208342.166,5.52,111.52,45.8,50.04,55.34,61.7,63.82,54.94,49.25
20220531,54.59,55.45,53.3,55.45,54.6,0.85,1.5568,31284.86,170908.413,5.52,111.52,45.8,50.04,55.34,61.7,63.82,54.94,59.88
20220530,53.54,54.71,52.6,54.6,53.41,1.19,2.228,25724.16,138953.784,5.52,111.52,45.8,50.04,55.34,61.7,63.82,54.96,48.85
20220527,54.34,55.41,52.85,53.41,53.95,-0.54,-1.0009,27170.54,146624.334,5.52,111.52,45.8,50.04,55.34,61.7,63.82,54.98,39.18
20220526,54.68,54.98,52.52,53.95,54.63,-0.68,-1.2447,35119.23,189089.344,5.52,111.52,45.8,50.04,55.34,61.7,63.82,55.0,38.79
20220525,54.9,56.2,53.95,54.63,54.8,-0.17,-0.3102,30011.06,164368.886,5.52,111.52,45.8,50.04,55.34,61.7,63.82,55.03,46.25
20220524,56.67,58.02,54.78,54.8,56.79,-1.99,-3.5041,37612.69,212360.842,5.52,111.52,45.8,50.04,55.34,61.7,63.82,55.04,45.94
20220523,57.01,57.87,56.5,56.79,56.94,-0.15,-0.2634,22964.97,130737.452,5.52,111.52,45.8,50.04,55.34,61.7,63.82,55.02,66.23
20220520,57.24,58.5,56.55,56.94,57.13,-0.19,-0.3326,39487.55,226313.223,5.52,111.52,45.8,50.04,55.34,61.7,63.82,55.0,66.57
20220519,54.82,57.5,54.3,57.13,55.8,1.33,2.3835,41702.02,236755.773,5.52,111.52,45.8,50.04,55.34,61.7,63.82,54.95,67.12
20220518,56.15,57.14,55.46,55.8,56.01,-0.21,-0.3749,31766.79,178664.654,5.52,111.52,45.8,48.98,55.34,61.7,63.82,54.93,58.79
20220517,54.0,56.3,53.69,56.01,54.0,2.01,3.7222,36551.7,203493.499,5.52,111.52,45.8,48.98,54.28,61.7,63.82,54.9,59.06
20220516,54.96,54.97,53.13,54.0,54.45,-0.45,-0.8264,25419.4,136992.28,5.52,111.52,45.8,48.98,54.28,61.7,63.82,54.92,43.9
20220513,55.25,55.85,54.11,54.45,55.35,-0.9,-1.626,28621.18,156678.918,5.52,111.52,45.8,48.98,55.34,61.7,63.82,54.93,49.97
20220512,54.58,56.1,54.38,55.35,54.69,0.66,1.2068,29532.87,163531.113,5.52,111.52,45.8,48.98,55.34,61.7,63.82,54.93,49.74
20220511,55.31,56.76,54.64,54.69,54.95,-0.26,-0.4732,52276.38,291691.994,5.52,111.52,45.8,48.98,55.34,61.7,63.82,54.95,49.86
20220510,50.03,55.23,50.03,54.95,51.38,3.57,6.9482,51957.92,280712.261,5.52,111.52,44.74,48.98,54.28,61.7,63.82,54.92,51.21
20220509,50.25,51.59,49.68,51.38,50.53,0.85,1.6822,18421.81,93883.223,5.52,111.52,44.74,48.98,55.34,62.76,63.82,54.99,34.44
20220506,50.1,51.68,49.53,50.53,51.29,-0.76,-1.4818,25000.8,126887.284,5.52,111.52,44.74,48.98,55.34,62.76,64.88,55.04,25.91
20220505,49.33,51.8,48.59,51.29,48.9,2.39,4.8875,40941.39,206490.955,5.52,111.52,44.74,48.98,55.34,62.76,64.88,55.1,32.78
20220429,47.7,49.72,46.69,48.9,47.12,1.78,3.7776,37252.87,180420.433,5.52,111.52,44.74,47.92,55.34,62.76,64.88,55.26,15.09
20220428,47.0,48.53,46.16,47.12,47.25,-0.13,-0.2751,39822.69,188681.62,5.52,111.52,44.74,48.98,55.34,62.76,64.88,55.42,12.21
20220427,42.84,47.58,42.82,47.25,43.88,3.37,7.68,57372.03,262412.01,5.52,111.52,44.74,50.04,55.34,62.76,64.88,55.6,10.95
20220426,47.0,47.0,43.75,43.88,44.32,-0.44,-0.9928,50840.87,230753.388,5.52,111.52,45.8,50.04,56.4,62.76,64.88,56.01,1.41
20220425,48.84,49.05,43.6,44.32,49.58,-5.26,-10.6091,65011.28,298690.861,5.52,111.52,47.92,51.1,56.4,62.76,64.88,56.33,1.24
20220422,51.5,52.79,49.28,49.58,52.0,-2.42,-4.6538,36318.85,184176.264,5.52,111.52,50.04,51.1,56.4,62.76,64.88,56.76,4.1
20220421,53.2,55.33,51.63,52.0,53.79,-1.79,-3.3278,38404.24,205162.845,5.52,111.52,50.04,51.1,56.4,62.76,64.88,56.88,18.3
20220420,54.05,54.66,53.21,53.79,53.78,0.01,0.0186,22176.47,119204.118,5.52,111.52,50.04,51.1,57.46,62.76,64.88,57.0,30.42
20220419,54.2,55.63,53.44,53.78,54.5,-0.72,-1.3211,38326.36,208686.656,5.52,111.52,50.04,51.1,57.46,62.76,64.88,57.04,29.96
20220418,51.45,55.05,51.1,54.5,52.0,2.5,4.8077,58046.48,313219.243,5.52,111.52,50.04,51.1,57.46,62.76,64.88,57.08,33.9
20220415,50.6,52.43,50.0,52.0,51.63,0.37,0.7166,48184.08,247280.042,5.52,111.52,50.04,51.1,57.46,62.76,64.88,57.24,19.47
20220414,50.1,52.57,48.43,51.63,50.0,1.63,3.26,68943.03,348972.114,5.52,111.52,50.04,51.1,57.46,62.76,64.88,57.43,17.9
20220413,51.0,51.18,49.7,50.0,51.49,-1.49,-2.8938,38568.97,194498.986,5.52,111.52,50.04,52.16,57.46,62.76,64.88,57.72,3.58
20220412,50.17,51.8,49.0,51.49,49.71,1.78,3.5808,43450.68,219510.893,5.52,111.52,50.04,52.16,57.46,62.76,64.88,57.93,12.93
20220411,51.8,51.91,49.6,49.71,52.49,-2.78,-5.2962,44087.94,223068.197,5.52,111.52,50.04,52.16,58.52,62.76,64.88,58.13,2.68
20220408,51.62,52.88,50.4,52.49,51.9,0.59,1.1368,47501.35,246140.259,5.52,111.52,51.1,53.22,58.52,63.82,64.88,58.34,13.96
20220407,52.84,53.1,51.49,51.9,52.96,-1.06,-2.0015,53933.74,280630.634,5.52,111.52,51.1,54.28,58.52,63.82,64.88,58.55,6.69
20220406,56.6,56.89,52.02,52.96,57.15,-4.19,-7.3316,84299.86,447442.364,5.52,111.52,51.1,54.28,58.52,63.82,64.88,58.78,8.74
20220401,55.41,58.41,55.35,57.15,55.96,1.19,2.1265,69271.14,396944.586,5.52,111.52,51.1,55.34,59.58,63.82,64.88,59.06,29.97
20220331,56.02,57.47,55.2,55.96,56.67,-0.71,-1.2529,51227.96,287914.407,5.52,111.52,51.1,55.34,59.58,63.82,64.88,59.18,18.56
20220330,55.69,57.68,55.6,56.67,55.7,0.97,1.7415,65945.81,373438.195,5.52,111.52,51.1,55.34,59.58,63.82,64.88,59.3,25.95
20220329,56.49,57.88,53.88,55.7,56.29,-0.59,-1.0481,72617.92,404173.449,5.52,111.52,51.1,55.34,60.64,63.82,64.88,59.39,17.48
20220328,55.2,56.66,54.65,56.29,56.2,0.09,0.1601,49884.87,278850.288,5.52,111.52,51.1,55.34,60.64,63.82,64.88,59.59,15.57
20220325,57.85,58.55,55.98,56.2,56.88,-0.68,-1.1955,51946.39,296858.021,5.52,111.52,51.1,56.4,60.64,63.82,64.88,59.71,14.09
20220324,58.2,58.9,56.65,56.88,58.98,-2.1,-3.5605,70950.89,408341.514,5.52,111.52,51.1,56.4,60.64,63.82,64.88,59.81,17.85
20220323,57.5,59.0,57.2,58.98,57.84,1.14,1.971,80625.05,470060.683,5.52,111.52,51.1,56.4,61.7,63.82,64.88,59.9,33.16
20220322,62.3,62.88,55.92,57.84,63.5,-5.66,-8.9134,176464.14,1043672.796,5.52,111.52,50.04,55.34,61.7,63.82,64.88,60.0,23.46
20220321,62.57,63.75,60.91,63.5,63.5,0.0,0.0,119811.78,747137.174,5.52,111.52,50.04,54.28,61.7,63.82,65.94,60.11,74.43
20220318,62.3,66.18,61.95,63.5,63.3,0.2,0.316,105841.73,677419.646,5.52,111.52,50.04,54.28,61.7,63.82,65.94,59.96,72.77
20220317,64.4,67.18,62.8,63.3,64.2,-0.9,-1.4019,181302.68,1174342.573,5.52,111.52,50.04,53.22,61.7,63.82,64.88,59.69,76.22
20220316,63.5,65.68,59.56,64.2,62.25,1.95,3.1325,177057.72,1111147.111,5.52,111.52,48.98,53.22,60.64,63.82,64.88,59.1,92.65
20220315,59.99,66.0,59.7,62.25,60.17,2.08,3.4569,157820.92,999116.55,5.52,111.52,48.98,52.16,60.64,63.82,64.88,58.73,70.89
20220314,60.72,62.85,59.2,60.17,62.31,-2.14,-3.4344,89363.05,546060.53,5.52,111.52,48.98,52.16,59.58,62.76,64.88,58.27,52.72
20220311,60.51,63.5,60.1,62.31,61.98,0.33,0.5324,115060.35,717439.51,5.52,111.52,47.92,52.16,59.58,62.76,64.88,58.14,73.68
20220310,65.7,66.19,61.6,61.98,63.79,-1.81,-2.8374,161280.31,1017171.958,5.52,111.52,47.92,52.16,58.52,63.82,64.88,57.86,73.85
20220309,62.75,65.07,60.86,63.79,62.0,1.79,2.8871,191141.64,1206158.016,5.52,111.52,46.86,51.1,58.52,62.76,64.88,57.22,88.63
20220308,57.2,67.55,56.63,62.0,56.63,5.37,9.4826,207743.55,1280191.835,5.52,111.52,45.8,51.1,57.46,61.7,63.82,56.38,88.39
20220307,57.55,58.48,55.75,56.63,58.26,-1.63,-2.7978,63540.27,360393.074,5.52,111.52,45.8,50.04,56.4,60.64,62.76,55.57,53.74
20220304,55.23,59.11,55.01,58.26,56.36,1.9,3.3712,113528.31,656930.829,5.52,111.52,45.8,50.04,56.4,60.64,62.76,55.53,60.57
20220303,60.5,60.66,56.3,56.36,60.27,-3.91,-6.4875,132232.76,762718.127,5.52,111.52,45.8,50.04,55.34,60.64,62.76,55.4,51.3
20220302,59.5,60.53,58.58,60.27,60.28,-0.01,-0.0166,80421.5,478243.91,5.52,111.52,45.8,50.04,54.28,61.7,62.76,55.17,77.44
20220301,59.9,61.85,59.53,60.28,60.62,-0.34,-0.5609,94345.17,570956.352,5.52,111.52,45.8,50.04,54.28,61.7,63.82,54.97,76.45
20220228,59.6,60.71,57.8,60.62,59.6,1.02,1.7114,123085.22,732870.787,5.52,111.52,44.74,50.04,53.22,61.7,63.82,54.63,78.32
20220225,62.98,64.33,59.5,59.6,63.0,-3.4,-5.3968,158015.0,975416.852,5.52,111.52,44.74,48.98,53.22,61.7,63.82,54.26,72.87
20220224,65.01,66.42,59.5,63.0,62.08,0.92,1.482,252535.74,1579598.168,5.52,111.52,44.74,48.98,52.16,60.64,63.82,53.48,94.56
20220223,51.5,62.08,51.41,62.08,51.73,10.35,20.0077,156997.4,923522.115,5.52,111.52,44.74,47.92,52.16,54.28,58.52,51.73,99.38
20220222,50.88,52.27,49.63,51.73,51.19,0.54,1.0549,49673.48,253029.11,5.52,111.52,44.74,46.86,52.16,54.28,55.34,51.07,48.1
20220221,52.21,52.49,50.88,51.19,52.0,-0.81,-1.5577,30328.95,155714.348,5.52,111.52,44.74,46.86,52.16,54.28,55.34,51.08,33.03
20220218,51.84,53.86,51.68,52.0,52.9,-0.9,-1.7013,27947.94,146761.731,5.52,111.52,44.74,46.86,52.16,54.28,55.34,51.07,46.7
20220217,53.5,54.45,52.68,52.9,53.77,-0.87,-1.618,32887.67,175348.474,5.52,111.52,44.74,46.86,52.16,54.28,55.34,51.05,64.9
20220216,53.78,54.28,51.9,53.77,53.4,0.37,0.6929,44300.53,236453.206,5.52,111.52,44.74,46.86,52.16,54.28,55.34,50.99,81.97
20220215,52.78,54.6,52.57,53.4,52.71,0.69,1.309,44580.29,238732.363,5.52,111.52,44.74,46.86,52.16,54.28,55.34,50.94,81.71
20220214,50.0,53.79,49.6,52.71,50.96,1.75,3.4341,54063.6,283695.48,5.52,111.52,43.68,46.86,51.1,54.28,55.34,50.86,68.73
20220211,52.75,52.88,50.34,50.96,53.18,-2.22,-4.1745,49936.23,255183.937,5.52,111.52,43.68,46.86,51.1,54.28,55.34,50.82,37.71
20220210,53.57,54.2,52.12,53.18,53.57,-0.39,-0.728,41547.23,220496.624,5.52,111.52,43.68,45.8,51.1,54.28,55.34,50.82,67.49
20220209,50.42,53.66,49.59,53.57,50.43,3.14,6.2265,52116.98,272537.566,5.52,111.52,43.68,45.8,51.1,54.28,55.34,50.76,80.8
20220208,52.2,52.5,49.6,50.43,52.12,-1.69,-3.2425,42598.59,214212.939,5.52,111.52,43.68,45.8,51.1,54.28,55.34,50.73,39.86
20220207,52.5,53.58,51.86,52.12,51.59,0.53,1.0273,44285.23,233057.939,5.52,111.52,43.68,45.8,51.1,54.28,55.34,50.73,51.55
20220128,49.83,53.18,49.83,51.59,50.0,1.59,3.18,56626.61,293640.898,5.52,111.52,43.68,45.8,51.1,54.28,55.34,50.67,52.83
20220127,51.78,52.34,48.62,50.0,52.32,-2.32,-4.4343,61935.71,309417.511,5.52,111.52,43.68,45.8,51.1,54.28,55.34,50.65,31.9
20220126,52.59,53.18,50.72,52.32,52.32,0.0,0.0,42871.05,222451.529,5.52,111.52,43.68,45.8,51.1,54.28,55.34,50.67,64.05
20220125,53.93,54.9,52.32,52.32,53.72,-1.4,-2.6061,50348.13,268181.644,5.52,111.52,43.68,45.8,51.1,54.28,55.34,50.66,63.16
20220124,49.11,54.44,49.11,53.72,49.1,4.62,9.4094,85606.25,448672.525,5.52,111.52,43.68,45.8,51.1,54.28,55.34,50.56,77.05
20220121,49.9,50.38,48.76,49.1,49.7,-0.6,-1.2072,47023.12,232993.757,5.52,111.52,43.68,45.8,51.1,54.28,55.34,50.47,35.49
20220120,52.27,52.8,49.3,49.7,52.61,-2.91,-5.5313,74869.74,377603.803,5.52,111.52,43.68,45.8,51.1,54.28,55.34,50.49,34.63
20220119,53.0,53.97,51.92,52.61,53.61,-1.0,-1.8653,34736.04,182630.654,5.52,111.52,43.68,45.8,52.16,54.28,55.34,50.49,61.34
20220118,55.24,56.11,53.46,53.61,55.21,-1.6,-2.898,46437.06,253267.879,5.52,111.52,43.68,44.74,51.1,54.28,55.34,50.44,74.05
20220117,54.93,56.2,54.28,55.21,54.93,0.28,0.5097,52814.01,291012.911,5.52,111.52,43.68,44.74,51.1,54.28,55.34,50.31,89.75
20220114,52.92,56.5,51.59,54.93,52.6,2.33,4.4297,82560.25,446613.873,5.52,111.52,43.68,44.74,51.1,54.28,55.34,50.14,90.72
20220113,54.55,55.0,52.3,52.6,54.99,-2.39,-4.3462,61407.2,326587.614,5.52,111.52,43.68,44.74,51.1,54.28,55.34,49.96,67.92
20220112,53.31,55.3,53.31,54.99,53.25,1.74,3.2676,58919.84,321689.472,5.52,111.52,43.68,44.74,50.04,54.28,55.34,49.81,90.85
20220111,53.9,54.5,52.97,53.25,53.9,-0.65,-1.2059,48215.54,258808.726,5.52,111.52,43.68,44.74,50.04,54.28,55.34,49.65,72.27
20220110,55.0,55.7,52.15,53.9,54.86,-0.96,-1.7499,79639.31,426764.454,5.52,111.52,43.68,44.74,50.04,54.28,55.34,49.5,83.25
20220107,55.88,56.17,54.51,54.86,55.75,-0.89,-1.5964,68864.86,380311.339,5.52,111.52,43.68,44.74,50.04,54.28,55.34,49.28,91.25
20220106,52.8,57.2,52.8,55.75,53.21,2.54,4.7735,136172.23,763074.653,5.52,111.52,42.62,44.74,48.98,53.22,55.34,49.01,97.11
20220105,51.4,55.0,50.69,53.21,51.48,1.73,3.3605,141938.5,761358.412,5.52,111.52,42.62,44.74,48.98,52.16,53.22,48.42,88.56
20220104,51.99,53.17,50.59,51.48,52.58,-1.1,-2.0921,73301.68,378633.425,5.52,111.52,42.62,44.74,47.92,52.16,53.22,47.97,83.97
20211231,53.25,54.35,51.5,52.58,52.59,-0.01,-0.019,98565.14,519268.664,5.52,111.52,42.62,44.74,46.86,51.1,53.22,47.78,93.29
20211230,50.0,53.55,49.65,52.59,50.06,2.53,5.0539,125403.65,654244.305,5.52,111.52,42.62,43.68,46.86,51.1,52.16,47.45,95.46
20211229,48.6,51.23,48.41,50.06,48.6,1.46,3.0041,116505.65,584643.055,5.52,111.52,42.62,43.68,46.86,50.04,52.16,47.09,75.79
20211228,50.16,51.4,48.1,48.6,49.4,-0.8,-1.6194,91137.36,447916.114,5.52,111.52,42.62,43.68,45.8,50.04,52.16,46.85,71.29
20211227,49.84,52.79,48.87,49.4,49.91,-0.51,-1.0218,138956.43,701106.853,5.52,111.52,42.62,43.68,45.8,50.04,52.16,46.66,81.79
20211224,46.12,50.62,46.12,49.91,46.02,3.89,8.4528,177400.34,867456.117,5.52,111.52,42.62,43.68,45.8,48.98,52.16,46.29,87.72
20211223,47.02,47.29,45.78,46.02,46.68,-0.66,-1.4139,67719.68,313826.264,5.52,111.52,41.56,43.68,45.8,47.92,52.16,46.02,68.15
20211222,44.02,48.0,43.87,46.68,44.03,2.65,6.0186,150965.25,705941.998,5.52,111.52,41.56,43.68,45.8,47.92,52.16,46.01,68.45
20211221,44.0,45.01,43.81,44.03,44.7,-0.67,-1.4989,38143.37,168561.485,5.52,111.52,41.56,43.68,45.8,48.98,53.22,46.01,26.76
20211220,44.07,47.2,43.9,44.7,43.61,1.09,2.4994,84527.93,389491.743,5.52,111.52,41.56,43.68,45.8,48.98,53.22,46.05,26.32
20211217,45.3,45.3,43.6,43.61,45.15,-1.54,-3.4109,38488.99,169336.64,5.52,111.52,41.56,43.68,45.8,48.98,53.22,46.06,13.22
20211216,45.1,46.0,44.98,45.15,44.84,0.31,0.6913,30033.88,136469.433,5.52,111.52,41.56,43.68,45.8,50.04,53.22,46.1,46.71
20211215,45.69,45.92,44.51,44.84,45.75,-0.91,-1.9891,30771.13,138582.403,5.52,111.52,41.56,43.68,45.8,50.04,53.22,46.12,46.77
20211214,44.28,45.79,43.84,45.75,44.5,1.25,2.809,41621.73,187530.001,5.52,111.52,41.56,43.68,45.8,50.04,53.22,46.14,46.45
20211213,45.02,45.2,44.22,44.5,45.01,-0.51,-1.1331,29175.17,130019.184,5.52,111.52,41.56,43.68,45.8,50.04,53.22,46.17,28.1
20211210,45.68,46.16,44.82,45.01,45.95,-0.94,-2.0457,49487.34,224002.085,5.52,111.52,41.56,43.68,45.8,50.04,53.22,46.21,44.4
20211209,45.28,46.95,45.27,45.95,45.51,0.44,0.9668,47278.0,218015.755,5.52,111.52,41.56,42.62,45.8,50.04,53.22,46.23,62.51
20211208,43.58,46.53,43.58,45.51,43.56,1.95,4.4766,69480.84,316329.269,5.52,111.52,41.56,42.62,45.8,50.04,53.22,46.22,45.59
20211207,45.16,45.5,43.23,43.56,44.92,-1.36,-3.0276,38386.0,168375.445,5.52,111.52,41.56,42.62,45.8,50.04,53.22,46.29,16.03
20211206,46.8,47.0,44.7,44.92,46.75,-1.83,-3.9144,43408.4,197809.86,5.52,111.52,41.56,42.62,45.8,50.04,53.22,46.34,43.05
20211203,45.29,47.7,45.28,46.75,45.33,1.42,3.1326,54647.87,255114.473,5.52,111.52,41.56,42.62,45.8,51.1,53.22,46.36,59.36
20211202,46.64,46.78,45.22,45.33,46.64,-1.31,-2.8087,38275.98,175068.606,5.52,111.52,41.56,42.62,45.8,51.1,53.22,46.38,44.22
20211201,45.84,47.7,45.84,46.64,46.02,0.62,1.3472,47504.34,222982.243,5.52,111.52,41.56,42.62,45.8,51.1,53.22,46.39,58.39
20211130,46.57,47.15,45.68,46.02,46.32,-0.3,-0.6477,41522.49,192751.992,5.52,111.52,41.56,42.62,45.8,51.1,53.22,46.39,59.09
20211129,46.1,46.81,45.71,46.32,46.73,-0.41,-0.8774,48964.35,226001.122,5.52,111.52,41.56,42.62,45.8,51.1,53.22,46.39,59.01
20211126,47.05,47.34,46.28,46.73,47.47,-0.74,-1.5589,45714.7,213468.711,5.52,111.52,41.56,42.62,45.8,51.1,53.22,46.4,58.09
20211125,46.45,47.7,45.76,47.47,46.13,1.34,2.9048,71790.93,338345.663,5.52,111.52,41.56,42.62,45.8,51.1,53.22,46.4,65.87
20211124,45.6,47.08,45.38,46.13,45.9,0.23,0.5011,52823.68,244642.437,5.52,111.52,41.56,42.62,44.74,51.1,53.22,46.39,59.64
20211123,45.45,46.45,45.24,45.9,45.45,0.45,0.9901,55005.31,251922.533,5.52,111.52,40.5,42.62,44.74,51.1,53.22,46.39,59.56
20211122,43.1,45.79,42.98,45.45,44.58,0.87,1.9515,72573.91,324189.837,5.52,111.52,40.5,42.62,44.74,51.1,53.22,46.43,53.34
20211119,44.33,45.3,44.03,44.58,44.78,-0.2,-0.4466,42214.56,187684.209,5.52,111.52,40.5,42.62,44.74,52.16,54.28,46.53,38.89
20211118,44.6,46.5,44.33,44.78,44.33,0.45,1.0151,75085.4,341225.978,5.52,111.52,40.5,42.62,44.74,52.16,54.28,46.59,38.77
20211117,44.03,44.7,44.02,44.33,44.02,0.31,0.7042,23648.14,104817.698,5.52,111.52,40.5,42.62,45.8,52.16,54.28,46.67,40.35
20211116,45.0,45.2,43.93,44.02,44.92,-0.9,-2.0036,33919.7,151085.318,5.52,111.52,40.5,42.62,45.8,52.16,54.28,46.71,39.81
20211115,44.88,45.49,44.41,44.92,44.8,0.12,0.2679,35526.81,159802.048,5.52,111.52,40.5,42.62,45.8,52.16,54.28,46.76,47.68
20211112,44.53,45.3,44.21,44.8,44.73,0.07,0.1565,31900.61,142936.316,5.52,111.52,40.5,42.62,45.8,52.16,54.28,46.8,40.39
20211111,43.9,45.4,43.51,44.73,43.73,1.0,2.2868,56822.66,253174.897,5.52,111.52,40.5,42.62,46.86,52.16,54.28,46.84,40.31
20211110,42.7,43.96,42.61,43.73,42.89,0.84,1.9585,39956.13,173803.469,5.52,111.52,40.5,42.62,46.86,52.16,54.28,46.95,28.01
20211109,42.17,42.96,41.76,42.89,42.0,0.89,2.119,32464.74,138098.754,5.52,111.52,40.5,42.62,46.86,52.16,54.28,47.06,27.08
20211108,42.49,42.5,41.3,42.0,42.61,-0.61,-1.4316,24495.74,102283.402,5.52,111.52,40.5,42.62,47.92,52.16,54.28,47.16,13.78
20211105,43.0,43.63,42.52,42.61,42.5,0.11,0.2588,24111.63,103543.259,5.52,111.52,40.5,42.62,47.92,52.16,54.28,47.25,12.59
20211104,42.28,43.16,42.28,42.5,41.95,0.55,1.3111,27898.54,119090.227,5.52,111.52,40.5,42.62,47.92,52.16,54.28,47.31,12.58
20211103,42.5,42.88,41.38,41.95,42.2,-0.25,-0.5924,22552.66,94689.32,5.52,111.52,40.5,42.62,47.92,52.16,54.28,47.41,12.0
20211102,42.63,43.88,41.88,42.2,42.22,-0.02,-0.0474,36978.77,158008.257,5.52,111.52,40.5,42.62,47.92,52.16,54.28,47.49,11.25
20211101,40.07,42.66,40.03,42.22,40.07,2.15,5.3656,41241.54,172434.863,5.52,111.52,40.5,42.62,47.92,52.16,54.28,47.59,11.31
20211029,39.32,40.45,39.15,40.07,39.32,0.75,1.9074,31487.04,126137.32,5.52,111.52,40.5,42.62,47.92,52.16,54.28,47.76,4.38
20211028,42.2,42.27,39.15,39.32,43.38,-4.06,-9.3592,69505.59,278455.272,5.52,111.52,41.56,42.62,47.92,52.16,54.28,47.92,0.64
20211027,44.38,44.38,43.27,43.38,44.41,-1.03,-2.3193,20021.86,87336.071,5.52,111.52,42.62,43.68,47.92,52.16,54.28,48.3,12.15
20211026,44.01,44.6,43.72,44.41,44.16,0.25,0.5661,24928.24,110217.924,5.52,111.52,42.62,43.68,47.92,52.16,54.28,48.35,23.15
20211025,43.27,44.43,42.9,44.16,43.43,0.73,1.6809,23499.33,102695.514,5.52,111.52,42.62,43.68,48.98,52.16,54.28,48.43,22.08
20211022,42.59,43.99,42.44,43.43,42.46,0.97,2.2845,30298.49,132052.326,5.52,111.52,42.62,43.68,48.98,52.16,54.28,48.52,11.21
20211021,43.18,43.33,42.4,42.46,43.19,-0.73,-1.6902,16830.56,71959.904,5.52,111.52,42.62,43.68,48.98,53.22,54.28,48.63,2.89
20211020,43.3,43.5,43.01,43.19,43.32,-0.13,-0.3001,13205.7,57114.809,5.52,111.52,42.62,43.68,48.98,53.22,54.28,48.7,9.3
20211019,43.0,43.68,43.0,43.32,43.24,0.08,0.185,14423.98,62571.826,5.52,111.52,42.62,43.68,48.98,53.22,54.28,48.75,8.72
20211018,44.09,44.09,42.92,43.24,44.3,-1.06,-2.3928,21542.25,93273.288,5.52,111.52,42.62,43.68,48.98,53.22,54.28,48.81,8.08
20211015,43.52,44.62,43.2,44.3,43.64,0.66,1.5124,25706.61,113655.722,5.52,111.52,42.62,43.68,48.98,53.22,54.28,48.89,15.93
20211014,43.8,44.23,43.4,43.64,43.88,-0.24,-0.5469,17639.52,76994.899,5.52,111.52,42.62,44.74,48.98,53.22,54.28,48.97,7.48
20211013,43.0,43.98,42.9,43.88,42.99,0.89,2.0702,16203.16,70596.405,5.52,111.52,42.62,44.74,48.98,53.22,54.28,49.03,13.76
20211012,43.51,43.71,42.8,42.99,43.62,-0.63,-1.4443,17539.37,75731.528,5.52,111.52,42.62,44.74,48.98,53.22,54.28,49.09,6.64
20211011,43.21,43.98,43.07,43.62,43.02,0.6,1.3947,20561.24,89599.81,5.52,111.52,42.62,44.74,48.98,53.22,54.28,49.17,5.83
20211008,42.97,43.9,42.8,43.02,42.35,0.67,1.5821,23199.47,100517.889,5.52,111.52,42.62,44.74,48.98,53.22,54.28,49.24,5.3
20210930,42.0,42.59,41.9,42.35,41.66,0.69,1.6563,18083.4,76638.13,5.52,111.52,43.68,45.8,48.98,53.22,54.28,49.34,3.02
20210929,43.1,43.6,41.6,41.66,43.5,-1.84,-4.2299,32251.92,136816.818,5.52,111.52,43.68,45.8,48.98,53.22,54.28,49.43,2.15
20210928,44.0,44.51,43.21,43.5,43.82,-0.32,-0.7303,17992.02,78863.317,5.52,111.52,43.68,45.8,50.04,53.22,54.28,49.58,1.55
20210927,43.95,44.97,43.66,43.82,43.95,-0.13,-0.2958,18488.31,81998.011,5.52,111.52,43.68,45.8,50.04,53.22,54.28,49.66,5.39
20210924,44.8,45.18,43.91,43.95,44.95,-1.0,-2.2247,22912.88,101771.538,5.52,111.52,44.74,46.86,50.04,53.22,54.28,49.72,4.67
20210923,44.8,45.7,44.73,44.95,44.7,0.25,0.5593,22847.47,103251.842,5.52,111.52,44.74,46.86,50.04,53.22,54.28,49.81,8.27
20210922,44.0,45.16,43.79,44.7,44.73,-0.03,-0.0671,21926.55,97887.648,5.52,111.52,44.74,46.86,50.04,53.22,54.28,49.89,3.92
20210917,45.3,45.5,42.9,44.73,45.02,-0.29,-0.6442,47710.47,210529.793,5.52,111.52,44.74,46.86,50.04,53.22,54.28,49.95,3.33
20210916,46.36,46.85,45.0,45.02,46.36,-1.34,-2.8904,32164.82,147318.123,5.52,111.52,45.8,46.86,50.04,53.22,54.28,50.16,2.87
20210915,46.2,46.95,45.7,46.36,46.26,0.1,0.2162,25364.34,117677.885,5.52,111.52,45.8,47.92,50.04,53.22,54.28,50.24,5.98
20210914,46.29,47.16,46.22,46.26,46.19,0.07,0.1515,34832.56,162527.609,5.52,111.52,45.8,47.92,50.04,53.22,54.28,50.32,5.01
20210913,47.79,48.2,46.08,46.19,48.5,-2.31,-4.7629,59480.24,278301.139,5.52,111.52,46.86,47.92,50.04,53.22,54.28,50.4,4.1
20210910,47.8,48.98,47.16,48.5,47.5,1.0,2.1053,45593.85,219471.22,5.52,111.52,46.86,47.92,50.04,53.22,54.28,50.55,25.62
20210909,49.17,49.17,47.43,47.5,49.28,-1.78,-3.612,48225.08,230921.734,5.52,111.52,46.86,47.92,51.1,53.22,55.34,50.63,8.36
20210908,48.84,49.79,48.39,49.28,48.84,0.44,0.9009,38173.1,187477.89,5.52,111.52,46.86,47.92,51.1,53.22,55.34,50.71,34.03
20210907,48.38,48.96,48.12,48.84,48.55,0.29,0.5973,32950.32,160165.236,5.52,111.52,46.86,47.92,51.1,53.22,55.34,50.76,22.28
20210906,47.87,48.95,47.03,48.55,47.9,0.65,1.357,42557.36,205470.475,5.52,111.52,46.86,47.92,51.1,53.22,55.34,50.81,21.11
20210903,47.4,48.58,46.77,47.9,47.82,0.08,0.1673,59395.88,283536.749,5.52,111.52,46.86,47.92,51.1,53.22,55.34,50.9,7.85
20210902,48.55,48.78,47.72,47.82,48.95,-1.13,-2.3085,47128.48,226410.917,5.52,111.52,46.86,47.92,51.1,53.22,55.34,51.04,5.63
20210901,50.98,50.98,47.85,48.95,50.71,-1.76,-3.4707,71224.88,347887.652,5.52,111.52,46.86,48.98,51.1,53.22,55.34,51.14,13.81
20210831,53.5,53.52,49.89,50.71,53.0,-2.29,-4.3208,93964.91,480837.965,5.52,111.52,46.86,48.98,51.1,53.22,55.34,51.26,36.25
20210830,52.88,55.25,52.1,53.0,53.24,-0.24,-0.4508,92429.86,497707.363,5.52,111.52,46.86,48.98,51.1,53.22,55.34,51.27,71.33
20210827,49.77,53.75,49.3,53.24,49.76,3.48,6.9936,137388.97,717046.614,5.52,111.52,46.86,48.98,51.1,53.22,55.34,51.13,74.14
20210826,50.85,51.49,49.74,49.76,50.86,-1.1,-2.1628,43095.59,217782.511,5.52,111.52,46.86,47.92,51.1,53.22,55.34,51.1,25.75
20210825,50.9,52.3,50.0,50.86,50.99,-0.13,-0.255,43161.13,220431.138,5.52,111.52,46.86,47.92,51.1,54.28,55.34,51.12,39.28
20210824,51.0,51.85,50.31,50.99,50.92,0.07,0.1375,54263.49,277337.202,5.52,111.52,46.86,47.92,51.1,54.28,55.34,51.13,39.0
20210823,48.61,51.23,48.61,50.92,48.5,2.42,4.9897,72870.44,367962.897,5.52,111.52,46.86,47.92,51.1,54.28,55.34,51.15,38.81
20210820,48.85,48.92,47.07,48.5,48.69,-0.19,-0.3902,54544.37,263201.637,5.52,111.52,46.86,47.92,52.16,54.28,55.34,51.21,17.41
20210819,48.7,49.48,48.5,48.69,49.1,-0.41,-0.835,58294.96,285727.044,5.52,111.52,45.8,48.98,52.16,54.28,55.34,51.35,14.5
20210818,48.72,49.4,48.41,49.1,48.74,0.36,0.7386,44825.6,219412.647,5.52,111.52,45.8,48.98,52.16,54.28,55.34,51.47,22.0
20210817,51.55,51.85,48.58,48.74,52.06,-3.32,-6.3773,72568.4,361722.799,5.52,111.52,45.8,48.98,52.16,54.28,55.34,51.56,12.16
20210816,50.5,52.98,49.5,52.06,50.88,1.18,2.3192,74063.14,381599.245,5.52,111.52,45.8,48.98,52.16,54.28,55.34,51.67,40.33
20210813,54.0,54.0,50.71,50.88,53.95,-3.07,-5.6905,112347.07,582815.359,5.52,111.52,45.8,48.98,52.16,54.28,55.34,51.7,26.08
20210812,52.0,54.45,51.6,53.95,52.77,1.18,2.2361,107816.79,579209.61,5.52,111.52,45.8,48.98,52.16,54.28,55.34,51.69,76.99
20210811,52.68,53.28,51.79,52.77,52.88,-0.11,-0.208,74947.82,394936.034,5.52,111.52,45.8,47.92,52.16,54.28,56.4,51.56,61.83
20210810,53.98,54.45,51.38,52.88,52.25,0.63,1.2057,89400.26,472467.217,5.52,111.52,44.74,47.92,52.16,54.28,56.4,51.52,60.36
20210809,52.13,52.76,50.81,52.25,52.76,-0.51,-0.9666,66733.21,345266.301,5.52,111.52,44.74,47.92,52.16,54.28,56.4,51.42,44.78
20210806,52.78,53.95,51.6,52.76,52.1,0.66,1.2668,73791.48,387956.723,5.52,111.52,44.74,47.92,52.16,54.28,56.4,51.42,59.49
20210805,53.99,54.2,51.8,52.1,53.75,-1.65,-3.0698,78176.22,412224.205,5.52,111.52,44.74,47.92,52.16,54.28,56.4,51.35,45.94
20210804,51.97,54.65,51.8,53.75,51.63,2.12,4.1061,100349.23,537650.924,5.52,111.52,44.74,47.92,52.16,55.34,56.4,51.28,72.15
20210803,55.0,55.22,51.11,51.63,56.26,-4.63,-8.2296,150250.5,796060.131,5.52,111.52,43.68,47.92,51.1,55.34,56.4,51.13,51.86
20210802,56.6,58.5,54.5,56.26,55.04,1.22,2.2166,155108.23,875513.475,5.52,111.52,43.68,46.86,51.1,55.34,56.4,50.94,91.9
20210730,53.72,56.5,53.6,55.04,53.83,1.21,2.2478,155537.08,860030.38,5.52,111.52,43.68,46.86,50.04,54.28,55.34,50.28,91.62
20210729,51.75,54.92,51.6,53.83,50.53,3.3,6.5308,169307.42,904997.872,5.52,111.52,42.62,46.86,50.04,53.22,54.28,49.72,89.15
20210728,51.94,53.0,48.06,50.53,52.86,-2.33,-4.4079,142342.54,725561.9,5.52,111.52,42.62,45.8,48.98,52.16,54.28,49.2,70.08
20210727,51.09,57.1,51.07,52.86,50.52,2.34,4.6318,256393.36,1386778.517,5.52,111.52,42.62,45.8,48.98,52.16,55.34,49.06,85.36
20210726,49.78,51.16,48.5,50.52,49.56,0.96,1.937,91950.41,461186.035,5.52,111.52,41.56,44.74,48.98,50.04,51.1,48.02,87.85
20210723,49.9,50.66,48.86,49.56,49.42,0.14,0.2833,94301.12,470085.062,5.52,111.52,41.56,44.74,47.92,50.04,51.1,47.89,71.03
20210722,47.14,49.99,46.88,49.42,47.41,2.01,4.2396,95155.97,465418.657,5.52,111.52,41.56,44.74,47.92,50.04,51.1,47.77,71.71
20210721,46.21,48.0,46.1,47.41,46.37,1.04,2.2428,57331.1,271070.291,5.52,111.52,41.56,44.74,47.92,50.04,51.1,47.75,39.38
20210720,45.5,46.66,45.3,46.37,45.84,0.53,1.1562,34501.08,159157.811,5.52,111.52,41.56,44.74,47.92,50.04,51.1,47.78,27.82
20210719,45.6,46.27,45.2,45.84,45.6,0.24,0.5263,34480.86,157797.516,5.52,111.52,41.56,44.74,47.92,50.04,51.1,47.83,19.51
20210716,47.78,48.16,45.3,45.6,47.82,-2.22,-4.6424,73206.56,342078.588,5.52,111.52,41.56,43.68,47.92,51.1,51.1,47.89,18.87
20210715,47.5,48.44,46.91,47.82,47.56,0.26,0.5467,47532.24,226023.818,5.52,111.52,40.5,43.68,48.98,51.1,51.1,47.97,31.21
20210714,48.5,49.4,47.51,47.56,48.94,-1.38,-2.8198,58922.03,283854.381,5.52,111.52,40.5,43.68,48.98,51.1,51.1,47.99,30.08
20210713,50.82,50.99,48.5,48.94,50.79,-1.85,-3.6424,79111.83,390536.504,5.52,111.52,40.5,43.68,48.98,51.1,52.16,47.97,45.41
20210712,51.54,51.81,50.52,50.79,51.48,-0.69,-1.3403,75366.9,384696.745,5.52,111.52,40.5,43.68,48.98,51.1,52.16,47.88,82.11
20210709,50.18,51.78,49.7,51.48,50.98,0.5,0.9808,88369.75,448864.195,5.52,111.52,40.5,43.68,47.92,51.1,52.16,47.71,94.71
20210708,49.49,51.2,49.06,50.98,49.44,1.54,3.1149,120651.94,610802.019,5.52,111.52,40.5,43.68,47.92,50.04,52.16,47.51,85.99
20210707,48.0,49.79,47.31,49.44,48.6,0.84,1.7284,70784.75,345937.539,5.52,111.52,40.5,42.62,47.92,50.04,52.16,47.23,76.24
20210706,49.29,50.64,47.48,48.6,49.3,-0.7,-1.4199,101559.49,500650.485,5.52,111.52,40.5,42.62,47.92,50.04,52.16,47.16,59.21
20210705,48.25,49.6,47.16,49.3,47.75,1.55,3.2461,77709.74,377968.632,5.52,111.52,40.5,42.62,47.92,50.04,52.16,47.0,75.48
20210702,47.69,48.75,47.08,47.75,47.94,-0.19,-0.3963,55515.91,266856.316,5.52,111.52,40.5,42.62,47.92,50.04,52.16,46.91,48.25
20210701,49.75,49.75,47.68,47.94,49.87,-1.93,-3.8701,74110.07,360973.193,5.52,111.52,40.5,42.62,47.92,50.04,52.16,46.87,49.82
20210630,47.64,50.91,47.64,49.87,47.37,2.5,5.2776,115090.46,568259.505,5.52,111.52,40.5,42.62,46.86,51.1,52.16,46.77,71.93
20210629,48.69,49.07,46.6,47.37,48.62,-1.25,-2.571,82517.4,391914.103,5.52,111.52,40.5,41.56,46.86,51.1,52.16,46.58,56.79
20210628,49.28,50.29,48.18,48.62,49.88,-1.26,-2.5261,109235.01,538662.198,5.52,111.52,40.5,41.56,45.8,51.1,52.16,46.49,62.42
20210625,49.53,51.78,49.1,49.88,49.51,0.37,0.7473,95049.77,477775.552,5.52,111.52,40.5,41.56,45.8,51.1,52.16,46.25,71.03
20210624,51.01,52.4,49.4,49.51,50.83,-1.32,-2.5969,123034.39,623914.923,5.52,111.52,40.5,41.56,44.74,51.1,52.16,45.91,75.74
20210623,49.5,54.0,49.5,50.83,47.81,3.02,6.3167,163258.53,845482.318,5.52,111.52,40.5,41.56,44.74,50.04,52.16,45.44,86.8
20210622,48.2,48.74,46.8,47.81,48.04,-0.23,-0.4788,69600.47,330640.158,5.52,111.52,39.44,40.5,43.68,47.92,50.04,44.62,83.88
20210621,46.88,49.5,46.41,48.04,47.16,0.88,1.866,107320.44,516381.735,5.52,111.52,39.44,40.5,43.68,46.86,50.04,44.47,90.08
20210618,47.1,47.26,46.12,47.16,47.42,-0.26,-0.5483,82606.23,386523.74,5.52,111.52,39.44,40.5,43.68,46.86,51.1,44.17,89.99
20210617,44.7,48.0,44.12,47.42,44.57,2.85,6.3944,144674.57,675159.114,5.52,111.52,39.44,40.5,43.68,45.8,51.1,44.02,89.79
20210616,43.02,46.49,43.02,44.57,42.85,1.72,4.014,108820.31,491414.848,5.52,111.52,39.44,40.5,43.68,45.8,51.1,43.82,69.18
20210615,42.71,43.73,42.56,42.85,42.71,0.14,0.3278,38345.51,165326.393,5.52,111.52,39.44,40.5,42.62,45.8,51.1,43.75,53.53
20210611,44.8,45.0,42.46,42.71,44.76,-2.05,-4.58,61236.63,265115.585,5.52,111.52,39.44,40.5,42.62,45.8,51.1,43.78,52.55
20210610,43.84,44.81,43.51,44.76,43.83,0.93,2.1218,43580.52,192492.748,5.52,111.52,39.44,40.5,42.62,45.8,52.16,43.79,71.55
20210609,44.12,45.15,43.48,43.83,44.38,-0.55,-1.2393,41802.06,184282.404,5.52,111.52,39.44,40.5,42.62,45.8,52.16,43.79,71.05
20210608,44.15,45.26,44.12,44.38,44.17,0.21,0.4754,58371.53,260965.315,5.52,111.52,39.44,40.5,42.62,46.86,52.16,43.77,71.35
20210607,44.8,45.44,44.0,44.17,43.57,0.6,1.3771,62703.41,280297.328,5.52,111.52,39.44,40.5,42.62,46.86,52.16,43.74,72.62
20210604,42.53,43.79,42.53,43.57,42.82,0.75,1.7515,40807.38,177117.062,5.52,111.52,39.44,40.5,42.62,46.86,52.16,43.7,60.97
20210603,42.62,43.87,42.35,42.82,42.48,0.34,0.8004,41387.47,178033.124,5.52,111.52,39.44,40.5,42.62,47.92,52.16,43.72,60.94
20210602,43.86,43.9,42.45,42.48,43.93,-1.45,-3.3007,44219.4,190377.432,5.52,111.52,39.44,40.5,42.62,47.92,52.16,43.73,46.25
20210601,43.0,44.52,42.68,43.93,43.35,0.58,1.3379,54530.72,239650.596,5.52,111.52,39.44,40.5,42.62,47.92,52.16,43.75,72.0
20210531,42.86,43.72,42.7,43.35,42.7,0.65,1.5222,40053.72,173189.199,5.52,111.52,39.44,40.5,42.62,48.98,52.16,43.76,61.91
20210528,42.66,43.06,42.34,42.84,43.07,-0.23,-0.534,40706.94,173726.031,5.52,111.52,39.44,40.5,41.56,48.98,53.22,43.78,50.91
20210527,41.27,44.14,41.16,43.07,41.28,1.79,4.3362,78798.31,338704.365,5.52,111.52,39.44,40.5,41.56,48.98,53.22,43.82,60.55
20210526,41.33,41.58,41.1,41.28,41.39,-0.11,-0.2658,21786.78,90046.116,5.52,111.52,39.44,40.5,41.56,48.98,53.22,43.88,38.08
20210525,41.63,41.68,41.0,41.39,41.18,0.21,0.51,30943.25,127799.681,5.52,111.52,39.44,40.5,41.56,48.98,53.22,43.94,37.47
20210524,40.7,41.25,40.18,41.18,40.56,0.62,1.5286,21563.42,87981.278,5.52,111.52,39.44,40.5,41.56,48.98,53.22,44.01,36.61
20210521,41.5,41.75,40.55,40.56,41.27,-0.71,-1.7204,19566.93,80129.269,5.52,111.52,39.44,40.5,42.62,48.98,53.22,44.06,12.72
20210520,40.25,41.54,40.01,41.27,40.25,1.02,2.5342,29326.61,119799.353,5.52,111.52,39.44,40.5,42.62,50.04,53.22,44.11,35.05
20210519,40.0,40.64,39.91,40.25,40.13,0.12,0.299,17827.61,71917.045,5.52,111.52,39.44,40.5,42.62,50.04,53.22,44.18,12.73
20210518,40.86,40.99,39.87,40.13,40.83,-0.7,-1.7144,25102.19,100812.563,5.52,111.52,39.44,40.5,42.62,50.04,53.22,44.24,11.9
20210517,41.13,41.49,40.82,40.83,41.03,-0.2,-0.4874,22386.19,92010.837,5.52,111.52,39.44,40.5,42.62,50.04,54.28,44.31,31.89
20210514,41.21,41.36,40.56,41.03,40.88,0.15,0.3669,23608.25,96639.7,5.52,111.52,39.44,40.5,42.62,50.04,54.28,44.37,31.17
20210513,40.62,41.9,40.42,40.88,41.0,-0.12,-0.2927,29143.68,120410.146,5.52,111.52,39.44,40.5,42.62,50.04,54.28,44.44,30.17
20210512,40.38,41.25,40.33,41.0,40.63,0.37,0.9107,24403.05,99454.578,5.52,111.52,39.44,40.5,42.62,50.04,54.28,44.51,29.47
20210511,39.6,40.65,39.6,40.63,39.59,1.04,2.6269,26772.9,107642.227,5.52,111.52,39.44,40.5,42.62,50.04,54.28,44.57,11.48
20210510,39.9,40.14,39.5,39.59,40.06,-0.47,-1.1732,19103.06,76027.114,5.52,111.52,39.44,40.5,42.62,50.04,54.28,44.68,0.84
20210507,40.35,40.73,40.05,40.06,40.56,-0.5,-1.2327,20352.06,82284.326,5.52,111.52,39.44,40.5,43.68,50.04,55.34,44.75,8.84
20210506,40.49,40.78,40.1,40.56,40.49,0.07,0.1729,21243.01,85918.279,5.52,111.52,39.44,40.5,43.68,50.04,55.34,44.82,7.83
20210430,40.8,40.98,39.69,40.49,40.76,-0.27,-0.6624,26116.27,105100.386,5.52,111.52,39.44,40.5,43.68,50.04,55.34,44.89,7.26
20210429,40.5,41.4,40.49,40.76,40.54,0.22,0.5427,24296.03,99554.724,5.52,111.52,39.44,40.5,43.68,50.04,55.34,44.99,22.33
20210428,39.8,40.7,39.6,40.54,40.01,0.53,1.3247,20743.43,83490.82,5.52,111.52,39.44,40.5,43.68,50.04,55.34,45.06,6.43
20210427,41.0,41.01,39.8,40.01,41.11,-1.1,-2.6757,33986.55,136536.304,5.52,111.52,39.44,40.5,43.68,50.04,55.34,45.15,5.16
20210426,40.87,41.92,40.87,41.11,40.94,0.17,0.4152,35411.87,146691.1,5.52,111.52,40.5,40.5,43.68,50.04,55.34,45.27,18.02
20210423,41.36,41.36,40.6,40.94,41.36,-0.42,-1.0155,26355.57,107941.609,5.52,111.52,40.5,40.5,43.68,50.04,56.4,45.37,17.33
20210422,41.39,41.85,41.14,41.36,41.3,0.06,0.1453,36004.38,149205.262,5.52,111.52,40.5,40.5,43.68,50.04,56.4,45.47,15.94
20210421,41.01,41.66,41.0,41.3,41.3,0.0,0.0,25820.55,106705.432,5.52,111.52,40.5,40.5,43.68,50.04,56.4,45.58,15.18
20210420,42.45,42.66,41.26,41.3,42.69,-1.39,-3.256,42027.4,176078.984,5.52,111.52,40.5,41.56,43.68,51.1,56.4,45.67,14.02
20210419,41.61,43.61,41.35,42.69,41.97,0.72,1.7155,55914.53,237656.829,5.52,111.52,40.5,41.56,44.74,51.1,56.4,45.79,25.7
20210416,43.78,43.8,40.85,41.97,45.08,-3.11,-6.8988,85585.67,358995.272,5.52,111.52,40.5,41.56,44.74,51.1,57.46,45.95,24.13
20210415,43.82,45.1,43.34,45.08,44.05,1.03,2.3383,45054.35,199220.164,5.52,111.52,40.5,41.56,44.74,51.1,57.46,46.23,56.54
20210414,43.38,44.09,43.1,44.05,43.3,0.75,1.7321,27267.43,119046.399,5.52,111.52,39.44,40.5,44.74,51.1,57.46,46.29,42.98
20210413,43.75,44.18,43.01,43.3,43.49,-0.19,-0.4369,27020.68,117584.623,5.52,111.52,39.44,40.5,44.74,51.1,57.46,46.32,30.18
20210412,45.01,45.32,43.2,43.49,45.14,-1.65,-3.6553,42045.3,185956.728,5.52,111.52,39.44,40.5,44.74,51.1,58.52,46.37,29.96
20210409,44.6,45.55,44.4,45.14,44.84,0.3,0.669,36994.38,166332.767,5.52,111.52,39.44,40.5,44.74,51.1,58.52,46.43,53.06
20210408,44.97,45.74,44.62,44.84,45.14,-0.3,-0.6646,41020.71,184917.113,5.52,111.52,39.44,40.5,44.74,51.1,58.52,46.47,40.78
20210407,45.5,45.84,44.66,45.14,45.55,-0.41,-0.9001,40885.91,184517.876,5.52,111.52,39.44,40.5,44.74,51.1,58.52,46.5,51.35
20210406,46.45,46.45,45.16,45.55,45.83,-0.28,-0.611,62608.28,286067.92,5.52,111.52,39.44,40.5,44.74,51.1,58.52,46.53,50.46
20210402,42.44,47.43,42.44,45.83,41.75,4.08,9.7725,113157.41,502082.081,5.52,111.52,39.44,40.5,44.74,51.1,58.52,46.58,50.75
20210401,41.2,41.98,40.53,41.75,40.72,1.03,2.5295,31091.3,128973.618,5.52,111.52,39.44,40.5,45.8,52.16,59.58,46.73,19.02
20210331,41.0,41.1,40.33,40.72,40.83,-0.11,-0.2694,14782.33,60065.787,5.52,111.52,39.44,40.5,45.8,52.16,59.58,46.85,6.2
20210330,41.11,41.63,40.56,40.83,41.18,-0.35,-0.8499,20646.99,84539.615,5.52,111.52,39.44,40.5,45.8,52.16,59.58,46.9,17.56
20210329,41.52,42.27,41.17,41.18,41.52,-0.34,-0.8189,23601.08,98440.195,5.52,111.52,39.44,40.5,45.8,52.16,59.58,46.97,16.71
20210326,41.16,41.73,40.9,41.52,41.15,0.37,0.8991,22879.09,94576.869,5.52,111.52,39.44,40.5,45.8,52.16,59.58,47.05,16.34
20210325,41.2,41.57,40.8,41.15,41.37,-0.22,-0.5318,20568.98,84784.382,5.52,111.52,39.44,40.5,46.86,52.16,59.58,47.12,15.55
20210324,41.5,42.1,41.26,41.37,42.33,-0.96,-2.2679,27425.14,113952.648,5.52,111.52,39.44,41.56,46.86,52.16,59.58,47.2,14.82
20210323,41.18,43.73,41.18,42.33,40.88,1.45,3.547,53580.75,228495.529,5.52,111.52,39.44,41.56,46.86,52.16,59.58,47.29,20.87
20210322,40.48,40.97,39.86,40.88,40.41,0.47,1.1631,20371.0,82812.851,5.52,111.52,39.44,41.56,46.86,52.16,59.58,47.47,14.54
20210319,39.72,40.73,39.6,40.41,40.37,0.04,0.0991,17605.56,71099.387,5.52,111.52,39.44,41.56,46.86,52.16,59.58,47.55,5.82
20210318,40.65,41.0,40.06,40.37,40.91,-0.54,-1.32,19194.46,77634.62,5.52,111.52,40.5,41.56,46.86,52.16,59.58,47.64,4.96
20210317,40.2,41.1,39.93,40.91,40.2,0.71,1.7662,21995.57,89750.299,5.52,111.52,40.5,41.56,47.92,52.16,59.58,47.71,11.75
20210316,40.29,40.38,39.77,40.2,40.3,-0.1,-0.2481,15836.94,63480.08,5.52,111.52,40.5,41.56,47.92,52.16,59.58,47.81,4.4
20210315,39.8,40.45,39.23,40.3,39.96,0.34,0.8509,26106.79,103764.113,5.52,111.52,40.5,42.62,47.92,52.16,59.58,47.88,3.73
20210312,41.26,41.29,39.7,39.96,41.26,-1.3,-3.1508,34773.17,139618.43,5.52,111.52,40.5,42.62,47.92,52.16,60.64,47.99,2.43
20210311,40.29,41.92,39.58,41.26,40.25,1.01,2.5093,35370.21,144189.065,5.52,111.52,40.5,42.62,47.92,52.16,60.64,48.17,6.76
20210310,42.05,42.34,40.12,40.25,41.85,-1.6,-3.8232,34392.04,140237.436,5.52,111.52,40.5,42.62,47.92,52.16,60.64,48.32,1.0
20210309,42.6,42.95,41.01,41.85,42.96,-1.11,-2.5838,28055.49,117803.712,5.52,111.52,41.56,42.62,47.92,52.16,60.64,48.47,8.23
20210308,44.11,44.91,42.91,42.96,43.76,-0.8,-1.8282,31919.23,140154.864,5.52,111.52,41.56,43.68,48.98,52.16,60.64,48.57,14.71
20210305,43.0,44.44,42.8,43.76,44.0,-0.24,-0.5455,24059.18,105398.862,5.52,111.52,41.56,43.68,48.98,53.22,60.64,48.67,14.16
20210304,44.48,45.53,44.0,44.0,44.75,-0.75,-1.676,32865.0,146856.479,5.52,111.52,41.56,43.68,48.98,53.22,60.64,48.75,23.31
20210303,44.53,44.86,44.13,44.75,44.77,-0.02,-0.0447,20046.69,89081.679,5.52,111.52,41.56,43.68,48.98,53.22,60.64,48.81,22.91
20210302,44.92,45.48,44.19,44.77,44.57,0.2,0.4487,31212.2,139308.507,5.52,111.52,41.56,43.68,48.98,53.22,60.64,48.88,22.29
20210301,43.11,44.6,43.11,44.57,42.93,1.64,3.8202,32255.55,141928.445,5.52,111.52,41.56,43.68,48.98,53.22,60.64,48.97,21.9
20210226,42.68,43.77,42.5,42.93,43.5,-0.57,-1.3103,24135.22,104089.905,5.52,111.52,41.56,43.68,48.98,53.22,60.64,49.07,14.17
20210225,44.62,44.7,43.44,43.5,44.91,-1.41,-3.1396,40875.15,179191.812,5.52,111.52,41.56,43.68,48.98,53.22,60.64,49.16,13.12
20210224,45.4,46.45,44.6,44.91,43.89,1.02,2.324,67947.4,310313.474,5.52,111.52,41.56,43.68,48.98,53.22,60.64,49.29,17.66
20210223,43.9,44.5,42.93,43.89,44.39,-0.5,-1.1264,28654.89,125534.216,5.52,111.52,41.56,43.68,48.98,53.22,60.64,49.46,12.86
20210222,44.05,45.57,44.05,44.39,44.4,-0.01,-0.0225,45843.83,205575.013,5.52,111.52,41.56,43.68,50.04,53.22,60.64,49.56,16.74
20210219,43.24,44.42,42.82,44.4,43.22,1.18,2.7302,32638.5,143484.361,5.52,111.52,40.5,43.68,50.04,53.22,60.64,49.7,16.0
20210218,43.34,44.49,43.15,43.22,42.58,0.64,1.5031,37763.12,165045.105,5.52,111.52,40.5,44.74,50.04,54.28,60.64,49.82,12.18
20210210,42.22,42.66,41.6,42.58,42.23,0.35,0.8288,28793.3,121674.676,5.52,111.52,40.5,45.8,50.04,54.28,60.64,49.97,9.01
20210209,40.6,42.47,40.6,42.23,40.66,1.57,3.8613,34380.51,143522.818,5.52,111.52,40.5,45.8,50.04,54.28,60.64,50.1,7.66
20210208,40.54,41.5,40.31,40.66,40.35,0.31,0.7683,26244.13,107496.679,5.52,111.52,41.56,45.8,50.04,54.28,60.64,50.29,0.85
20210205,41.87,42.26,40.28,40.35,41.83,-1.48,-3.5381,30823.35,126589.852,5.52,111.52,42.62,46.86,50.04,54.28,60.64,50.45,0.66
20210204,42.9,42.93,40.61,41.83,42.8,-0.97,-2.2664,42131.84,175174.163,5.52,111.52,43.68,46.86,50.04,54.28,60.64,50.62,2.67
20210203,44.7,44.97,42.58,42.8,44.88,-2.08,-4.6346,58117.49,251067.875,5.52,111.52,44.74,46.86,50.04,55.34,60.64,50.85,0.68
20210202,45.85,46.16,44.81,44.88,45.75,-0.87,-1.9016,37170.58,168667.19,5.52,111.52,45.8,46.86,50.04,55.34,61.7,51.12,0.62
20210201,45.9,46.42,45.3,45.75,45.89,-0.14,-0.3051,27243.74,125164.211,5.52,111.52,45.8,47.92,50.04,55.34,61.7,51.25,1.52
20210129,46.95,47.13,45.2,45.89,46.3,-0.41,-0.8855,38256.7,176609.447,5.52,111.52,46.86,47.92,50.04,55.34,61.7,51.34,0.83
20210128,48.6,48.6,46.2,46.3,49.27,-2.97,-6.028,50642.13,239988.857,5.52,111.52,46.86,47.92,50.04,55.34,61.7,51.47,2.24
20210127,49.19,50.96,48.63,49.27,48.61,0.66,1.3577,45860.11,227849.539,5.52,111.52,46.86,47.92,50.04,56.4,61.7,51.63,32.44
20210126,49.05,51.33,48.58,48.61,49.0,-0.39,-0.7959,61644.57,308186.136,5.52,111.52,46.86,47.92,50.04,56.4,61.7,51.7,18.12
20210125,49.0,49.66,48.17,49.0,50.32,-1.32,-2.6232,46860.69,229414.359,5.52,111.52,46.86,47.92,51.1,56.4,61.7,51.81,18.57
20210122,50.4,50.9,49.28,50.32,50.62,-0.3,-0.5927,44311.24,221288.697,5.52,111.52,46.86,47.92,51.1,57.46,61.7,51.94,27.57
20210121,50.75,51.7,50.26,50.62,51.14,-0.52,-1.0168,58640.88,299416.744,5.52,111.52,46.86,47.92,51.1,57.46,61.7,52.01,46.45
20210120,50.68,51.48,49.88,51.14,50.5,0.64,1.2673,45493.54,231204.86,5.52,111.52,46.86,47.92,51.1,57.46,61.7,52.07,45.75
20210119,52.01,52.38,50.2,50.5,51.79,-1.29,-2.4908,60322.58,307373.391,5.52,111.52,46.86,47.92,51.1,57.46,61.7,52.13,45.2
20210118,49.53,52.41,49.49,51.79,50.87,0.92,1.8085,77174.58,396323.046,5.52,111.52,46.86,47.92,51.1,57.46,61.7,52.21,57.94
20210115,51.0,53.7,49.66,50.87,50.54,0.33,0.6529,110585.99,572475.016,5.52,111.52,46.86,47.92,51.1,58.52,61.7,52.32,43.3
20210114,47.28,51.36,46.84,50.54,47.24,3.3,6.9856,96660.75,479315.463,5.52,111.52,46.86,47.92,51.1,59.58,62.76,52.4,45.11
20210113,47.99,48.4,46.6,47.24,47.9,-0.66,-1.3779,41953.65,197968.627,5.52,111.52,46.86,47.92,51.1,59.58,62.76,52.69,12.67
20210112,46.88,47.99,46.2,47.9,46.81,1.09,2.3286,37889.19,179047.26,5.52,111.52,46.86,47.92,51.1,59.58,62.76,52.87,11.07
20210111,46.5,48.3,45.4,46.81,48.65,-1.84,-3.7821,53653.87,253317.153,5.52,111.52,46.86,47.92,52.16,59.58,62.76,53.03,2.26
20210108,48.37,49.7,47.7,48.65,48.35,0.3,0.6205,35791.92,174530.331,5.52,111.52,46.86,48.98,52.16,59.58,62.76,53.29,13.32
20210107,50.03,50.08,47.86,48.35,50.12,-1.77,-3.5315,43277.05,210186.133,5.52,111.52,46.86,48.98,52.16,59.58,62.76,53.43,11.98
20210106,51.0,51.4,49.81,50.12,50.89,-0.77,-1.5131,39888.21,200244.56,5.52,111.52,46.86,48.98,52.16,59.58,62.76,53.6,17.91
20210105,50.45,51.3,49.56,50.89,50.42,0.47,0.9322,47871.74,241508.682,5.52,111.52,46.86,48.98,52.16,60.64,62.76,53.7,29.64
20210104,49.76,50.87,49.36,50.42,49.51,0.91,1.838,38932.42,195739.563,5.52,111.52,46.86,48.98,52.16,60.64,62.76,53.83,27.52
20201231,47.8,49.78,47.8,49.51,47.64,1.87,3.9253,39327.25,192981.791,5.52,111.52,46.86,48.98,52.16,60.64,62.76,53.96,16.9
20201230,47.4,48.17,46.7,47.64,47.18,0.46,0.975,32770.82,155387.876,5.52,111.52,46.86,50.04,52.16,60.64,62.76,54.13,6.58
20201229,46.9,48.38,46.31,47.18,46.68,0.5,1.0711,41875.45,198675.489,5.52,111.52,47.92,50.04,52.16,60.64,62.76,54.3,4.57
20201228,50.1,50.1,46.68,46.68,49.6,-2.92,-5.8871,62190.5,298423.534,5.52,111.52,48.98,50.04,53.22,60.64,62.76,54.52,0.77
20201225,50.53,50.92,49.5,49.6,50.39,-0.79,-1.5678,38698.59,193594.926,5.52,111.52,48.98,50.04,53.22,60.64,62.76,54.86,5.33
20201224,52.51,52.59,50.2,50.39,52.44,-2.05,-3.9092,34649.41,177495.061,5.52,111.52,50.04,51.1,53.22,60.64,62.76,55.01,12.69
20201223,52.0,53.41,51.26,52.44,52.15,0.29,0.5561,39999.26,208924.347,5.52,111.52,50.04,51.1,53.22,60.64,62.76,55.11,26.07
20201222,53.5,54.16,52.11,52.15,53.85,-1.7,-3.1569,40226.34,212842.138,5.52,111.52,50.04,51.1,53.22,60.64,63.82,55.22,24.96
20201221,50.35,53.96,50.0,53.85,50.69,3.16,6.234,67998.94,358767.574,5.52,111.52,50.04,51.1,53.22,60.64,63.82,55.3,50.17
20201218,51.75,52.27,50.55,50.69,51.18,-0.49,-0.9574,32866.52,168365.911,5.52,111.52,50.04,51.1,54.28,60.64,63.82,55.49,12.02
20201217,49.24,51.38,48.48,51.18,49.18,2.0,4.0667,47486.43,237693.211,5.52,111.52,50.04,51.1,54.28,60.64,63.82,55.6,11.22
20201216,50.7,51.02,49.12,49.18,50.85,-1.67,-3.2842,33471.79,167183.431,5.52,111.52,50.04,51.1,55.34,61.7,63.82,55.83,0.75
20201215,51.15,51.39,50.35,50.85,51.13,-0.28,-0.5476,23075.38,117235.013,5.52,111.52,50.04,51.1,55.34,61.7,63.82,56.0,5.9
20201214,51.0,51.72,50.66,51.13,50.96,0.17,0.3336,26202.73,134118.582,5.52,111.52,51.1,51.1,55.34,61.7,63.82,56.09,4.7
20201211,52.0,52.0,50.06,50.96,51.63,-0.67,-1.2977,28895.27,147191.313,5.52,111.52,51.1,51.1,55.34,61.7,63.82,56.2,3.92
20201210,52.3,52.47,51.2,51.63,52.0,-0.37,-0.7115,26067.57,135144.042,5.52,111.52,51.1,52.16,55.34,61.7,63.82,56.32,13.35
20201209,53.5,53.89,52.0,52.0,53.59,-1.59,-2.967,30176.28,159372.101,5.52,111.52,51.1,52.16,55.34,61.7,63.82,56.39,12.37
20201208,54.0,54.35,53.13,53.59,53.81,-0.22,-0.4088,32529.17,174693.377,5.52,111.52,51.1,52.16,56.4,61.7,63.82,56.5,37.19
20201207,54.89,55.85,53.77,53.81,53.99,-0.18,-0.3334,46087.68,252077.819,5.52,111.52,51.1,52.16,56.4,61.7,63.82,56.58,35.97
20201204,53.0,54.66,53.0,53.99,53.38,0.61,1.1428,49111.48,265030.172,5.52,111.52,51.1,52.16,56.4,61.7,63.82,56.65,36.94
20201203,52.8,53.95,52.52,53.38,52.6,0.78,1.4829,50039.78,266825.377,5.52,111.52,51.1,52.16,56.4,61.7,63.82,56.77,29.43
20201202,52.1,52.86,51.84,52.6,51.9,0.7,1.3487,40140.34,210521.382,5.52,111.52,51.1,52.16,57.46,61.7,63.82,56.93,28.88
20201201,51.89,52.09,51.41,51.9,51.88,0.02,0.0386,27014.04,139937.9,5.52,111.52,51.1,52.16,57.46,61.7,63.82,57.08,13.27
20201130,51.58,52.83,51.0,51.88,51.81,0.07,0.1351,35502.08,184435.071,5.52,111.52,51.1,52.16,57.46,61.7,63.82,57.21,12.0
20201127,51.23,51.95,49.95,51.81,51.16,0.65,1.2705,35483.23,181675.027,5.52,111.52,51.1,52.16,57.46,61.7,63.82,57.36,10.63
20201126,52.44,52.78,50.91,51.16,52.18,-1.02,-1.9548,34539.34,178448.044,5.52,111.52,51.1,52.16,57.46,61.7,63.82,57.55,1.18
20201125,52.67,53.16,52.1,52.18,52.63,-0.45,-0.855,28323.75,148763.986,5.52,111.52,51.1,52.16,57.46,61.7,63.82,57.71,6.89
20201124,52.01,53.35,52.0,52.63,52.23,0.4,0.7658,38394.9,202504.1,5.52,111.52,51.1,52.16,58.52,61.7,63.82,57.83,18.01
20201123,52.83,52.88,51.91,52.23,52.86,-0.63,-1.1918,31293.08,163646.746,5.52,111.52,51.1,52.16,58.52,61.7,63.82,58.01,6.57
20201120,52.4,52.99,52.25,52.86,52.59,0.27,0.5134,26531.68,139584.71,5.52,111.52,51.1,53.22,58.52,61.7,64.88,58.16,14.12
20201119,52.15,53.33,51.75,52.59,52.16,0.43,0.8244,38886.51,204729.654,5.52,111.52,51.1,53.22,58.52,61.7,64.88,58.27,12.64
20201118,52.0,53.16,51.87,52.16,52.47,-0.31,-0.5908,40801.79,213803.516,5.52,111.52,51.1,54.28,58.52,62.76,64.88,58.45,5.3
20201117,52.6,53.25,51.02,52.47,53.25,-0.78,-1.4648,68805.92,357574.346,5.52,111.52,52.16,54.28,59.58,62.76,64.88,58.66,7.79
20201116,56.5,56.5,52.26,53.25,60.07,-6.82,-11.3534,138370.14,747335.85,5.52,111.52,53.22,55.34,59.58,62.76,64.88,59.06,3.05
20201113,59.92,61.19,58.8,60.07,60.78,-0.71,-1.1681,48769.35,292749.196,5.52,111.52,55.34,56.4,59.58,62.76,64.88,59.69,53.87
20201112,61.55,61.92,60.0,60.78,60.62,0.16,0.2639,49840.31,302908.142,5.52,111.52,55.34,56.4,59.58,62.76,64.88,59.7,53.2
20201111,63.33,63.43,59.51,60.62,63.28,-2.66,-4.2035,84648.94,516802.162,5.52,111.52,55.34,56.4,59.58,62.76,64.88,59.68,53.53
20201110,61.38,65.28,60.38,63.28,61.77,1.51,2.4446,131678.57,831462.254,5.52,111.52,55.34,56.4,59.58,62.76,64.88,59.6,87.12
20201109,56.16,62.4,56.16,61.77,55.72,6.05,10.8579,127861.37,764203.858,5.52,111.52,55.34,56.4,58.52,62.76,64.88,59.29,73.82
20201106,56.05,56.55,55.0,55.72,56.08,-0.36,-0.6419,47803.78,266517.613,5.52,111.52,55.34,56.4,58.52,62.76,64.88,59.35,13.26
20201105,58.01,58.35,54.76,56.08,57.32,-1.24,-2.1633,79695.58,448873.62,5.52,111.52,55.34,56.4,59.58,62.76,65.94,59.49,10.52
20201104,58.17,58.74,57.2,57.32,58.82,-1.5,-2.5502,50856.36,294319.178,5.52,111.52,55.34,56.4,59.58,62.76,65.94,59.73,20.29
20201103,59.66,59.66,56.0,58.82,60.85,-2.03,-3.3361,98750.99,571893.51,5.52,111.52,55.34,56.4,59.58,62.76,65.94,59.81,33.97
20201102,59.5,61.28,59.05,60.85,59.68,1.17,1.9605,66600.44,401554.904,5.52,111.52,55.34,56.4,59.58,62.76,65.94,60.0,50.26
20201030,59.0,61.68,58.89,59.68,59.14,0.54,0.9131,60173.13,361985.812,5.52,111.52,55.34,56.4,60.64,62.76,65.94,60.01,40.42
20201029,58.0,59.49,57.72,59.14,58.63,0.51,0.8699,37404.73,220299.676,5.52,111.52,55.34,56.4,60.64,63.82,65.94,60.02,41.9
20201028,58.38,58.9,57.5,58.63,58.41,0.22,0.3766,27652.94,161331.524,5.52,111.52,55.34,56.4,60.64,63.82,65.94,60.09,33.93
20201027,57.08,58.7,56.99,58.41,57.38,1.03,1.7951,26074.23,151885.973,5.52,111.52,55.34,56.4,60.64,63.82,65.94,60.14,33.32
20201026,57.02,57.64,56.2,57.38,57.08,0.3,0.5256,21253.34,121148.532,5.52,111.52,55.34,56.4,60.64,63.82,67.0,60.19,22.83
20201023,60.14,60.45,57.0,57.08,59.63,-2.55,-4.2764,35201.69,204894.06,5.52,111.52,55.34,56.4,60.64,63.82,67.0,60.25,21.79
20201022,59.5,60.5,58.89,59.63,59.71,-0.08,-0.134,22377.28,133759.455,5.52,111.52,55.34,56.4,60.64,63.82,67.0,60.31,35.9
20201021,61.7,61.74,59.27,59.71,61.75,-2.04,-3.3036,35687.53,215070.117,5.52,111.52,55.34,56.4,60.64,63.82,67.0,60.33,35.74
20201020,61.24,61.76,60.69,61.75,61.02,0.73,1.1963,24856.65,152565.006,5.52,111.52,54.28,56.4,60.64,63.82,67.0,60.35,56.11
20201019,61.89,62.59,60.84,61.02,61.8,-0.78,-1.2621,30549.99,188032.957,5.52,111.52,54.28,56.4,60.64,63.82,67.0,60.34,55.51
20201016,62.44,62.8,61.37,61.8,61.03,0.77,1.2617,37886.67,234967.431,5.52,111.52,54.28,56.4,60.64,63.82,67.0,60.33,55.34
20201015,62.49,63.19,61.03,61.03,62.16,-1.13,-1.8179,47895.06,297911.625,5.52,111.52,54.28,56.4,60.64,63.82,67.0,60.3,55.65
20201014,61.97,62.68,61.36,62.16,61.76,0.4,0.6477,55476.38,344749.93,5.52,111.52,54.28,56.4,60.64,63.82,67.0,60.25,71.89
20201013,61.9,62.76,61.08,61.76,60.19,1.57,2.6084,68717.73,425680.996,5.52,111.52,54.28,56.4,60.64,63.82,68.06,60.19,59.29
20201012,58.12,60.3,57.99,60.19,57.93,2.26,3.9013,48233.89,286753.595,5.52,111.52,54.28,56.4,59.58,63.82,68.06,60.14,50.22
20201009,57.18,58.15,56.7,57.93,56.01,1.92,3.428,35812.02,205873.859,5.52,111.52,54.28,56.4,60.64,63.82,69.12,60.19,40.12
20200930,56.7,57.08,55.98,56.01,56.69,-0.68,-1.1995,24114.23,135995.556,5.52,111.52,54.28,56.4,60.64,64.88,69.12,60.27,13.69
20200929,55.28,57.99,55.18,56.69,54.78,1.91,3.4867,43223.12,245693.136,5.52,111.52,54.28,56.4,60.64,64.88,69.12,60.37,13.12
20200928,56.69,57.14,54.37,54.78,56.93,-2.15,-3.7766,35337.23,195725.829,5.52,111.52,54.28,56.4,60.64,64.88,70.18,60.5,6.51
20200925,57.38,57.9,56.4,56.93,56.98,-0.05,-0.0878,22920.68,130633.426,5.52,111.52,54.28,56.4,60.64,64.88,70.18,60.66,23.59
20200924,56.7,58.72,56.7,56.98,57.76,-0.78,-1.3504,38074.23,219719.374,5.52,111.52,54.28,56.4,60.64,64.88,70.18,60.72,22.91
20200923,56.88,58.77,56.6,57.76,56.38,1.38,2.4477,41123.0,237370.621,5.52,111.52,54.28,56.4,60.64,64.88,70.18,60.84,21.75
20200922,56.68,57.48,56.0,56.38,57.51,-1.13,-1.9649,27795.19,158140.042,5.52,111.52,54.28,56.4,60.64,64.88,70.18,60.96,10.88
20200921,58.41,58.58,57.2,57.51,58.25,-0.74,-1.2704,28070.32,162414.986,5.52,111.52,54.28,56.4,61.7,64.88,70.18,61.08,19.06
20200918,57.31,58.48,57.12,58.25,57.57,0.68,1.1812,38108.7,220838.893,5.52,111.52,54.28,56.4,61.7,64.88,70.18,61.14,26.03
20200917,56.0,58.45,55.8,57.57,56.33,1.24,2.2013,45848.88,263655.592,5.52,111.52,54.28,56.4,61.7,64.88,70.18,61.25,19.36
20200916,57.0,57.89,55.96,56.33,57.5,-1.17,-2.0348,36110.23,205030.588,5.52,111.52,54.28,56.4,61.7,64.88,70.18,61.42,11.43
20200915,56.73,58.75,55.5,57.5,56.45,1.05,1.8601,52241.53,299205.569,5.52,111.52,54.28,56.4,61.7,64.88,71.24,61.55,16.58
20200914,55.46,57.3,55.08,56.45,54.97,1.48,2.6924,43305.38,243838.553,5.52,111.52,54.28,57.46,61.7,64.88,71.24,61.77,10.8
20200911,53.75,55.1,53.0,54.97,53.91,1.06,1.9662,32714.41,177733.658,5.52,111.52,54.28,58.52,61.7,64.88,71.24,61.98,6.49
20200910,56.01,56.77,53.43,53.91,55.16,-1.25,-2.2661,47429.59,259874.486,5.52,111.52,55.34,58.52,61.7,64.88,71.24,62.18,1.95
20200909,60.0,60.01,54.11,55.16,60.75,-5.59,-9.2016,95957.83,545101.227,5.52,111.52,56.4,59.58,61.7,65.94,71.24,62.46,2.27
20200908,63.93,64.3,60.01,60.75,63.5,-2.75,-4.3307,75096.87,465702.628,5.52,111.52,58.52,60.64,62.76,65.94,71.24,62.9,13.43
20200907,65.0,66.13,63.26,63.5,64.55,-1.05,-1.6266,91097.11,590971.26,5.52,111.52,58.52,60.64,62.76,65.94,71.24,62.98,59.92
20200904,61.0,64.88,60.56,64.55,62.04,2.51,4.0458,100229.17,640700.386,5.52,111.52,58.52,60.64,62.76,65.94,72.3,62.91,74.83
20200903,62.4,63.29,61.22,62.04,62.09,-0.05,-0.0805,52874.92,329369.803,5.52,111.52,58.52,59.58,61.7,65.94,72.3,62.97,33.34
20200902,62.3,62.39,61.21,62.09,61.83,0.26,0.4205,36086.12,223590.116,5.52,111.52,58.52,59.58,62.76,65.94,72.3,63.0,49.98
20200901,61.0,62.0,60.04,61.83,61.47,0.36,0.5857,28871.77,177019.006,5.52,111.52,58.52,59.58,62.76,67.0,72.3,63.06,34.06
20200831,61.9,62.53,61.43,61.47,61.51,-0.04,-0.065,39058.53,242088.325,5.52,111.52,58.52,59.58,62.76,67.0,72.3,63.11,32.88
20200828,60.91,61.79,60.36,61.51,61.23,0.28,0.4573,41404.83,253543.186,5.52,111.52,58.52,59.58,62.76,67.0,72.3,63.18,32.53
20200827,59.0,61.68,58.58,61.23,58.8,2.43,4.1327,53449.61,323600.172,5.52,111.52,58.52,59.58,62.76,67.0,72.3,63.25,30.78
20200826,61.6,61.6,58.8,58.8,61.7,-2.9,-4.7002,50115.44,300157.955,5.52,111.52,58.52,59.58,62.76,67.0,72.3,63.41,4.12
20200825,61.59,62.29,60.87,61.7,61.59,0.11,0.1786,37881.2,233888.702,5.52,111.52,58.52,60.64,62.76,67.0,72.3,63.58,25.35
20200824,60.45,62.42,58.99,61.59,60.2,1.39,2.309,45545.3,278204.488,5.52,111.52,58.52,60.64,62.76,67.0,72.3,63.66,24.25
20200821,60.5,61.26,59.35,60.2,59.89,0.31,0.5176,33129.25,199622.308,5.52,111.52,58.52,60.64,62.76,68.06,72.3,63.77,12.28
20200820,59.52,61.46,59.52,59.89,60.99,-1.1,-1.8036,36550.97,220187.368,5.52,111.52,58.52,60.64,63.82,68.06,72.3,63.87,5.91
20200819,63.58,63.58,60.99,60.99,63.64,-2.65,-4.164,52483.69,324971.308,5.52,111.52,58.52,60.64,63.82,68.06,72.3,63.98,18.6
20200818,63.9,64.53,63.12,63.64,63.88,-0.24,-0.3757,39616.56,252829.558,5.52,111.52,58.52,60.64,63.82,69.12,72.3,64.1,45.42
20200817,62.65,63.95,62.12,63.88,62.54,1.34,2.1426,50260.92,317688.867,5.52,111.52,58.52,60.64,63.82,69.12,72.3,64.11,45.46
20200814,61.88,62.7,61.12,62.54,62.0,0.54,0.871,37516.95,233120.023,5.52,111.52,58.52,60.64,63.82,69.12,72.3,64.17,32.91
20200813,62.25,62.98,61.68,62.0,62.16,-0.16,-0.2574,40665.21,253120.182,5.52,111.52,58.52,60.64,63.82,70.18,73.36,64.24,19.47
20200812,64.83,64.83,60.5,62.16,64.23,-2.07,-3.2228,78698.02,488139.965,5.52,111.52,57.46,60.64,63.82,70.18,73.36,64.34,29.59
20200811,64.0,67.77,63.72,64.23,63.7,0.53,0.832,93032.57,609463.336,5.52,111.52,57.46,60.64,63.82,70.18,73.36,64.51,52.77
20200810,63.5,64.45,62.63,63.7,63.92,-0.22,-0.3442,49671.23,315455.336,5.52,111.52,57.46,60.64,63.82,70.18,73.36,64.47,39.94
20200807,66.46,66.46,63.08,63.92,66.5,-2.58,-3.8797,73492.61,473506.002,5.52,111.52,57.46,60.64,63.82,70.18,73.36,64.53,38.99
20200806,65.08,66.5,63.88,66.5,65.91,0.59,0.8952,79340.2,516166.551,5.52,111.52,57.46,60.64,63.82,71.24,73.36,64.56,71.57
20200805,68.9,69.2,65.88,65.91,64.92,0.99,1.525,106943.55,717424.176,5.52,111.52,56.4,60.64,63.82,71.24,73.36,64.58,61.98
20200804,65.6,65.78,64.03,64.92,65.93,-1.01,-1.5319,68777.52,445643.275,5.52,111.52,56.4,59.58,63.82,71.24,73.36,64.4,58.22
20200803,64.5,66.33,63.8,65.93,63.35,2.58,4.0726,102537.35,670268.799,5.52,111.52,56.4,59.58,63.82,71.24,73.36,64.42,65.53
20200731,61.7,64.46,61.69,63.35,61.37,1.98,3.2263,78918.48,497463.408,5.52,111.52,56.4,59.58,62.76,72.3,73.36,64.38,52.4
20200730,62.31,62.53,61.1,61.37,62.43,-1.06,-1.6979,58475.45,360238.478,5.52,111.52,55.34,59.58,62.76,72.3,73.36,64.53,30.67
20200729,60.34,62.6,60.18,62.43,60.6,1.83,3.0198,77009.63,475581.227,5.52,111.52,55.34,59.58,63.82,72.3,73.36,64.71,39.5
20200728,61.0,61.8,59.64,60.6,60.16,0.44,0.7314,47172.98,285974.909,5.52,111.52,55.34,59.58,63.82,72.3,73.36,64.94,20.78
20200727,60.68,61.24,59.1,60.16,59.7,0.46,0.7705,54608.46,329547.048,5.52,111.52,55.34,59.58,63.82,72.3,73.36,65.18,19.11
20200724,63.57,64.62,59.33,59.7,63.52,-3.82,-6.0139,93724.65,580848.933,5.52,111.52,55.34,59.58,64.88,72.3,73.36,65.4,13.33
20200723,63.07,64.08,61.02,63.52,64.49,-0.97,-1.5041,96742.7,607380.19,5.52,111.52,55.34,59.58,64.88,72.3,73.36,65.77,35.56
20200722,63.92,65.79,63.58,64.49,64.36,0.13,0.202,73594.81,477593.647,5.52,111.52,54.28,58.52,65.94,72.3,73.36,66.07,40.33
20200721,65.11,65.98,63.76,64.36,65.1,-0.74,-1.1367,70113.34,454218.496,5.52,111.52,54.28,58.52,67.0,72.3,74.42,66.21,38.92
20200720,63.76,65.18,62.3,65.1,62.9,2.2,3.4976,81652.4,521599.086,5.52,111.52,54.28,58.52,68.06,73.36,74.42,66.34,37.48
20200717,64.5,64.95,61.6,62.9,64.64,-1.74,-2.6918,96578.09,612355.633,5.52,111.52,54.28,58.52,69.12,73.36,74.42,66.59,27.6
20200716,68.99,70.49,64.7,64.7,71.89,-7.19,-10.0014,159684.98,1065324.425,5.52,111.52,54.28,57.46,70.18,73.36,74.42,66.92,28.01
20200715,73.4,75.49,71.06,71.89,70.68,1.21,1.7119,190053.67,1396339.488,5.52,111.52,54.28,57.46,70.18,73.36,74.42,66.99,65.48
20200714,75.8,75.8,69.09,70.68,75.0,-4.32,-5.76,174604.62,1248164.223,5.52,111.52,54.28,56.4,70.18,73.36,74.42,65.98,59.65
20200713,73.76,75.35,72.9,75.0,72.81,2.19,3.0078,133038.61,984810.77,5.52,111.52,53.22,56.4,69.12,73.36,74.42,65.16,99.29
20200710,71.36,75.1,70.32,72.81,71.72,1.09,1.5198,170838.42,1248915.102,5.52,111.52,53.22,55.34,65.94,72.3,73.36,64.15,92.94
20200709,71.0,72.96,70.5,71.72,71.0,0.72,1.0141,137079.29,982653.176,5.52,111.52,53.22,55.34,60.64,71.24,72.3,62.86,79.08
20200708,68.83,72.49,68.7,71.0,70.5,0.5,0.7092,166348.02,1176300.36,5.52,111.52,53.22,55.34,59.58,71.24,72.3,61.88,82.96
20200707,71.38,74.75,70.2,70.5,67.95,2.55,3.7528,242452.01,1762880.568,5.52,111.52,53.22,54.28,58.52,71.24,72.3,60.61,80.76
20200706,64.55,67.95,64.55,67.95,61.77,6.18,10.0049,110854.22,740694.749,5.52,111.52,53.22,54.28,57.46,60.64,65.94,57.95,99.51
20200703,61.88,62.88,60.2,61.77,61.19,0.58,0.9479,133745.86,826749.302,5.52,111.52,53.22,54.28,57.46,59.58,60.64,57.17,95.16
20200702,60.05,61.4,59.59,61.19,60.4,0.79,1.3079,118520.11,717729.197,5.52,111.52,53.22,54.28,57.46,59.58,60.64,56.71,99.16
20200701,59.72,60.48,57.9,60.4,59.68,0.72,1.2064,121136.66,719781.93,5.52,111.52,53.22,53.22,56.4,58.52,59.58,56.38,98.26
20200630,59.17,60.24,58.99,59.68,58.76,0.92,1.5657,105784.08,630433.183,5.52,111.52,52.16,53.22,56.4,58.52,59.58,56.11,90.31
20200629,58.43,60.4,58.2,58.76,58.44,0.32,0.5476,92149.61,544169.421,5.52,111.52,52.16,53.22,56.4,58.52,59.58,55.83,82.07
20200624,57.88,59.84,57.68,58.44,57.7,0.74,1.2825,106010.06,622174.213,5.52,111.52,52.16,53.22,55.34,57.46,58.52,55.59,88.03
20200623,57.26,58.19,57.21,57.7,57.92,-0.22,-0.3798,67763.64,390662.908,5.52,111.52,52.16,53.22,55.34,57.46,58.52,55.39,72.4
20200622,55.9,58.28,55.9,57.92,55.76,2.16,3.8737,107802.41,618986.06,5.52,111.52,52.16,53.22,55.34,57.46,58.52,55.29,90.26
20200619,55.1,55.85,54.73,55.76,55.08,0.68,1.2346,69943.0,387474.486,5.52,111.52,52.16,53.22,55.34,57.46,58.52,55.16,64.5
20200618,53.6,55.26,53.48,55.08,53.79,1.29,2.3982,75530.94,413792.171,5.52,111.52,52.16,53.22,55.34,57.46,58.52,55.18,48.11
20200617,55.2,55.2,53.32,53.79,55.15,-1.36,-2.466,63861.99,344045.604,5.52,111.52,52.16,53.22,55.34,57.46,58.52,55.26,25.37
20200616,55.8,55.8,54.56,55.15,54.12,1.03,1.9032,54472.89,299525.257,5.52,111.52,52.16,53.22,55.34,57.46,58.52,55.35,42.51
20200615,53.71,55.8,53.51,54.12,54.04,0.08,0.148,72519.78,397603.232,5.52,111.52,52.16,53.22,55.34,57.46,58.52,55.39,24.01
20200612,52.98,54.8,52.65,54.04,53.75,0.29,0.5395,64396.0,348143.885,5.52,111.52,52.16,53.22,55.34,57.46,58.52,55.46,23.72
20200611,53.56,54.64,53.43,53.75,53.4,0.35,0.6554,63857.31,345458.869,5.52,111.52,52.16,53.22,55.34,57.46,58.52,55.58,21.53
20200610,54.73,54.73,53.31,53.4,54.75,-1.35,-2.4658,62349.89,334963.726,5.52,111.52,52.16,53.22,56.4,58.52,58.52,55.75,8.06
20200609,54.34,55.68,54.34,54.75,55.09,-0.34,-0.6172,68992.46,378962.086,5.52,111.52,52.16,54.28,56.4,58.52,58.52,55.91,27.3
20200608,59.47,59.48,55.02,55.09,57.91,-2.82,-4.8696,125317.03,714831.92,5.52,111.52,51.1,54.28,56.4,58.52,58.52,56.05,22.5
20200605,58.01,58.87,57.1,57.91,58.41,-0.5,-0.856,88773.79,515142.766,5.52,111.52,51.1,53.22,56.4,58.52,59.58,55.96,82.15
20200604,57.75,59.4,56.94,58.41,57.93,0.48,0.8286,118189.24,688005.084,5.52,111.52,51.1,53.22,56.4,58.52,59.58,55.81,81.62
20200603,56.0,60.3,55.46,57.93,56.0,1.93,3.4464,178268.64,1037320.519,5.52,111.52,51.1,53.22,55.34,58.52,59.58,55.53,84.38
20200602,55.8,56.89,55.0,56.0,54.92,1.08,1.9665,111103.81,621514.935,5.52,111.52,51.1,52.16,55.34,57.46,58.52,55.09,62.76
20200601,52.45,55.27,51.39,54.92,53.95,0.97,1.798,118467.2,635893.522,5.52,111.52,50.04,52.16,55.34,57.46,58.52,55.02,43.44
20200528,55.7,55.85,52.4,53.95,55.94,-1.99,-3.5574,88488.24,477942.845,5.52,111.52,50.04,53.22,55.34,57.46,59.58,55.35,19.67
20200527,56.09,56.49,54.3,55.94,56.67,-0.73,-1.2882,81878.81,454485.446,5.52,111.52,50.04,53.22,55.34,58.52,59.58,55.54,53.13
20200526,55.75,56.75,55.17,56.67,56.02,0.65,1.1603,85357.97,478998.282,5.52,111.52,50.04,53.22,56.4,58.52,59.58,55.63,49.03
20200525,54.4,56.22,54.4,56.02,54.42,1.6,2.9401,77085.71,426774.474,5.52,111.52,50.04,53.22,56.4,58.52,59.58,55.68,45.17
20200522,55.3,55.98,53.96,54.42,55.48,-1.06,-1.9106,74071.13,407482.472,5.52,111.52,50.04,52.16,56.4,58.52,59.58,55.78,18.62
20200521,58.58,58.88,55.0,55.48,58.08,-2.6,-4.4766,110403.57,624937.326,5.52,111.52,48.98,52.16,56.4,58.52,59.58,55.87,22.51
20200520,59.01,60.09,57.8,58.08,60.12,-2.04,-3.3932,130137.85,765388.745,5.52,111.52,48.98,51.1,56.4,58.52,59.58,55.87,74.67
20200519,57.47,60.57,57.35,60.12,56.6,3.52,6.2191,176287.8,1048169.41,5.52,111.52,48.98,51.1,56.4,58.52,59.58,55.5,97.58
20200518,58.95,59.71,56.08,56.6,57.73,-1.13,-1.9574,126531.27,733596.175,5.52,111.52,48.98,51.1,56.4,57.46,58.52,54.82,48.72
20200515,57.17,58.8,56.92,57.73,57.14,0.59,1.0326,112000.35,648676.795,5.52,111.52,48.98,50.04,55.34,57.46,58.52,54.43,77.17
20200514,56.5,58.78,56.25,57.14,56.8,0.34,0.5986,112597.79,650335.555,5.52,111.52,47.92,50.04,55.34,56.4,58.52,54.02,85.94
20200513,56.9,57.42,56.3,56.8,57.05,-0.25,-0.4382,67438.26,383712.06,5.52,111.52,47.92,50.04,54.28,56.4,58.52,53.66,89.17
20200512,57.28,57.47,55.41,57.05,56.9,0.15,0.2636,94267.55,534071.348,5.52,111.52,47.92,50.04,53.22,56.4,58.52,53.45,89.31
20200511,56.6,59.22,55.63,56.9,56.19,0.71,1.2636,122771.49,703175.621,5.52,111.52,47.92,50.04,52.16,56.4,58.52,53.21,88.61
20200508,56.19,57.49,55.67,56.19,55.36,0.83,1.4993,109050.72,617243.797,5.52,111.52,47.92,48.98,52.16,55.34,58.52,52.67,85.03
20200507,56.42,57.21,55.18,55.36,55.86,-0.5,-0.8951,118665.27,664527.489,5.52,111.52,47.92,48.98,51.1,55.34,59.58,52.28,78.48
20200506,52.15,56.2,52.1,55.86,52.55,3.31,6.2988,137466.09,749569.735,5.52,111.52,47.92,48.98,51.1,54.28,60.64,51.8,91.74
20200430,51.55,53.49,51.1,52.55,50.73,1.82,3.5876,107253.76,562741.236,5.52,111.52,47.92,48.98,51.1,53.22,61.7,51.51,83.69
20200429,50.05,51.9,49.8,50.73,50.51,0.22,0.4356,62683.73,320144.191,5.52,111.52,47.92,48.98,51.1,53.22,61.7,51.52,49.66
20200428,48.69,50.8,47.23,50.51,48.23,2.28,4.7273,91201.24,453916.594,5.52,111.52,47.92,48.98,51.1,54.28,62.76,51.6,48.74
20200427,47.91,48.84,47.8,48.23,48.27,-0.04,-0.0829,37793.94,182909.959,5.52,111.52,47.92,48.98,51.1,54.28,62.76,51.89,2.01
20200424,49.4,49.95,47.9,48.27,49.36,-1.09,-2.2083,45319.41,220906.034,5.52,111.52,47.92,48.98,51.1,54.28,62.76,52.05,9.03
20200423,50.93,50.97,49.1,49.36,50.92,-1.56,-3.0636,53421.3,266071.998,5.52,111.52,47.92,48.98,51.1,55.34,62.76,52.24,17.52
20200422,50.44,51.49,49.9,50.92,50.51,0.41,0.8117,49242.4,250961.067,5.52,111.52,47.92,50.04,51.1,55.34,62.76,52.43,34.72
20200421,50.83,50.9,49.68,50.51,51.33,-0.82,-1.5975,55019.28,275998.987,5.52,111.52,47.92,48.98,51.1,56.4,62.76,52.54,33.18
20200420,51.4,51.94,50.65,51.33,51.29,0.04,0.078,54528.26,278847.454,5.52,111.52,47.92,50.04,51.1,57.46,62.76,52.73,29.4
20200417,52.1,53.47,51.15,51.29,51.61,-0.32,-0.62,90394.88,473657.077,5.52,111.52,47.92,50.04,51.1,57.46,63.82,52.85,28.49
20200416,50.15,52.3,50.0,51.61,50.7,0.91,1.7949,66052.62,339256.757,5.52,111.52,47.92,48.98,51.1,58.52,63.82,53.0,50.57
20200415,52.27,52.9,50.68,50.7,52.47,-1.77,-3.3734,78918.39,409897.478,5.52,111.52,47.92,48.98,52.16,59.58,63.82,53.2,28.2
20200414,52.03,52.6,51.0,52.47,51.57,0.9,1.7452,65149.3,338232.699,5.52,111.52,47.92,48.98,52.16,60.64,63.82,53.36,45.77
20200413,49.0,52.21,48.5,51.57,49.76,1.81,3.6375,84367.47,431234.987,5.52,111.52,47.92,48.98,52.16,60.64,63.82,53.5,44.53
20200410,52.4,53.05,49.58,49.76,52.2,-2.44,-4.6743,81917.19,417110.978,5.52,111.52,47.92,48.98,52.16,61.7,63.82,53.85,17.92
20200409,53.32,53.32,51.5,52.2,53.32,-1.12,-2.1005,65871.06,345105.329,5.52,111.52,47.92,48.98,52.16,61.7,63.82,54.15,35.33
20200408,52.08,54.11,51.91,53.32,52.7,0.62,1.1765,80977.46,430288.063,5.52,111.52,47.92,48.98,53.22,61.7,63.82,54.33,49.88
20200407,53.0,53.39,52.33,52.7,51.9,0.8,1.5414,80109.85,422468.627,5.52,111.52,47.92,48.98,53.22,62.76,64.88,54.51,48.7
20200403,50.76,52.65,49.6,51.9,50.41,1.49,2.9558,120986.14,618422.857,5.52,111.52,47.92,48.98,54.28,62.76,64.88,54.72,39.48
20200402,47.84,50.5,47.5,50.41,47.9,2.51,5.2401,94214.42,462888.866,5.52,111.52,47.92,47.92,54.28,62.76,64.88,55.34,30.77
20200401,48.5,49.75,47.83,47.9,47.96,-0.06,-0.1251,70021.4,341558.806,5.52,111.52,47.92,48.98,55.34,62.76,64.88,56.1,2.21
20200331,49.07,50.31,47.83,47.96,48.08,-0.12,-0.2496,67837.66,333062.784,5.52,111.52,47.92,50.04,56.4,63.82,64.88,56.73,1.68
20200330,50.55,50.56,47.6,48.08,51.37,-3.29,-6.4045,92078.4,446631.806,5.52,111.52,47.92,52.16,57.46,63.82,64.88,57.39,1.12
20200327,54.54,54.99,50.8,51.37,54.03,-2.66,-4.9232,95315.82,503289.641,5.52,111.52,52.16,53.22,58.52,63.82,64.88,58.35,0.99
20200326,53.99,55.85,53.6,54.03,54.7,-0.67,-1.2249,82303.16,451635.287,5.52,111.52,53.22,54.28,59.58,63.82,64.88,59.01,9.54
20200325,55.35,56.19,53.78,54.7,54.56,0.14,0.2566,95242.1,523116.227,5.52,111.52,53.22,54.28,60.64,63.82,64.88,59.46,19.19
20200324,57.1,57.99,51.19,54.56,56.79,-2.23,-3.9267,147925.05,804774.454,5.52,111.52,52.16,55.34,60.64,63.82,65.94,60.0,9.69
20200323,60.0,61.38,56.79,56.79,63.1,-6.31,-10.0,111598.38,645515.777,5.52,111.52,55.34,57.46,61.7,64.88,65.94,61.17,9.29
20200320,66.5,67.7,62.0,63.1,66.5,-3.4,-5.1128,184336.03,1190418.574,5.52,111.52,55.34,58.52,62.76,64.88,65.94,61.55,49.34
20200319,61.0,67.23,60.5,66.5,62.0,4.5,7.2581,201207.75,1305956.712,5.52,111.52,54.28,57.46,61.7,63.82,64.88,60.94,99.19
20200318,62.6,64.6,61.8,62.0,60.94,1.06,1.7394,176266.56,1110569.525,5.52,111.52,54.28,56.4,60.64,63.82,64.88,60.26,51.08
20200317,63.33,64.1,58.5,60.94,61.87,-0.93,-1.5032,157247.5,967069.679,5.52,111.52,54.28,56.4,59.58,62.76,64.88,59.79,50.25
20200316,63.77,66.23,61.57,61.87,63.38,-1.51,-2.3825,210355.12,1346246.536,5.52,111.52,53.22,55.34,59.58,63.82,64.88,59.62,60.63
20200313,58.5,65.35,58.47,63.38,60.21,3.17,5.2649,218368.02,1369919.086,5.52,111.52,53.22,55.34,58.52,62.76,64.88,58.65,90.5
20200312,55.85,60.36,54.8,60.21,58.15,2.06,3.5426,148859.99,867215.485,5.52,111.52,53.22,54.28,57.46,60.64,63.82,57.75,83.63
20200311,59.47,60.96,57.96,58.15,61.26,-3.11,-5.0767,188208.33,1118067.12,5.52,111.52,53.22,54.28,58.52,60.64,64.88,57.82,47.44
20200310,56.67,61.26,56.5,61.26,55.69,5.57,10.0018,242932.86,1460179.37,5.52,111.52,53.22,54.28,57.46,61.7,64.88,57.58,84.15
20200309,54.61,57.95,54.25,55.69,53.4,2.29,4.2884,154883.29,871059.836,5.52,111.52,52.16,53.22,56.4,62.76,65.94,57.17,31.26
20200306,53.01,54.65,53.01,53.4,54.19,-0.79,-1.4578,54193.38,291525.674,5.52,111.52,52.16,53.22,56.4,63.82,65.94,57.46,6.94
20200305,56.0,56.45,52.82,54.19,54.49,-0.3,-0.5506,91954.32,497574.419,5.52,111.52,52.16,53.22,56.4,63.82,65.94,57.69,16.65
20200304,54.7,55.77,52.6,54.49,55.85,-1.36,-2.4351,100470.03,546245.557,5.52,111.52,51.1,54.28,57.46,63.82,65.94,58.08,13.19
20200303,57.44,59.5,55.4,55.85,56.33,-0.48,-0.8521,111084.7,639069.164,5.52,111.52,51.1,54.28,57.46,63.82,65.94,58.62,29.85
20200302,56.12,57.18,54.8,56.33,54.39,1.94,3.5668,104019.07,584243.538,5.52,111.52,51.1,54.28,58.52,64.88,65.94,58.87,30.81
20200228,54.2,57.25,54.16,54.39,58.04,-3.65,-6.2888,120374.44,667527.204,5.52,111.52,50.04,54.28,59.58,64.88,67.0,59.27,11.36
20200227,61.85,61.99,56.51,58.04,61.25,-3.21,-5.2408,134594.83,791381.078,5.52,111.52,50.04,54.28,60.64,64.88,67.0,59.9,29.62
20200226,66.91,67.62,61.25,61.25,68.05,-6.8,-9.9927,161304.93,1031674.915,5.52,111.52,48.98,54.28,61.7,64.88,67.0,60.22,44.56
20200225,65.0,68.66,61.5,68.05,66.8,1.25,1.8713,201106.0,1335517.148,5.52,111.52,47.92,53.22,60.64,64.88,67.0,59.48,97.54
20200224,61.54,68.07,61.03,66.8,61.88,4.92,7.9509,206992.21,1346300.45,5.52,111.52,46.86,52.16,59.58,62.76,64.88,57.92,98.1
20200221,60.98,63.88,60.75,61.88,61.85,0.03,0.0485,157717.07,979126.673,5.52,111.52,45.8,51.1,57.46,61.7,62.76,56.27,84.99
20200220,60.7,62.35,58.3,61.85,59.57,2.28,3.8274,167020.01,1017428.482,5.52,111.52,44.74,50.04,55.34,60.64,61.7,55.26,92.55
20200219,58.8,63.6,58.11,59.57,59.81,-0.24,-0.4013,192415.16,1168938.958,5.52,111.52,43.68,48.98,54.28,59.58,61.7,54.24,81.36
20200218,55.0,60.68,54.73,59.81,55.7,4.11,7.3788,195094.61,1122988.912,5.52,111.52,43.68,47.92,53.22,56.4,58.52,52.69,97.56
20200217,54.64,55.86,53.45,55.7,54.68,1.02,1.8654,137072.11,749425.218,5.52,111.52,42.62,47.92,52.16,55.34,56.4,51.53,80.01
20200214,54.9,57.75,53.4,54.68,54.76,-0.08,-0.1461,177258.15,989909.366,5.52,111.52,42.62,46.86,52.16,55.34,56.4,51.04,81.44
20200213,53.11,57.83,53.02,54.76,53.02,1.74,3.2818,155390.37,860702.148,5.52,111.52,42.62,45.8,51.1,54.28,55.34,50.16,90.63
20200212,50.02,53.48,49.95,53.02,50.95,2.07,4.0628,115203.29,598074.716,5.52,111.52,41.56,44.74,50.04,52.16,54.28,49.27,87.15
20200211,51.88,53.28,50.84,50.95,51.91,-0.96,-1.8494,97209.62,505551.712,5.52,111.52,41.56,43.68,50.04,52.16,54.28,48.99,56.47
20200210,52.03,53.88,51.3,51.91,52.57,-0.66,-1.2555,95616.12,501437.614,5.52,111.52,41.56,43.68,48.98,53.22,54.28,48.7,72.97
20200207,50.05,53.26,49.68,52.57,50.36,2.21,4.3884,114843.43,592556.984,5.52,111.52,41.56,43.68,48.98,52.16,54.28,48.33,85.25
20200206,48.06,50.36,47.63,50.36,48.91,1.45,2.9646,100940.88,498082.605,5.52,111.52,40.5,43.68,47.92,53.22,54.28,47.94,68.73
20200205,48.7,51.1,48.02,48.91,49.27,-0.36,-0.7307,117258.07,582293.626,5.52,111.52,40.5,42.62,47.92,53.22,54.28,47.85,56.64
20200204,42.76,49.45,42.76,49.27,47.47,1.8,3.7919,140300.35,665367.918,5.52,111.52,40.5,42.62,46.86,53.22,54.28,47.68,60.75
20200203,47.47,47.47,47.47,47.47,52.74,-5.27,-9.9924,10550.0,50080.85,5.52,111.52,39.44,42.62,47.92,53.22,55.34,47.93,48.2
20200123,53.98,56.68,51.81,52.74,55.71,-2.97,-5.3312,125568.15,680894.843,5.52,111.52,39.44,42.62,47.92,53.22,55.34,47.93,75.52
20200122,53.3,57.46,51.5,55.71,53.32,2.39,4.4824,124076.64,674352.709,5.52,111.52,39.44,42.62,46.86,53.22,54.28,47.04,95.74
20200121,52.77,54.2,51.51,53.32,52.81,0.51,0.9657,130874.85,692454.327,5.52,111.52,38.38,41.56,45.8,51.1,53.22,45.98,93.79
20200120,47.29,52.81,47.03,52.81,48.01,4.8,9.9979,122859.62,626466.367,5.52,111.52,38.38,41.56,44.74,47.92,50.04,44.89,98.95
20200117,48.5,49.48,47.44,48.01,48.79,-0.78,-1.5987,85044.59,411731.79,5.52,111.52,38.38,41.56,43.68,47.92,48.98,44.15,84.25
20200116,46.8,48.84,46.31,48.79,47.8,0.99,2.0711,129049.6,613308.105,5.52,111.52,38.38,40.5,43.68,46.86,47.92,43.72,98.21
20200115,44.9,49.0,44.6,47.8,45.01,2.79,6.1986,129846.94,605843.11,5.52,111.52,38.38,40.5,43.68,44.74,46.86,43.13,96.71
20200114,45.0,46.09,44.42,45.01,44.86,0.15,0.3344,86693.29,391873.74,5.52,111.52,37.32,40.5,42.62,44.74,44.74,42.62,79.81
20200113,43.13,44.86,42.63,44.86,42.93,1.93,4.4957,75622.05,333390.15,5.52,111.52,37.32,39.44,42.62,43.68,44.74,42.38,86.73
20200110,43.79,43.8,42.78,42.93,43.92,-0.99,-2.2541,46984.41,202993.357,5.52,111.52,37.32,39.44,42.62,43.68,44.74,42.28,63.94
20200109,44.17,44.65,43.41,43.92,44.11,-0.19,-0.4307,49576.71,217582.3,5.52,111.52,37.32,39.44,42.62,43.68,44.74,42.26,62.75
20200108,43.85,45.23,43.68,44.11,43.7,0.41,0.9382,77579.36,344278.66,5.52,111.52,37.32,39.44,42.62,43.68,44.74,42.18,85.33
20200107,43.85,45.37,43.47,43.7,42.8,0.9,2.1028,61635.15,271919.363,5.52,111.52,37.32,39.44,42.62,43.68,44.74,42.0,68.88
20200106,41.96,43.33,41.37,42.8,43.06,-0.26,-0.6038,47532.94,202351.767,5.52,111.52,37.32,39.44,41.56,43.68,44.74,41.84,51.65
20200103,44.2,44.3,42.81,43.06,43.9,-0.84,-1.9134,46712.41,202954.465,5.52,111.52,37.32,38.38,41.56,43.68,44.74,41.84,72.04
20200102,42.99,44.2,42.99,43.9,42.9,1.0,2.331,41973.87,183646.75,5.52,111.52,37.32,38.38,41.56,43.68,44.74,41.76,72.55
20191231,42.9,43.66,42.43,42.9,43.12,-0.22,-0.5102,35142.23,151100.292,5.52,111.52,37.32,38.38,41.56,43.68,44.74,41.68,55.89
20191230,43.4,44.09,41.81,43.12,43.65,-0.53,-1.2142,50657.4,217690.169,5.52,111.52,37.32,38.38,41.56,43.68,44.74,41.63,73.44
20191227,44.23,44.78,43.11,43.65,44.63,-0.98,-2.1958,69025.94,302439.06,5.52,111.52,37.32,38.38,41.56,43.68,44.74,41.57,73.58
20191226,44.29,45.28,44.01,44.63,44.3,0.33,0.7449,70515.6,314643.59,5.52,111.52,37.32,38.38,41.56,43.68,44.74,41.41,86.92
20191225,43.16,45.45,42.82,44.3,42.79,1.51,3.5289,102637.67,456578.034,5.52,111.52,37.32,38.38,41.56,43.68,44.74,41.16,90.49
20191224,40.91,42.8,40.91,42.79,40.85,1.94,4.7491,62937.15,265263.055,5.52,111.52,37.32,38.38,40.5,42.62,44.74,40.83,77.51
20191223,40.99,41.85,40.7,40.85,40.99,-0.14,-0.3415,30803.7,127236.464,5.52,111.52,37.32,38.38,40.5,42.62,44.74,40.76,55.22
20191220,42.04,42.3,40.95,40.99,42.12,-1.13,-2.6828,35431.44,147221.727,5.52,111.52,36.26,38.38,40.5,42.62,45.8,40.75,55.0
20191219,42.3,42.49,41.72,42.12,42.0,0.12,0.2857,32422.6,136520.868,5.52,111.52,36.26,38.38,40.5,42.62,45.8,40.72,75.56
20191218,42.86,43.2,41.88,42.0,42.79,-0.79,-1.8462,51715.47,219340.024,5.52,111.52,36.26,37.32,40.5,42.62,45.8,40.69,75.18
20191217,43.24,43.25,42.45,42.79,43.53,-0.74,-1.7,62989.36,269577.299,5.52,111.52,36.26,37.32,40.5,42.62,45.8,40.6,77.06
20191216,41.99,43.59,41.51,43.53,42.08,1.45,3.4458,74304.58,316242.695,5.52,111.52,36.26,37.32,39.44,42.62,45.8,40.46,86.27
20191213,41.9,42.5,41.21,42.08,42.0,0.08,0.1905,71249.98,298715.634,5.52,111.52,36.26,37.32,39.44,42.62,45.8,40.32,81.03
20191212,39.8,42.66,39.72,42.0,39.6,2.4,6.0606,88086.75,367608.097,5.52,111.52,36.26,37.32,39.44,43.68,45.8,40.19,80.56
20191211,40.18,40.8,39.39,39.6,40.01,-0.41,-1.0247,34390.0,137517.242,5.52,111.52,36.26,37.32,39.44,43.68,45.8,40.1,43.8
20191210,39.95,40.1,39.2,40.01,39.7,0.31,0.7809,29515.23,117292.424,5.52,111.52,36.26,37.32,39.44,43.68,45.8,40.11,66.06
20191209,39.66,40.25,39.37,39.7,39.46,0.24,0.6082,29685.31,118318.048,5.52,111.52,36.26,37.32,39.44,43.68,45.8,40.12,46.24
20191206,39.19,39.87,38.98,39.46,39.14,0.32,0.8176,33073.21,130319.63,5.52,111.52,36.26,37.32,39.44,43.68,45.8,40.13,47.36
20191205,39.21,39.53,38.88,39.14,39.13,0.01,0.0256,39168.79,153509.558,5.52,111.52,36.26,37.32,39.44,43.68,45.8,40.16,47.51
20191204,38.34,39.44,37.9,39.13,38.45,0.68,1.7685,39080.0,152446.833,5.52,111.52,36.26,37.32,39.44,43.68,46.86,40.22,46.34
20191203,37.88,38.59,37.74,38.45,38.13,0.32,0.8392,23901.0,91436.425,5.52,111.52,36.26,37.32,39.44,43.68,46.86,40.29,27.12
20191202,37.0,38.8,36.83,38.13,36.95,1.18,3.1935,34432.43,131048.769,5.52,111.52,36.26,37.32,39.44,43.68,46.86,40.35,25.88
20191129,36.79,37.09,36.6,36.95,36.69,0.26,0.7086,12602.66,46503.971,5.52,111.52,36.26,37.32,39.44,44.74,46.86,40.45,10.11
20191128,36.96,37.17,36.62,36.69,36.97,-0.28,-0.7574,12483.11,45988.013,5.52,111.52,36.26,37.32,39.44,44.74,46.86,40.49,9.22
20191127,36.43,37.08,36.11,36.97,36.43,0.54,1.4823,17368.5,63859.774,5.52,111.52,36.26,37.32,39.44,44.74,46.86,40.54,8.33
20191126,36.66,37.09,36.41,36.43,36.63,-0.2,-0.546,13482.0,49415.23,5.52,111.52,36.26,37.32,39.44,44.74,46.86,40.62,0.82
20191125,37.23,37.38,36.37,36.63,37.22,-0.59,-1.5852,16498.02,60461.445,5.52,111.52,36.26,37.32,39.44,44.74,46.86,40.68,5.65
20191122,37.99,38.42,36.91,37.22,37.8,-0.58,-1.5344,20528.02,77070.632,5.52,111.52,37.32,37.32,39.44,44.74,46.86,40.76,4.18
20191121,38.0,38.18,37.68,37.8,38.0,-0.2,-0.5263,11338.02,42919.918,5.52,111.52,37.32,37.32,39.44,44.74,46.86,40.84,16.69
20191120,38.7,38.75,37.89,38.0,38.54,-0.54,-1.4011,16812.75,64331.219,5.52,111.52,37.32,37.32,39.44,44.74,46.86,40.87,15.97
20191119,38.15,38.59,37.6,38.54,38.17,0.37,0.9693,20262.8,77530.525,5.52,111.52,37.32,37.32,39.44,44.74,46.86,40.92,15.45
20191118,37.8,38.45,37.63,38.17,37.81,0.36,0.9521,14484.8,55202.728,5.52,111.52,37.32,38.38,39.44,44.74,46.86,40.99,14.13
20191115,37.83,38.52,37.73,37.81,37.97,-0.16,-0.4214,20539.5,78358.046,5.52,111.52,37.32,38.38,39.44,44.74,46.86,41.04,13.17
20191114,37.39,38.18,37.11,37.97,37.31,0.66,1.769,23254.28,87816.905,5.52,111.52,37.32,38.38,40.5,44.74,46.86,41.11,11.78
20191113,37.06,37.57,36.62,37.31,37.07,0.24,0.6474,17782.74,66029.84,5.52,111.52,37.32,38.38,40.5,44.74,46.86,41.2,3.31
20191112,37.99,38.16,36.8,37.07,37.99,-0.92,-2.4217,25183.15,93677.645,5.52,111.52,37.32,38.38,40.5,44.74,46.86,41.29,1.92
20191111,39.0,39.0,37.79,37.99,39.44,-1.45,-3.6765,28312.11,108485.399,5.52,111.52,37.32,38.38,40.5,44.74,46.86,41.4,5.71
20191108,39.41,39.94,39.03,39.44,39.17,0.27,0.6893,24767.81,98108.012,5.52,111.52,38.38,38.38,40.5,44.74,46.86,41.5,21.58
20191107,38.84,39.39,38.84,39.17,39.02,0.15,0.3844,18331.0,71684.082,5.52,111.52,38.38,38.38,40.5,44.74,46.86,41.56,20.98
20191106,39.91,40.1,38.68,39.02,39.9,-0.88,-2.2055,29374.26,115448.166,5.52,111.52,38.38,38.38,40.5,44.74,46.86,41.62,19.91
20191105,40.1,40.3,39.46,39.9,39.93,-0.03,-0.0751,23864.66,95072.096,5.52,111.52,38.38,38.38,40.5,44.74,46.86,41.69,39.82
20191104,40.0,40.6,39.8,39.93,39.7,0.23,0.5793,28824.0,115804.969,5.52,111.52,38.38,38.38,40.5,44.74,46.86,41.74,38.59
20191101,39.19,39.92,39.19,39.7,39.62,0.08,0.2019,22917.35,90997.398,5.52,111.52,37.32,38.38,40.5,44.74,46.86,41.8,19.92
20191031,39.85,40.35,39.55,39.62,39.81,-0.19,-0.4773,29858.07,119279.102,5.52,111.52,37.32,38.38,40.5,44.74,46.86,41.86,20.1
20191030,39.15,40.37,38.6,39.81,39.07,0.74,1.894,37076.76,147637.984,5.52,111.52,37.32,38.38,41.56,44.74,46.86,41.93,34.5
20191029,40.1,40.1,39.06,39.07,40.18,-1.11,-2.7626,28928.93,114442.402,5.52,111.52,37.32,38.38,41.56,45.8,46.86,42.04,19.64
20191028,38.6,40.39,38.6,40.18,38.47,1.71,4.445,43327.6,172839.126,5.52,111.52,37.32,38.38,41.56,45.8,46.86,42.12,30.22
20191025,38.18,38.63,37.77,38.47,38.32,0.15,0.3914,18345.41,70060.912,5.52,111.52,37.32,38.38,41.56,45.8,46.86,42.26,5.65
20191024,38.85,39.16,38.1,38.32,38.88,-0.56,-1.4403,18707.39,71890.121,5.52,111.52,38.38,38.38,42.62,45.8,46.86,42.35,4.26
20191023,39.78,39.78,38.73,38.88,39.69,-0.81,-2.0408,17785.8,69825.308,5.52,111.52,38.38,39.44,42.62,45.8,46.86,42.45,14.76
20191022,39.58,39.83,39.3,39.69,39.42,0.27,0.6849,17958.99,71154.709,5.52,111.52,38.38,39.44,42.62,45.8,46.86,42.5,14.19
20191021,39.35,39.5,38.56,39.42,39.11,0.31,0.7926,17664.12,69142.625,5.52,111.52,38.38,39.44,42.62,45.8,46.86,42.57,13.62
20191018,38.94,39.47,38.42,39.11,38.7,0.41,1.0594,25183.23,98361.616,5.52,111.52,38.38,39.44,42.62,45.8,46.86,42.64,12.19
20191017,38.97,39.2,38.55,38.7,38.97,-0.27,-0.6928,19753.54,76785.757,5.52,111.52,38.38,39.44,42.62,45.8,46.86,42.76,10.11
20191016,39.54,39.66,38.78,38.97,39.3,-0.33,-0.8397,26480.16,103877.052,5.52,111.52,38.38,39.44,42.62,45.8,46.86,42.85,8.44
20191015,41.0,41.18,39.19,39.3,41.5,-2.2,-5.3012,49279.87,196622.943,5.52,111.52,38.38,40.5,42.62,45.8,46.86,42.96,6.5
20191014,41.05,41.71,41.05,41.5,40.8,0.7,1.7157,30401.26,126083.19,5.52,111.52,38.38,40.5,43.68,45.8,46.86,43.13,28.17
20191011,41.46,41.72,40.49,40.8,41.73,-0.93,-2.2286,34256.97,140469.624,5.52,111.52,38.38,40.5,43.68,45.8,46.86,43.2,26.6
20191010,41.8,41.8,41.3,41.73,41.65,0.08,0.1921,32980.55,137157.109,5.52,111.52,38.38,40.5,43.68,45.8,46.86,43.29,24.29
20191009,40.88,41.77,40.11,41.65,40.98,0.67,1.6349,34740.33,142686.167,5.52,111.52,38.38,40.5,43.68,45.8,46.86,43.38,22.44
20191008,42.13,42.89,40.7,40.98,42.28,-1.3,-3.0747,45631.34,190224.162,5.52,111.52,38.38,40.5,43.68,45.8,46.86,43.48,19.93
20190930,44.92,44.92,42.25,42.28,44.45,-2.17,-4.8819,59671.16,257914.87,5.52,111.52,38.38,40.5,43.68,45.8,46.86,43.61,24.65
20190927,44.67,45.49,44.27,44.45,44.31,0.14,0.316,65962.07,295923.076,5.52,111.52,38.38,40.5,43.68,45.8,47.92,43.64,56.46
20190926,46.39,47.3,44.1,44.31,46.33,-2.02,-4.36,82382.5,373963.851,5.52,111.52,38.38,40.5,43.68,46.86,47.92,43.58,57.47
20190925,46.99,47.93,45.83,46.33,46.76,-0.43,-0.9196,88616.63,414927.566,5.52,111.52,38.38,40.5,43.68,46.86,47.92,43.38,84.49
20190924,46.11,48.6,46.11,46.76,46.68,0.08,0.1714,118571.45,564944.291,5.52,111.52,37.32,39.44,43.68,45.8,47.92,43.07,86.87
20190923,45.5,46.8,44.88,46.68,45.65,1.03,2.2563,106737.21,490429.004,5.52,111.52,37.32,39.44,42.62,44.74,45.8,42.44,98.31
20190920,43.58,45.86,43.3,45.65,43.69,1.96,4.4862,109398.59,490150.607,5.52,111.52,37.32,39.44,42.62,43.68,44.74,42.08,97.64
20190919,42.38,44.77,42.13,43.69,42.19,1.5,3.5553,51311.78,223510.354,5.52,111.52,37.32,38.38,42.62,43.68,44.74,41.8,69.89
20190918,42.59,42.86,42.08,42.19,42.25,-0.06,-0.142,24773.27,105056.271,5.52,111.52,37.32,38.38,41.56,43.68,44.74,41.72,51.56
20190917,44.5,44.5,42.18,42.25,44.52,-2.27,-5.0988,50058.0,215476.626,5.52,111.52,37.32,38.38,41.56,43.68,44.74,41.71,50.95
20190916,43.8,44.98,43.4,44.52,43.62,0.9,2.0633,52590.92,233514.004,5.52,111.52,37.32,38.38,41.56,43.68,44.74,41.63,91.18
20190912,43.9,44.19,43.33,43.62,43.41,0.21,0.4838,34634.8,151461.223,5.52,111.52,37.32,38.38,41.56,43.68,44.74,41.49,73.48
20190911,44.12,44.47,43.09,43.41,44.12,-0.71,-1.6092,52351.65,228873.88,5.52,111.52,37.32,38.38,41.56,43.68,44.74,41.42,74.66
20190910,45.0,45.49,43.85,44.12,45.0,-0.88,-1.9556,67559.71,299807.943,5.52,111.52,37.32,38.38,41.56,43.68,44.74,41.3,91.32
20190909,43.53,45.22,43.2,45.0,43.48,1.52,3.4959,89572.42,397433.286,5.52,111.52,37.32,38.38,40.5,43.68,44.74,41.07,93.63
20190906,42.7,44.18,42.62,43.48,42.72,0.76,1.779,76332.34,332109.576,5.52,111.52,37.32,38.38,40.5,42.62,43.68,40.73,89.71
20190905,43.38,44.3,42.7,42.72,43.32,-0.6,-1.385,102146.81,445679.415,5.52,111.52,37.32,38.38,40.5,42.62,43.68,40.52,80.2
20190904,41.66,43.69,41.35,43.32,41.67,1.65,3.9597,95779.41,406283.338,5.52,111.52,37.32,38.38,40.5,41.56,42.62,40.19,95.95
20190903,41.23,41.98,40.92,41.67,41.24,0.43,1.0427,66245.03,274985.938,5.52,111.52,37.32,37.32,39.44,41.56,42.62,39.97,77.67
20190902,40.45,41.32,40.1,41.24,40.52,0.72,1.7769,44836.0,183326.455,5.52,111.52,37.32,37.32,39.44,41.56,42.62,39.86,80.3
20190830,40.4,41.48,40.15,40.52,40.12,0.4,0.997,57686.36,235756.305,5.52,111.52,37.32,37.32,39.44,41.56,42.62,39.82,57.71
20190829,40.11,40.57,39.65,40.12,39.94,0.18,0.4507,25175.86,101409.684,5.52,111.52,36.26,37.32,39.44,41.56,42.62,39.76,60.7
20190828,40.3,40.44,39.88,39.94,40.26,-0.32,-0.7948,21897.45,87828.99,5.52,111.52,36.26,37.32,39.44,41.56,42.62,39.76,59.98
20190827,40.2,40.88,40.12,40.26,40.08,0.18,0.4491,37567.51,152176.216,5.52,111.52,36.26,37.32,39.44,41.56,42.62,39.76,59.64
20190826,39.59,40.38,39.57,40.08,40.38,-0.3,-0.7429,27437.0,109743.048,5.52,111.52,36.26,37.32,39.44,41.56,42.62,39.73,60.33
20190823,40.68,41.18,40.11,40.38,41.0,-0.62,-1.5122,35240.03,142738.073,5.52,111.52,36.26,37.32,39.44,41.56,42.62,39.74,59.5
20190822,40.94,41.92,40.84,41.0,40.94,0.06,0.1466,48316.02,199134.842,5.52,111.52,36.26,37.32,39.44,41.56,43.68,39.72,76.64
20190821,41.16,41.68,40.55,40.94,41.28,-0.34,-0.8236,54287.27,222450.882,5.52,111.52,36.26,37.32,39.44,41.56,43.68,39.62,78.56
20190820,42.99,42.99,41.1,41.28,42.1,-0.82,-1.9477,102273.54,429672.476,5.52,111.52,36.26,37.32,38.38,41.56,43.68,39.54,78.03
20190819,39.0,42.1,38.8,42.1,38.27,3.83,10.0078,110007.04,451515.564,5.52,111.52,36.26,37.32,38.38,40.5,43.68,39.21,92.83
20190805,38.01,39.05,37.66,38.27,38.06,0.21,0.5518,30364.54,117033.736,5.52,111.52,36.26,37.32,38.38,40.5,43.68,39.0,32.12
20190802,37.35,38.5,37.18,38.06,38.16,-0.1,-0.2621,32441.42,123343.827,5.52,111.52,36.26,37.32,38.38,40.5,43.68,39.02,31.71
20190801,38.15,38.65,37.9,38.16,38.45,-0.29,-0.7542,22376.0,85502.036,5.52,111.52,36.26,37.32,38.38,40.5,43.68,39.07,29.59
20190731,38.98,39.15,38.32,38.45,38.97,-0.52,-1.3344,27562.62,106706.647,5.52,111.52,36.26,37.32,38.38,40.5,43.68,39.1,29.23
20190730,38.3,39.27,38.16,38.97,38.39,0.58,1.5108,34013.89,132041.594,5.52,111.52,36.26,37.32,38.38,40.5,43.68,39.11,63.79
20190729,38.42,39.15,38.2,38.39,38.42,-0.03,-0.0781,23188.62,89611.072,5.52,111.52,36.26,37.32,38.38,40.5,44.74,39.13,30.47
20190726,38.75,38.82,38.14,38.42,38.92,-0.5,-1.2847,26840.92,103035.222,5.52,111.52,36.26,37.32,38.38,40.5,44.74,39.14,30.95
20190725,38.65,39.48,38.55,38.92,39.08,-0.16,-0.4094,44513.0,173420.007,5.52,111.52,36.26,37.32,38.38,40.5,44.74,39.17,61.3
20190724,37.9,39.3,37.85,39.08,37.79,1.29,3.4136,55975.15,217154.692,5.52,111.52,36.26,37.32,38.38,40.5,44.74,39.2,59.98
20190723,37.3,38.78,37.01,37.79,37.71,0.08,0.2121,32779.49,124679.468,5.52,111.52,36.26,37.32,38.38,40.5,44.74,39.23,32.81
20190722,37.68,39.5,36.55,37.71,38.66,-0.95,-2.4573,56734.49,216072.777,5.52,111.52,36.26,37.32,38.38,40.5,44.74,39.29,31.68
20190719,37.68,38.86,37.68,38.66,37.8,0.86,2.2751,36785.93,140851.819,5.52,111.52,36.26,37.32,38.38,41.56,44.74,39.38,54.13
20190718,38.33,39.1,37.8,37.8,39.06,-1.26,-3.2258,42227.98,161778.285,5.52,111.52,36.26,37.32,38.38,41.56,44.74,39.43,28.99
20190717,40.0,41.93,39.02,39.06,38.39,0.67,1.7452,75115.98,299356.536,5.52,111.52,36.26,37.32,38.38,41.56,44.74,39.49,50.43
20190716,36.5,39.0,36.48,38.39,36.7,1.69,4.6049,55661.0,212419.0,5.52,111.52,36.26,37.32,38.38,41.56,44.74,39.41,30.87
20190715,35.81,37.1,34.8,36.7,36.7,0.0,0.0,24984.96,90278.922,5.52,111.52,36.26,37.32,38.38,41.56,44.74,39.53,12.72
20190712,36.3,36.94,36.12,36.7,36.28,0.42,1.1577,13184.5,48333.083,5.52,111.52,36.26,37.32,38.38,41.56,45.8,39.64,10.33
20190711,37.04,37.22,36.28,36.28,36.82,-0.54,-1.4666,14995.28,55095.216,5.52,111.52,36.26,37.32,39.44,41.56,45.8,39.68,1.98
20190710,37.27,37.74,36.6,36.82,36.78,0.04,0.1088,18349.52,68142.145,5.52,111.52,36.26,37.32,39.44,41.56,45.8,39.74,7.82
20190709,36.09,36.9,35.99,36.78,35.97,0.81,2.2519,18928.76,69170.16,5.52,111.52,36.26,37.32,39.44,41.56,45.8,39.79,7.07
20190708,37.89,37.95,35.8,35.97,37.84,-1.87,-4.9419,29618.57,108445.396,5.52,111.52,36.26,37.32,39.44,42.62,45.8,39.86,1.6
20190705,37.69,38.21,37.68,37.84,37.74,0.1,0.265,13118.0,49818.91,5.52,111.52,37.32,37.32,39.44,42.62,45.8,39.97,17.96
20190704,38.2,38.66,37.57,37.74,38.24,-0.5,-1.3075,21467.5,81259.047,5.52,111.52,37.32,37.32,39.44,42.62,45.8,40.0,17.1
20190703,38.85,38.85,38.05,38.24,38.98,-0.74,-1.8984,18911.86,72412.392,5.52,111.52,37.32,37.32,39.44,42.62,45.8,40.04,16.45
20190702,39.79,39.79,38.8,38.98,39.39,-0.41,-1.0409,24339.77,95229.309,5.52,111.52,37.32,37.32,39.44,42.62,45.8,40.08,41.68
20190701,38.68,39.67,38.66,39.39,37.92,1.47,3.8766,35325.4,138497.817,5.52,111.52,37.32,37.32,39.44,42.62,45.8,40.1,41.65
20190628,38.65,38.78,37.63,37.92,38.65,-0.73,-1.8887,16618.93,63081.159,5.52,111.52,37.32,37.32,39.44,42.62,45.8,40.15,16.98
20190627,38.48,38.99,38.37,38.65,38.34,0.31,0.8086,17176.02,66490.662,5.52,111.52,37.32,37.32,39.44,43.68,45.8,40.19,39.28
20190626,38.2,38.64,37.91,38.34,38.25,0.09,0.2353,12333.17,47341.351,5.52,111.52,37.32,37.32,39.44,43.68,45.8,40.22,16.56
20190625,39.18,39.18,37.75,38.25,39.07,-0.82,-2.0988,19244.07,73596.145,5.52,111.52,37.32,37.32,39.44,43.68,45.8,40.25,15.74
20190624,39.0,39.5,38.82,39.07,39.25,-0.18,-0.4586,17999.96,70440.836,5.52,111.52,37.32,37.32,39.44,43.68,45.8,40.3,36.25
20190621,39.5,39.84,38.9,39.25,38.89,0.36,0.9257,27936.35,110100.625,5.52,111.52,37.32,37.32,39.44,43.68,45.8,40.33,35.47
20190620,38.65,38.89,38.03,38.89,38.38,0.51,1.3288,23700.95,91428.833,5.52,111.52,37.32,37.32,39.44,43.68,45.8,40.37,35.21
20190619,38.99,39.15,38.3,38.38,37.88,0.5,1.32,25547.09,98876.929,5.52,111.52,37.32,37.32,39.44,43.68,45.8,40.42,15.18
20190618,37.6,37.98,37.15,37.88,37.6,0.28,0.7447,14050.03,52854.153,5.52,111.52,37.32,37.32,39.44,43.68,45.8,40.47,15.26
20190617,38.5,38.68,37.53,37.6,38.37,-0.77,-2.0068,21362.61,80937.434,5.52,111.52,37.32,38.38,39.44,43.68,45.8,40.52,14.1
20190614,39.8,40.27,38.02,38.37,39.91,-1.54,-3.8587,29322.52,114733.697,5.52,111.52,37.32,38.38,39.44,43.68,45.8,40.58,12.91
20190613,40.16,40.75,39.62,39.91,40.16,-0.25,-0.6225,27780.49,111267.311,5.52,111.52,37.32,38.38,39.44,43.68,45.8,40.64,53.18
20190612,38.61,41.3,38.61,40.16,38.85,1.31,3.3719,56054.78,225426.075,5.52,111.52,37.32,38.38,39.44,43.68,45.8,40.67,52.09
20190611,37.88,39.2,37.1,38.85,37.88,0.97,2.5607,28780.41,110729.458,5.52,111.52,37.32,38.38,39.44,43.68,45.8,40.74,28.81
20190610,37.7,38.31,37.6,37.88,37.5,0.38,1.0133,16839.04,64015.28,5.52,111.52,37.32,38.38,40.5,43.68,46.86,40.83,12.53
20190606,38.68,38.81,37.13,37.5,38.62,-1.12,-2.9001,27550.8,104656.074,5.52,111.52,37.32,38.38,40.5,43.68,46.86,40.9,4.76
20190605,39.8,39.8,38.68,38.68,39.12,-0.44,-1.1247,19748.56,77569.571,5.52,111.52,37.32,38.38,40.5,43.68,46.86,40.98,9.69
20190604,39.63,40.22,38.75,39.12,39.55,-0.43,-1.0872,29543.9,116569.954,5.52,111.52,37.32,38.38,40.5,43.68,46.86,41.02,22.46
20190603,40.9,41.2,39.28,39.55,40.88,-1.33,-3.2534,34061.1,136356.854,5.52,111.52,37.32,38.38,40.5,44.74,46.86,41.08,21.73
20190531,40.01,41.48,40.01,40.88,40.6,0.28,0.6897,48527.86,197983.098,5.52,111.52,36.26,38.38,40.5,44.74,46.86,41.13,61.69
20190530,42.0,42.03,39.5,40.6,41.33,-0.73,-1.7663,58351.26,237870.142,5.52,111.52,36.26,38.38,40.5,44.74,46.86,41.17,43.11
20190529,40.7,42.55,40.67,41.33,41.07,0.26,0.6331,68927.69,286738.395,5.52,111.52,36.26,38.38,40.5,44.74,46.86,41.22,58.39
20190528,41.18,41.99,40.6,41.07,41.5,-0.43,-1.0361,66509.45,273895.551,5.52,111.52,36.26,38.38,40.5,44.74,46.86,41.24,58.09
20190527,38.17,42.03,38.08,41.5,38.21,3.29,8.6103,88772.57,361156.245,5.52,111.52,36.26,38.38,40.5,44.74,46.86,41.25,57.76
20190524,39.48,39.93,38.0,38.21,40.5,-2.29,-5.6543,45325.0,176492.861,5.52,111.52,36.26,37.32,40.5,44.74,46.86,41.4,15.28
20190523,40.3,41.75,39.1,40.5,40.28,0.22,0.5462,66749.92,271413.727,5.52,111.52,36.26,37.32,40.5,44.74,46.86,41.53,45.13
20190522,39.7,40.8,39.52,40.28,39.9,0.38,0.9524,49808.43,200329.894,5.52,111.52,36.26,37.32,41.56,45.8,47.92,41.66,43.74
20190521,39.11,40.47,39.11,39.9,40.18,-0.28,-0.6969,42219.49,167653.53,5.52,111.52,36.26,37.32,42.62,45.8,47.92,41.77,41.16
20190520,40.0,40.86,38.81,40.18,38.31,1.87,4.8812,65813.06,263547.419,5.52,111.52,36.26,37.32,42.62,45.8,47.92,41.9,38.56
20190517,38.99,40.45,38.01,38.31,37.91,0.4,1.0551,55674.51,218629.973,5.52,111.52,36.26,37.32,42.62,45.8,47.92,42.06,20.25
20190516,37.89,38.1,37.46,37.91,37.89,0.02,0.0528,18174.51,68807.299,5.52,111.52,36.26,37.32,43.68,45.8,47.92,42.26,21.04
20190515,38.08,38.39,37.57,37.89,37.75,0.14,0.3709,18885.6,71569.626,5.52,111.52,36.26,37.32,43.68,45.8,47.92,42.37,19.66
20190514,38.3,38.95,37.75,37.75,38.75,-1.0,-2.5806,24629.38,94007.153,5.52,111.52,36.26,37.32,43.68,45.8,47.92,42.46,18.18
20190513,38.7,39.3,38.22,38.75,39.35,-0.6,-1.5248,29711.23,114933.838,5.52,111.52,35.2,37.32,43.68,45.8,47.92,42.58,24.58
20190510,37.73,40.07,36.15,39.35,36.99,2.36,6.3801,52370.0,200589.906,5.52,111.52,35.2,37.32,43.68,45.8,47.92,42.73,22.42
20190509,37.05,38.24,36.8,36.99,37.07,-0.08,-0.2158,27287.33,102392.53,5.52,111.52,35.2,37.32,43.68,45.8,47.92,43.04,10.4
20190508,35.0,38.31,34.51,37.07,35.62,1.45,4.0707,43941.5,162047.102,5.52,111.52,35.2,38.38,43.68,45.8,47.92,43.22,9.34
20190507,35.3,35.92,34.78,35.62,35.2,0.42,1.1932,20045.85,70976.33,5.52,111.52,36.26,40.5,43.68,45.8,47.92,43.57,4.39
20190506,37.7,37.73,34.64,35.2,38.49,-3.29,-8.5477,31116.01,111781.651,5.52,111.52,37.32,41.56,43.68,45.8,47.92,43.77,0.66
20190430,38.5,38.78,37.7,38.49,38.05,0.44,1.1564,19192.64,73482.74,5.52,111.52,38.38,41.56,43.68,45.8,47.92,44.04,2.74
20190429,40.9,41.45,37.9,38.05,41.01,-2.96,-7.2178,40775.41,159903.286,5.52,111.52,39.44,41.56,43.68,46.86,47.92,44.18,1.82
20190426,41.6,42.22,40.96,41.01,41.95,-0.94,-2.2408,24647.61,102708.089,5.52,111.52,40.5,42.62,43.68,46.86,47.92,44.41,5.64
20190425,43.01,43.43,41.8,41.95,43.8,-1.85,-4.2237,23701.35,101188.892,5.52,111.52,41.56,42.62,43.68,46.86,47.92,44.5,9.39
20190424,42.89,43.86,41.44,43.8,42.89,0.91,2.1217,38435.44,164341.991,5.52,111.52,41.56,42.62,44.74,46.86,47.92,44.56,20.2
20190423,43.5,43.8,42.88,42.89,43.5,-0.61,-1.4023,22723.44,98297.431,5.52,111.52,41.56,42.62,44.74,46.86,47.92,44.68,5.45
20190422,44.0,44.28,43.43,43.5,44.0,-0.5,-1.1364,22544.0,98723.681,5.52,111.52,41.56,43.68,44.74,46.86,47.92,44.73,14.93
20190419,43.88,44.23,43.51,44.0,43.88,0.12,0.2735,20836.07,91338.954,5.52,111.52,41.56,43.68,44.74,46.86,47.92,44.76,14.17
20190418,44.81,44.96,43.85,43.88,44.91,-1.03,-2.2935,29183.74,129316.049,5.52,111.52,41.56,43.68,44.74,46.86,47.92,44.79,13.45
20190417,45.16,45.85,44.78,44.91,45.15,-0.24,-0.5316,34964.91,158057.664,5.52,111.52,41.56,43.68,44.74,46.86,47.92,44.82,41.67
20190416,44.02,45.19,43.61,45.15,44.28,0.87,1.9648,35572.47,158208.021,5.52,111.52,41.56,43.68,44.74,46.86,47.92,44.82,64.07
20190415,44.61,45.12,44.2,44.28,44.21,0.07,0.1583,36012.07,161080.418,5.52,111.52,40.5,43.68,44.74,46.86,47.92,44.85,42.06
20190412,43.61,44.64,43.61,44.21,43.98,0.23,0.523,24336.79,107545.318,5.52,111.52,40.5,43.68,44.74,46.86,47.92,44.86,41.98
20190411,44.11,44.88,43.9,43.98,43.83,0.15,0.3422,35839.24,158995.244,5.52,111.52,40.5,43.68,44.74,46.86,48.98,44.89,14.86
20190410,43.2,44.35,43.13,43.83,44.13,-0.3,-0.6798,26291.94,114982.339,5.52,111.52,40.5,43.68,44.74,46.86,48.98,44.94,14.95
20190409,44.33,44.9,43.8,44.13,44.36,-0.23,-0.5185,36184.74,160127.637,5.52,111.52,40.5,43.68,44.74,46.86,48.98,44.98,37.1
20190408,46.44,46.87,44.0,44.36,46.31,-1.95,-4.2108,53555.17,242359.47,5.52,111.52,39.44,43.68,44.74,46.86,48.98,45.02,34.96
20190404,46.38,46.97,46.15,46.31,46.05,0.26,0.5646,47022.41,219009.239,5.52,111.52,39.44,43.68,44.74,46.86,48.98,45.04,73.81
20190403,46.0,46.24,45.61,46.05,46.37,-0.32,-0.6901,37508.61,172100.656,5.52,111.52,39.44,42.62,44.74,47.92,48.98,44.97,57.83
20190402,46.58,47.0,45.78,46.37,46.07,0.3,0.6512,63247.77,293246.713,5.52,111.52,39.44,42.62,44.74,47.92,48.98,44.95,72.94
20190401,45.03,46.34,45.0,46.07,44.98,1.09,2.4233,59963.27,275071.295,5.52,111.52,39.44,42.62,44.74,47.92,48.98,44.87,62.02
20190329,44.06,45.09,43.25,44.98,43.97,1.01,2.297,43082.57,191409.729,5.52,111.52,39.44,42.62,44.74,47.92,48.98,44.84,44.47
20190328,44.0,45.65,43.55,43.97,44.56,-0.59,-1.3241,48846.02,218373.019,5.52,111.52,39.44,42.62,44.74,47.92,48.98,44.88,19.33
20190327,44.2,44.96,42.7,44.56,44.03,0.53,1.2037,55302.01,243436.016,5.52,111.52,39.44,42.62,44.74,47.92,48.98,44.92,42.48
20190326,46.8,46.8,43.82,44.03,46.85,-2.82,-6.0192,76699.48,346974.753,5.52,111.52,38.38,42.62,44.74,47.92,48.98,45.02,39.22
20190325,48.99,48.99,46.76,46.85,44.66,2.19,4.9037,131466.89,627674.964,5.52,111.52,38.38,42.62,44.74,47.92,48.98,45.03,61.74
20190322,44.96,44.96,44.01,44.66,44.85,-0.19,-0.4236,31849.83,141701.653,5.52,111.52,38.38,42.62,44.74,47.92,48.98,44.63,47.28
20190321,43.98,45.4,43.61,44.85,43.98,0.87,1.9782,50990.71,228273.876,5.52,111.52,38.38,42.62,44.74,47.92,48.98,44.65,45.79
20190320,44.8,45.3,43.4,43.98,44.56,-0.58,-1.3016,35783.96,158280.526,5.52,111.52,38.38,41.56,44.74,47.92,48.98,44.69,25.07
20190319,44.56,45.98,44.28,44.56,44.27,0.29,0.6551,47788.46,215153.405,5.52,111.52,37.32,41.56,44.74,47.92,48.98,44.71,44.03
20190318,43.46,44.27,43.07,44.27,43.41,0.86,1.9811,38176.88,167193.216,5.52,111.52,37.32,41.56,44.74,47.92,48.98,44.71,44.05
20190315,44.0,44.43,43.01,43.41,43.79,-0.38,-0.8678,47993.29,209481.327,5.52,111.52,37.32,41.56,44.74,47.92,48.98,44.78,26.47
20190314,45.4,45.69,43.3,43.79,46.75,-2.96,-6.3316,73485.52,325301.095,5.52,111.52,37.32,40.5,44.74,47.92,48.98,44.86,25.46
20190313,49.0,49.41,46.11,46.75,49.44,-2.69,-5.4409,74583.81,358490.702,5.52,111.52,37.32,40.5,45.8,47.92,48.98,44.92,58.03
20190312,48.97,50.17,48.0,49.44,48.87,0.57,1.1664,98997.46,486440.308,5.52,111.52,37.32,39.44,44.74,47.92,48.98,44.7,96.25
20190311,50.55,51.0,47.08,48.87,48.7,0.17,0.3491,125449.62,610573.799,5.52,111.52,36.26,39.44,44.74,47.92,48.98,44.22,89.36
20190308,45.0,50.04,44.13,48.7,45.49,3.21,7.0565,200806.45,984068.117,5.52,111.52,36.26,39.44,43.68,46.86,48.98,43.55,94.58
20190307,45.5,46.31,44.85,45.49,45.65,-0.16,-0.3505,71237.08,324382.451,5.52,111.52,36.26,38.38,43.68,44.74,45.8,42.48,85.95
20190306,46.22,46.7,44.69,45.65,46.22,-0.57,-1.2332,85253.47,387069.83,5.52,111.52,36.26,38.38,42.62,44.74,45.8,42.23,88.08
20190305,43.7,46.66,43.16,46.22,43.75,2.47,5.6457,93545.44,420722.284,5.52,111.52,36.26,38.38,42.62,44.74,45.8,41.9,95.81
20190304,44.08,45.12,43.68,43.75,43.36,0.39,0.8994,71189.09,316353.735,5.52,111.52,36.26,37.32,41.56,44.74,45.8,41.59,66.25
20190301,43.85,44.29,42.72,43.36,43.75,-0.39,-0.8914,39454.62,170417.305,5.52,111.52,35.2,37.32,41.56,43.68,45.8,41.36,71.35
20190228,43.5,44.7,43.18,43.75,44.26,-0.51,-1.1523,48186.46,211270.84,5.52,111.52,35.2,37.32,41.56,44.74,45.8,41.27,71.78
20190227,42.87,45.57,42.86,44.26,43.15,1.11,2.5724,86088.98,380682.173,5.52,111.52,35.2,37.32,40.5,44.74,46.86,41.14,84.47
20190226,43.27,45.62,41.88,43.15,43.09,0.06,0.1392,93313.47,405345.301,5.52,111.52,35.2,37.32,40.5,43.68,46.86,40.84,78.31
20190225,41.59,43.8,41.04,43.09,40.62,2.47,6.0807,79779.4,337526.371,5.52,111.52,35.2,37.32,39.44,43.68,46.86,40.58,81.76
20190222,39.72,40.65,39.49,40.62,39.87,0.75,1.8811,43152.87,173207.373,5.52,111.52,35.2,36.26,39.44,44.74,46.86,40.5,57.69
20190221,39.58,40.88,39.02,39.87,39.49,0.38,0.9623,51669.89,207358.953,5.52,111.52,35.2,36.26,39.44,44.74,46.86,40.52,56.22
20190220,39.79,39.93,38.9,39.49,40.08,-0.59,-1.4721,31773.06,125226.562,5.52,111.52,35.2,36.26,39.44,44.74,46.86,40.54,39.48
20190219,41.05,41.1,39.7,40.08,40.89,-0.81,-1.9809,48608.65,195756.451,5.52,111.52,35.2,36.26,39.44,44.74,46.86,40.58,54.51
20190218,39.66,40.9,39.49,40.89,39.11,1.78,4.5513,54666.69,220430.992,5.52,111.52,35.2,36.26,39.44,44.74,46.86,40.6,62.23
20190215,39.62,39.98,39.05,39.11,39.54,-0.43,-1.0875,35418.09,139917.648,5.52,111.52,35.2,36.26,39.44,44.74,46.86,40.64,43.32
20190214,39.91,40.39,39.22,39.54,39.82,-0.28,-0.7032,47499.81,188738.467,5.52,111.52,35.2,36.26,39.44,45.8,46.86,40.68,43.33
20190213,38.36,40.71,38.05,39.82,37.92,1.9,5.0105,71847.72,286583.93,5.52,111.52,35.2,36.26,40.5,45.8,46.86,40.74,49.62
20190212,36.98,38.78,36.73,37.92,37.18,0.74,1.9903,45618.47,172418.75,5.52,111.52,34.14,36.26,40.5,45.8,46.86,40.88,38.52
20190211,36.43,37.6,35.9,37.18,35.6,1.58,4.4382,34775.22,127554.228,5.52,111.52,34.14,36.26,41.56,45.8,47.92,41.03,26.26
20190201,34.1,35.63,34.1,35.6,34.24,1.36,3.972,21351.79,75288.583,5.52,111.52,34.14,36.26,41.56,45.8,47.92,41.21,12.51
20190131,34.8,35.51,34.03,34.24,35.11,-0.87,-2.4779,25162.89,87128.519,5.52,111.52,35.2,36.26,41.56,45.8,47.92,41.36,0.69
20190130,35.47,35.74,35.06,35.11,35.35,-0.24,-0.6789,14000.03,49553.548,5.52,111.52,35.2,36.26,41.56,45.8,47.92,41.55,2.74
20190129,36.8,36.8,34.2,35.35,36.29,-0.94,-2.5902,29221.23,103249.7,5.52,111.52,35.2,36.26,41.56,45.8,47.92,41.65,2.08
20190128,37.42,37.81,36.25,36.29,37.2,-0.91,-2.4462,28178.59,104179.254,5.52,111.52,36.26,36.26,41.56,45.8,47.92,41.86,4.07
20190125,37.51,38.38,37.13,37.2,37.88,-0.68,-1.7951,34884.75,131935.953,5.52,111.52,36.26,37.32,41.56,45.8,47.92,42.02,14.14
20190124,36.55,38.99,36.55,37.88,36.55,1.33,3.6389,47896.45,181156.586,5.52,111.52,36.26,37.32,41.56,45.8,47.92,42.2,23.02
20190123,36.73,36.86,36.2,36.55,36.91,-0.36,-0.9753,13429.0,49116.478,5.52,111.52,36.26,37.32,42.62,45.8,47.92,42.44,14.54
20190122,37.05,37.55,36.71,36.91,37.32,-0.41,-1.0986,17898.83,66367.617,5.52,111.52,36.26,37.32,42.62,45.8,47.92,42.52,13.42
20190121,36.08,37.45,36.08,37.32,36.4,0.92,2.5275,27174.78,100434.764,5.52,111.52,36.26,37.32,42.62,45.8,47.92,42.64,12.16
20190118,36.98,36.99,35.8,36.4,36.61,-0.21,-0.5736,22222.13,80824.533,5.52,111.52,36.26,37.32,42.62,45.8,47.92,42.83,3.97
20190117,37.3,37.3,36.51,36.61,37.35,-0.74,-1.9813,18593.59,68514.519,5.52,111.52,36.26,38.38,42.62,45.8,47.92,42.99,7.64
20190116,36.94,37.86,36.71,37.35,37.11,0.24,0.6467,26280.79,98396.886,5.52,111.52,36.26,39.44,42.62,45.8,47.92,43.14,5.93
20190115,36.78,37.27,35.08,37.11,36.88,0.23,0.6236,36120.48,131285.233,5.52,111.52,37.32,40.5,42.62,46.86,47.92,43.32,4.77
20190114,39.66,39.66,36.86,36.88,40.96,-4.08,-9.9609,66106.01,249615.783,5.52,111.52,38.38,40.5,42.62,46.86,47.92,43.63,0.91
20190111,41.57,41.69,40.68,40.96,41.39,-0.43,-1.0389,19165.33,78775.914,5.52,111.52,40.5,41.56,43.68,46.86,48.98,44.07,14.97
20190110,41.7,42.21,41.35,41.39,41.85,-0.46,-1.0992,16890.91,70518.376,5.52,111.52,40.5,41.56,43.68,46.86,48.98,44.15,13.38
20190109,41.7,42.87,40.95,41.85,41.48,0.37,0.892,37469.23,157298.877,5.52,111.52,40.5,41.56,43.68,46.86,48.98,44.2,12.79
20190108,42.03,42.17,41.32,41.48,42.38,-0.9,-2.1236,21629.01,90156.311,5.52,111.52,40.5,41.56,43.68,46.86,48.98,44.31,12.8
20190107,41.19,43.55,40.05,42.38,40.82,1.56,3.8217,37303.94,157149.862,5.52,111.52,40.5,41.56,43.68,46.86,48.98,44.37,24.89
20190104,40.35,40.85,39.1,40.82,41.11,-0.29,-0.7054,36614.69,146729.662,5.52,111.52,40.5,41.56,43.68,46.86,50.04,44.48,11.33
20190103,41.82,42.08,40.86,41.11,41.81,-0.7,-1.6742,16594.11,68719.295,5.52,111.52,40.5,41.56,43.68,46.86,50.04,44.67,7.7
20190102,41.35,42.15,41.35,41.81,41.32,0.49,1.1859,15856.12,66340.636,5.52,111.52,40.5,41.56,43.68,46.86,50.04,44.74,7.01
20181228,41.28,41.64,40.73,41.32,41.03,0.29,0.7068,17875.16,73712.097,5.52,111.52,40.5,41.56,44.74,46.86,50.04,44.8,6.34
20181227,42.45,42.6,41.02,41.03,41.71,-0.68,-1.6303,26483.74,110736.267,5.52,111.52,41.56,41.56,44.74,46.86,50.04,44.87,4.68
20181226,43.52,43.7,41.71,41.71,43.66,-1.95,-4.4663,34106.28,145242.902,5.52,111.52,41.56,42.62,44.74,46.86,51.1,44.97,3.47
20181225,43.5,43.92,42.06,43.66,44.16,-0.5,-1.1322,30037.02,129386.776,5.52,111.52,41.56,42.62,44.74,46.86,51.1,45.08,27.27
20181224,43.2,44.24,43.19,44.16,43.5,0.66,1.5172,25022.75,110037.614,5.52,111.52,41.56,42.62,44.74,46.86,51.1,45.16,43.04
20181221,42.89,43.56,42.89,43.5,43.28,0.22,0.5083,19407.45,84026.206,5.52,111.52,41.56,42.62,44.74,46.86,51.1,45.21,24.63
20181220,42.85,43.6,42.78,43.28,42.95,0.33,0.7683,21780.05,94090.96,5.52,111.52,41.56,42.62,44.74,46.86,51.1,45.26,23.23
20181219,44.27,44.84,42.9,42.95,44.35,-1.4,-3.1567,27954.04,121778.761,5.52,111.52,41.56,42.62,44.74,46.86,51.1,45.32,10.8
20181218,44.63,45.07,43.92,44.35,44.7,-0.35,-0.783,23329.13,103699.344,5.52,111.52,41.56,42.62,44.74,46.86,51.1,45.39,36.97
20181217,44.8,45.25,44.0,44.7,44.8,-0.1,-0.2232,21014.48,93791.172,5.52,111.52,41.56,42.62,44.74,46.86,52.16,45.43,35.63
20181214,46.39,46.64,44.74,44.8,46.2,-1.4,-3.0303,33651.18,153163.994,5.52,111.52,41.56,42.62,44.74,46.86,52.16,45.45,35.0
20181213,46.3,46.92,45.35,46.2,46.46,-0.26,-0.5596,40035.82,185064.323,5.52,111.52,41.56,42.62,44.74,46.86,52.16,45.46,71.78
20181212,46.85,47.78,46.22,46.46,46.29,0.17,0.3672,41981.65,196511.284,5.52,111.52,41.56,42.62,44.74,46.86,52.16,45.43,71.07
20181211,47.26,47.9,46.1,46.29,46.93,-0.64,-1.3637,43174.14,202610.008,5.52,111.52,41.56,42.62,44.74,46.86,52.16,45.37,72.48
20181210,46.4,47.88,46.08,46.93,46.92,0.01,0.0213,36200.03,170988.624,5.52,111.52,41.56,42.62,44.74,46.86,52.16,45.31,73.03
20181207,46.66,48.14,46.66,46.92,46.9,0.02,0.0426,45796.54,217649.79,5.52,111.52,41.56,42.62,44.74,46.86,52.16,45.25,74.58
20181206,46.55,48.5,46.0,46.9,47.17,-0.27,-0.5724,55332.99,262816.415,5.52,111.52,41.56,41.56,44.74,46.86,52.16,45.14,77.99
20181205,45.26,49.5,45.0,47.17,46.0,1.17,2.5435,71106.73,336085.131,5.52,111.52,40.5,41.56,44.74,46.86,52.16,45.01,81.35
20181204,46.5,47.37,45.76,46.0,46.5,-0.5,-1.0753,51786.63,240587.469,5.52,111.52,40.5,41.56,43.68,45.8,53.22,44.82,71.69
20181203,46.15,46.86,45.33,46.5,44.52,1.98,4.4474,65255.32,300532.859,5.52,111.52,40.5,41.56,43.68,45.8,53.22,44.72,86.99
20181130,43.0,44.71,42.88,44.52,43.58,0.94,2.157,36356.43,160186.364,5.52,111.52,40.5,41.56,43.68,45.8,53.22,44.67,60.87
20181129,43.2,45.88,43.2,43.58,42.43,1.15,2.7103,57842.85,257674.123,5.52,111.52,40.5,41.56,43.68,45.8,53.22,44.71,36.46
20181128,41.84,42.71,41.52,42.43,41.94,0.49,1.1683,19522.99,82400.384,5.52,111.52,40.5,41.56,43.68,46.86,53.22,44.74,21.98
20181127,42.68,42.8,41.85,41.94,42.08,-0.14,-0.3327,14420.01,60939.149,5.52,111.52,40.5,41.56,43.68,46.86,53.22,44.8,20.52
20181126,42.0,42.45,41.51,42.08,42.01,0.07,0.1666,15086.0,63393.245,5.52,111.52,40.5,41.56,43.68,46.86,53.22,44.85,19.42
20181123,43.89,43.96,41.93,42.01,43.79,-1.78,-4.0649,30326.14,129716.106,5.52,111.52,40.5,41.56,43.68,46.86,53.22,44.9,18.24
20181122,44.79,44.87,43.68,43.79,44.38,-0.59,-1.3294,20467.2,90420.631,5.52,111.52,40.5,41.56,43.68,46.86,53.22,44.99,32.89
20181121,43.9,44.67,43.5,44.38,44.54,-0.16,-0.3592,23405.24,103041.086,5.52,111.52,40.5,41.56,43.68,46.86,53.22,45.02,54.95
20181120,45.47,46.45,44.51,44.54,45.86,-1.32,-2.8783,38023.3,172336.617,5.52,111.52,40.5,41.56,43.68,46.86,53.22,45.04,54.1
20181119,46.51,46.58,45.53,45.86,46.9,-1.04,-2.2175,39215.21,179883.713,5.52,111.52,40.5,41.56,43.68,46.86,54.28,45.02,73.15
20181116,44.8,47.0,44.61,46.9,44.81,2.09,4.6641,74132.4,340211.877,5.52,111.52,40.5,41.56,43.68,47.92,54.28,44.99,81.98
20181115,44.0,44.98,43.7,44.81,44.39,0.42,0.9462,46426.74,206488.024,5.52,111.52,40.5,41.56,43.68,50.04,54.28,44.98,63.37
20181114,43.72,45.15,43.52,44.39,43.73,0.66,1.5093,51846.72,229920.375,5.52,111.52,40.5,41.56,43.68,51.1,54.28,45.03,62.1
20181113,43.16,43.99,42.5,43.73,43.46,0.27,0.6213,45627.36,197178.368,5.52,111.52,40.5,41.56,43.68,51.1,54.28,45.08,44.16
20181112,42.4,43.58,42.35,43.46,42.33,1.13,2.6695,27390.97,118076.054,5.52,111.52,40.5,41.56,43.68,51.1,54.28,45.2,41.86
20181109,42.6,43.14,42.26,42.33,42.62,-0.29,-0.6804,18490.04,78984.011,5.52,111.52,40.5,41.56,43.68,51.1,55.34,45.27,25.37
20181108,44.47,44.5,42.62,42.62,43.8,-1.18,-2.6941,25808.03,112045.32,5.52,111.52,40.5,41.56,43.68,51.1,55.34,45.32,24.99
20181107,43.57,44.74,43.52,43.8,43.6,0.2,0.4587,32962.03,145395.18,5.52,111.52,40.5,41.56,43.68,51.1,55.34,45.38,38.66
20181106,43.3,43.82,42.81,43.6,43.76,-0.16,-0.3656,23647.22,102262.272,5.52,111.52,40.5,41.56,43.68,52.16,55.34,45.43,39.69
20181105,44.3,45.19,43.2,43.76,43.98,-0.22,-0.5002,40532.59,179211.538,5.52,111.52,40.5,41.56,43.68,52.16,55.34,45.5,38.41
20181102,43.2,44.3,42.85,43.98,42.24,1.74,4.1193,46572.58,202473.391,5.52,111.52,40.5,41.56,43.68,52.16,55.34,45.55,39.85
20181101,42.52,43.3,42.12,42.24,41.96,0.28,0.6673,34482.26,147025.962,5.52,111.52,40.5,41.56,43.68,52.16,55.34,45.68,29.27
20181031,41.38,42.4,41.2,41.96,41.16,0.8,1.9436,25399.14,106316.844,5.52,111.52,40.5,41.56,43.68,52.16,56.4,45.8,28.7
20181030,41.3,41.85,39.87,41.16,41.39,-0.23,-0.5557,26305.17,107356.591,5.52,111.52,40.5,41.56,44.74,52.16,56.4,45.93,13.09
20181029,41.0,42.4,41.0,41.39,41.72,-0.33,-0.791,17492.0,72939.782,5.52,111.52,40.5,41.56,44.74,52.16,56.4,46.08,10.83
20181026,42.98,43.35,41.62,41.72,42.29,-0.57,-1.3478,24530.36,103986.641,5.52,111.52,40.5,41.56,44.74,52.16,56.4,46.17,10.16
20181025,42.12,42.77,40.8,42.29,44.31,-2.02,-4.5588,35694.44,149833.673,5.52,111.52,40.5,41.56,44.74,52.16,56.4,46.28,22.1
20181024,45.0,45.48,44.02,44.31,44.9,-0.59,-1.314,31548.67,140734.765,5.52,111.52,40.5,41.56,44.74,52.16,56.4,46.48,42.42
20181023,45.3,46.13,44.25,44.9,45.3,-0.4,-0.883,40418.29,182435.453,5.52,111.52,40.5,41.56,44.74,52.16,56.4,46.54,42.38
20181022,43.2,46.3,43.0,45.3,42.78,2.52,5.8906,50353.13,224777.144,5.52,111.52,40.5,41.56,44.74,52.16,56.4,46.61,54.52
20181019,40.8,42.88,40.57,42.78,41.57,1.21,2.9108,41503.85,175009.752,5.52,111.52,40.5,41.56,44.74,53.22,57.46,46.75,22.11
20181018,41.38,42.39,40.68,41.57,41.83,-0.26,-0.6216,34248.36,142697.181,5.52,111.52,40.5,41.56,44.74,53.22,57.46,46.99,9.07
20181017,41.3,42.0,39.4,41.83,40.86,0.97,2.374,41236.15,169258.0,5.52,111.52,40.5,41.56,45.8,53.22,57.46,47.24,6.93
20181016,42.45,42.97,40.81,40.86,42.2,-1.34,-3.1754,28940.79,120443.738,5.52,111.52,41.56,42.62,45.8,53.22,57.46,47.55,3.77
20181015,41.71,43.23,41.6,42.2,42.22,-0.02,-0.0474,22486.99,95924.166,5.52,111.52,41.56,42.62,45.8,53.22,57.46,47.74,9.55
20181012,41.45,43.35,40.7,42.22,41.45,0.77,1.8577,35524.78,149752.192,5.52,111.52,41.56,42.62,45.8,53.22,57.46,47.89,8.17
20181011,42.0,44.0,40.71,41.45,45.14,-3.69,-8.1746,36907.11,156948.846,5.52,111.52,41.56,43.68,45.8,53.22,57.46,48.13,1.64
20181010,44.5,45.58,43.56,45.14,44.52,0.62,1.3926,27850.83,125087.554,5.52,111.52,42.62,43.68,46.86,53.22,57.46,48.41,38.13
20181009,44.02,44.96,43.9,44.52,43.9,0.62,1.4123,19784.77,87973.447,5.52,111.52,42.62,43.68,46.86,53.22,57.46,48.54,24.58
20181008,44.83,45.48,43.9,43.9,46.68,-2.78,-5.9554,29767.05,133412.275,5.52,111.52,42.62,43.68,46.86,53.22,57.46,48.64,8.42
20180928,45.95,46.86,45.31,46.68,46.33,0.35,0.7555,31966.75,147934.546,5.52,111.52,42.62,43.68,46.86,53.22,57.46,48.8,44.4
20180927,46.1,47.47,45.7,46.33,46.37,-0.04,-0.0863,46272.67,216230.781,5.52,111.52,42.62,43.68,46.86,53.22,57.46,48.89,42.82
20180926,45.17,47.7,44.5,46.37,45.16,1.21,2.6794,47627.14,219181.455,5.52,111.52,42.62,43.68,48.98,54.28,57.46,49.04,41.76
20180925,44.71,45.75,44.41,45.16,44.52,0.64,1.4376,30826.79,139346.858,5.52,111.52,42.62,43.68,50.04,54.28,57.46,49.23,34.19
20180921,44.03,44.58,43.23,44.52,43.9,0.62,1.4123,29059.42,128075.91,5.52,111.52,42.62,43.68,50.04,54.28,57.46,49.39,25.32
20180920,44.38,44.99,43.82,43.9,44.8,-0.9,-2.0089,27712.76,122897.081,5.52,111.52,42.62,43.68,51.1,54.28,57.46,49.57,9.98
20180919,43.0,45.58,42.9,44.8,43.16,1.64,3.7998,49936.93,223426.815,5.52,111.52,42.62,43.68,51.1,54.28,58.52,49.75,21.18
20180918,42.41,43.3,42.18,43.16,42.43,0.73,1.7205,25643.03,110068.397,5.52,111.52,42.62,43.68,51.1,54.28,58.52,50.12,8.78
20180917,42.6,43.16,41.34,42.43,44.31,-1.88,-4.2428,26960.78,114692.639,5.52,111.52,42.62,43.68,51.1,54.28,58.52,50.34,2.36
20180914,44.77,45.18,44.1,44.31,44.16,0.15,0.3397,35471.5,158144.57,5.52,111.52,43.68,44.74,51.1,54.28,58.52,50.59,13.09
20180913,44.7,44.99,43.26,44.16,44.06,0.1,0.227,28096.83,123911.887,5.52,111.52,43.68,44.74,51.1,55.34,58.52,50.84,11.81
20180912,43.6,44.85,43.48,44.06,43.62,0.44,1.0087,27644.57,122160.046,5.52,111.52,43.68,45.8,52.16,55.34,58.52,51.08,9.35
20180911,43.88,44.25,43.0,43.62,43.72,-0.1,-0.2287,23182.14,101159.119,5.52,111.52,43.68,45.8,52.16,55.34,58.52,51.31,2.98
20180910,46.01,46.09,42.8,43.72,46.06,-2.34,-5.0803,48679.0,215097.916,5.52,111.52,44.74,46.86,52.16,55.34,58.52,51.51,1.88
20180907,47.0,48.1,45.01,46.06,47.49,-1.43,-3.0112,41296.95,192447.923,5.52,111.52,45.8,46.86,52.16,55.34,58.52,51.96,2.78
20180906,46.12,48.22,45.8,47.49,46.38,1.11,2.3933,42829.01,203184.329,5.52,111.52,45.8,47.92,52.16,55.34,58.52,52.25,14.31
20180905,47.3,47.89,46.28,46.38,47.66,-1.28,-2.6857,28129.71,132755.776,5.52,111.52,46.86,48.98,52.16,56.4,58.52,52.54,4.83
20180904,47.21,47.95,46.56,47.66,47.43,0.23,0.4849,32388.71,153432.852,5.52,111.52,46.86,50.04,52.16,56.4,58.52,52.74,7.67
20180903,49.19,49.7,44.26,47.43,49.18,-1.75,-3.5584,51270.4,239639.757,5.52,111.52,47.92,50.04,52.16,56.4,58.52,52.95,4.65
20180831,51.63,51.87,49.0,49.18,51.63,-2.45,-4.7453,55241.17,278207.624,5.52,111.52,50.04,51.1,52.16,56.4,58.52,53.34,0.82
20180830,51.93,52.84,51.6,51.63,51.92,-0.29,-0.5586,27076.43,140990.807,5.52,111.52,50.04,51.1,52.16,56.4,58.52,53.58,24.36
20180829,53.2,53.23,51.9,51.92,53.37,-1.45,-2.7169,36358.18,190474.361,5.52,111.52,50.04,51.1,53.22,57.46,58.52,53.63,23.75
20180828,53.5,53.93,53.05,53.37,53.42,-0.05,-0.0936,35586.18,190102.889,5.52,111.52,50.04,51.1,53.22,57.46,58.52,53.69,47.38
20180827,52.18,54.0,52.03,53.42,51.92,1.5,2.8891,52314.45,278258.449,5.52,111.52,50.04,51.1,53.22,57.46,58.52,53.71,47.5
20180824,52.44,52.59,51.65,51.92,52.51,-0.59,-1.1236,24228.53,126159.38,5.52,111.52,50.04,51.1,53.22,57.46,58.52,53.78,24.56
20180823,51.38,53.59,51.38,52.51,51.49,1.02,1.981,40021.19,210958.229,5.52,111.52,50.04,51.1,53.22,57.46,59.58,53.82,24.14
20180822,53.0,53.0,51.35,51.49,53.0,-1.51,-2.8491,34833.5,181543.684,5.52,111.52,50.04,51.1,53.22,57.46,59.58,53.88,7.98
20180821,53.0,53.5,52.5,53.0,52.58,0.42,0.7988,46687.81,247719.467,5.52,111.52,50.04,51.1,53.22,57.46,59.58,53.96,42.43
20180820,51.18,52.66,50.51,52.58,50.6,1.98,3.913,46807.47,242834.864,5.52,111.52,50.04,51.1,53.22,57.46,59.58,54.03,40.47
20180817,52.76,52.97,50.31,50.6,51.94,-1.34,-2.5799,43680.26,224410.473,5.52,111.52,50.04,51.1,53.22,57.46,59.58,54.14,8.27
20180816,52.08,53.82,51.43,51.94,53.04,-1.1,-2.0739,36750.6,193388.841,5.52,111.52,50.04,51.1,53.22,57.46,59.58,54.28,18.65
20180815,54.38,54.7,53.03,53.04,54.0,-0.96,-1.7778,41148.42,221377.605,5.52,111.52,50.04,51.1,53.22,57.46,59.58,54.35,34.43
20180814,55.03,55.47,53.62,54.0,55.75,-1.75,-3.139,53928.0,293547.405,5.52,111.52,50.04,51.1,53.22,57.46,59.58,54.39,51.79
20180813,53.55,55.87,53.55,55.75,54.58,1.17,2.1436,72263.47,395577.02,5.52,111.52,50.04,51.1,53.22,57.46,59.58,54.44,63.45
20180810,53.5,54.82,52.88,54.58,53.59,0.99,1.8474,74728.94,403431.638,5.52,111.52,50.04,51.1,53.22,57.46,59.58,54.43,52.84
20180809,50.25,54.5,50.25,53.59,50.81,2.78,5.4714,85313.45,454577.809,5.52,111.52,50.04,51.1,53.22,58.52,59.58,54.5,41.07
20180808,53.13,53.88,50.79,50.81,53.4,-2.59,-4.8502,52530.5,273199.338,5.52,111.52,50.04,51.1,54.28,58.52,59.58,54.71,7.76
20180807,52.7,53.48,52.0,53.4,52.48,0.92,1.753,57939.82,307704.207,5.52,111.52,50.04,51.1,54.28,58.52,60.64,54.85,35.96
20180806,50.5,52.75,50.0,52.48,51.65,0.83,1.607,47163.67,244035.525,5.52,111.52,50.04,51.1,54.28,58.52,60.64,55.01,20.29
20180803,53.0,53.52,51.63,51.65,53.84,-2.19,-4.0676,54647.14,286921.041,5.52,111.52,50.04,51.1,54.28,58.52,60.64,55.17,18.02
20180802,50.6,54.5,49.79,53.84,51.02,2.82,5.5272,90215.14,474912.424,5.52,111.52,50.04,51.1,55.34,58.52,60.64,55.36,37.61
20180801,50.2,52.33,50.2,51.02,50.6,0.42,0.83,38859.77,200239.231,5.52,111.52,50.04,52.16,55.34,58.52,61.7,55.66,7.02
20180731,50.6,51.3,50.11,50.6,50.6,0.0,0.0,19313.61,97805.18,5.52,111.52,50.04,52.16,55.34,58.52,62.76,55.84,5.91
20180730,52.2,52.53,49.94,50.6,51.88,-1.28,-2.4672,30924.46,157411.57,5.52,111.52,51.1,52.16,56.4,58.52,62.76,55.95,4.48
20180727,50.96,52.69,50.9,51.88,51.93,-0.05,-0.0963,27202.22,141447.384,5.52,111.52,51.1,52.16,56.4,58.52,62.76,56.11,7.73
20180726,54.3,54.39,51.81,51.93,54.47,-2.54,-4.6631,51162.02,269944.539,5.52,111.52,51.1,53.22,56.4,58.52,62.76,56.22,6.36
20180725,53.99,55.73,53.8,54.47,54.42,0.05,0.0919,49727.66,273465.662,5.52,111.52,51.1,53.22,56.4,58.52,63.82,56.38,21.44
20180724,55.5,55.5,53.57,54.42,54.73,-0.31,-0.5664,39194.84,213638.74,5.52,111.52,51.1,53.22,56.4,58.52,63.82,56.48,21.84
20180723,53.85,55.89,53.52,54.73,53.88,0.85,1.5776,43924.24,240761.643,5.52,111.52,51.1,53.22,56.4,58.52,64.88,56.59,29.77
20180720,53.6,54.38,52.5,53.88,53.38,0.5,0.9367,38614.03,206876.314,5.52,111.52,51.1,53.22,56.4,58.52,64.88,56.68,20.02
20180719,55.61,56.39,52.79,53.38,56.03,-2.65,-4.73,64976.59,351727.123,5.52,111.52,51.1,53.22,57.46,58.52,64.88,56.83,11.17
20180718,57.62,58.95,55.93,56.03,58.25,-2.22,-3.81,54543.23,313655.92,5.52,111.52,51.1,53.22,57.46,59.58,64.88,57.0,30.81
20180717,57.65,59.07,57.22,58.25,57.78,0.47,0.81,46187.97,268737.47,5.52,111.52,51.1,53.22,57.46,59.58,65.94,57.02,67.63
20180716,58.91,59.0,57.17,57.78,58.66,-0.88,-1.5,50804.15,295501.996,5.52,111.52,51.1,53.22,57.46,59.58,65.94,56.98,46.05
20180713,58.15,59.3,57.4,58.66,58.56,0.1,0.17,59349.96,346920.362,5.52,111.52,51.1,53.22,57.46,59.58,65.94,56.94,68.12
20180712,56.99,60.0,56.5,58.56,56.42,2.14,3.79,83960.28,492117.827,5.52,111.52,51.1,53.22,56.4,59.58,65.94,56.89,68.44
20180711,57.0,57.88,54.3,56.42,58.7,-2.28,-3.88,71258.46,402433.573,5.52,111.52,51.1,53.22,56.4,59.58,65.94,56.86,39.46
20180710,58.55,59.35,57.38,58.7,58.21,0.49,0.84,58702.68,343022.051,5.52,111.52,51.1,52.16,57.46,59.58,65.94,56.97,65.98
20180709,57.2,58.88,56.61,58.21,57.01,1.2,2.1,58600.03,339439.174,5.52,111.52,51.1,52.16,56.4,59.58,67.0,56.92,66.17
20180706,57.44,60.5,56.82,57.01,57.2,-0.19,-0.33,92132.76,541729.957,5.52,111.52,51.1,52.16,56.4,59.58,67.0,56.91,51.6
20180705,58.83,59.98,56.55,57.2,60.07,-2.87,-4.78,79569.72,463129.855,5.52,111.52,50.04,52.16,56.4,59.58,67.0,56.84,54.19
20180704,58.9,61.55,58.21,60.07,59.73,0.34,0.57,110024.39,656748.786,5.52,111.52,50.04,52.16,56.4,60.64,67.0,56.81,84.02
20180703,54.96,60.46,54.5,59.73,54.96,4.77,8.68,114190.74,662000.363,5.52,111.52,50.04,52.16,55.34,60.64,68.06,56.56,78.8
20180702,55.0,56.5,54.04,54.96,55.13,-0.17,-0.31,74236.0,410139.891,5.52,111.52,50.04,51.1,55.34,61.7,68.06,56.49,45.25
20180629,51.6,55.77,51.2,55.13,50.7,4.43,8.74,91105.5,489669.508,5.52,111.52,50.04,51.1,55.34,62.76,68.06,56.63,44.04
20180628,51.68,53.34,50.51,50.7,52.3,-1.6,-3.06,46366.2,241869.381,5.52,111.52,50.04,51.1,56.4,63.82,68.06,56.98,7.99
20180627,51.3,53.8,51.3,52.3,51.99,0.31,0.6,70781.96,373356.254,5.52,111.52,50.04,51.1,56.4,64.88,69.12,57.22,15.29
20180626,49.5,52.77,49.0,51.99,50.82,1.17,2.3,56629.5,292919.752,5.52,111.52,50.04,52.16,56.4,64.88,69.12,57.55,14.4
20180625,51.3,52.52,49.5,50.82,50.86,-0.04,-0.08,53511.97,274746.555,5.52,111.52,50.04,52.16,56.4,64.88,69.12,57.93,6.47
20180622,53.02,53.02,50.01,50.86,54.42,-3.56,-6.54,73563.44,378399.945,5.52,111.52,51.1,53.22,57.46,65.94,69.12,58.29,3.65
20180621,56.11,58.6,54.42,54.42,60.47,-6.05,-10.01,98264.98,553340.843,5.52,111.52,53.22,54.28,57.46,65.94,69.12,58.83,10.38
20180620,56.1,61.8,56.1,60.47,56.55,3.92,6.93,92956.89,546976.046,5.52,111.52,52.16,54.28,57.46,65.94,69.12,59.13,71.04
20180619,55.0,59.5,53.33,56.55,58.3,-1.75,-3.0,85027.87,482536.784,5.52,111.52,52.16,54.28,57.46,65.94,69.12,59.22,33.6
20180615,53.88,58.73,53.88,58.3,53.39,4.91,9.2,101192.47,572493.466,5.52,111.52,52.16,54.28,58.52,67.0,70.18,59.52,48.96
20180614,52.01,54.99,52.01,53.39,54.1,-0.71,-1.31,38119.07,205013.29,5.52,111.52,52.16,54.28,59.58,67.0,70.18,60.42,7.26
20180613,53.66,56.09,52.13,54.1,53.69,0.41,0.76,44184.35,242079.04,5.52,111.52,52.16,55.34,59.58,68.06,70.18,60.96,9.89
20180612,54.68,55.9,51.4,53.69,55.55,-1.86,-3.35,48913.44,261858.222,5.52,111.52,53.22,56.4,59.58,68.06,71.24,61.59,7.07
20180611,57.59,57.8,55.11,55.55,57.89,-2.34,-4.04,33225.28,187293.575,5.52,111.52,56.4,57.46,60.64,68.06,71.24,62.46,0.97
20180608,59.99,59.99,56.03,57.89,59.63,-1.74,-2.92,30194.51,174406.634,5.52,111.52,56.4,58.52,61.7,68.06,71.24,62.9,5.25
20180607,59.88,60.54,59.41,59.63,59.56,0.07,0.12,25446.14,152477.642,5.52,111.52,57.46,58.52,62.76,68.06,71.24,63.25,26.0
20180606,60.84,60.84,59.34,59.61,60.7,-1.09,-1.8,31030.45,185736.971,5.52,111.52,57.46,58.52,63.82,69.12,71.24,63.45,25.12
20180605,58.41,60.72,58.38,60.7,58.92,1.78,3.02,42499.44,254368.475,5.52,111.52,57.46,58.52,63.82,69.12,72.3,63.71,35.05
20180604,57.94,61.0,56.03,58.92,57.97,0.95,1.64,43897.01,257795.883,5.52,111.52,57.46,58.52,64.88,69.12,72.3,64.14,12.24
20180601,58.5,60.0,57.63,57.97,57.8,0.17,0.29,38497.72,226722.633,5.52,111.52,57.46,58.52,64.88,69.12,73.36,64.68,8.17
20180531,59.7,60.2,57.32,57.8,59.06,-1.26,-2.13,37875.05,221041.345,5.52,111.52,58.52,59.58,65.94,69.12,73.36,65.23,0.91
20180530,60.05,61.99,58.01,59.06,60.23,-1.17,-1.94,42949.93,259795.422,5.52,111.52,59.58,60.64,65.94,69.12,74.42,65.75,3.5
20180529,60.09,61.4,60.09,60.23,60.09,0.14,0.23,26931.67,163341.585,5.52,111.52,59.58,62.76,65.94,70.18,74.42,66.29,7.07
20180528,63.0,63.0,60.01,60.09,63.01,-2.92,-4.63,41466.73,253102.335,5.52,111.52,60.64,62.76,65.94,70.18,74.42,66.62,0.98
20180525,64.52,65.39,63.0,63.01,64.92,-1.91,-2.94,37418.26,238781.692,5.52,111.52,62.76,63.82,67.0,70.18,75.48,67.15,2.4
20180524,66.5,67.18,64.88,64.92,66.93,-2.01,-3.0,39348.47,260253.524,5.52,111.52,63.82,64.88,67.0,70.18,75.48,67.46,11.05
20180523,66.89,68.88,66.0,66.93,67.23,-0.3,-0.45,60466.74,407100.242,5.52,111.52,63.82,64.88,67.0,70.18,75.48,67.64,40.4
20180522,65.07,67.88,64.4,67.23,65.34,1.89,2.89,59625.62,393848.791,5.52,111.52,62.76,64.88,67.0,71.24,76.54,67.79,39.44
20180521,64.0,65.95,63.53,65.34,63.62,1.72,2.7,47342.2,308748.709,5.52,111.52,62.76,64.88,68.06,71.24,76.54,68.08,13.27
20180518,66.55,66.86,61.86,63.62,66.38,-2.76,-4.16,57291.51,367372.856,5.52,111.52,62.76,65.94,68.06,71.24,76.54,68.45,5.81
20180517,66.0,67.2,65.7,66.38,66.4,-0.02,-0.03,26489.75,176507.523,5.52,111.52,65.94,65.94,68.06,72.3,77.6,69.05,3.62
20180516,67.2,68.08,66.32,66.4,68.08,-1.68,-2.47,36677.81,246222.202,5.52,111.52,65.94,65.94,69.12,72.3,77.6,69.22,3.14
20180515,67.3,68.08,65.5,68.08,67.3,0.78,1.16,48235.94,323367.572,5.52,111.52,65.94,67.0,69.12,72.3,77.6,69.44,26.75
20180514,68.0,69.3,67.19,67.3,69.08,-1.78,-2.58,42108.06,286008.142,5.52,111.52,65.94,67.0,69.12,73.36,77.6,69.76,8.02
20180511,69.93,70.6,68.5,69.08,69.87,-0.79,-1.13,38772.41,269484.368,5.52,111.52,65.94,67.0,69.12,73.36,77.6,69.98,35.03
20180510,70.5,70.5,68.51,69.87,70.96,-1.09,-1.54,47646.92,331578.113,5.52,111.52,65.94,67.0,69.12,74.42,77.6,70.12,55.32
20180509,68.7,73.01,68.03,70.96,68.65,2.31,3.36,79215.12,563831.823,5.52,111.52,65.94,67.0,69.12,74.42,77.6,70.31,66.83
20180508,70.2,70.84,67.19,68.65,70.07,-1.42,-2.03,49926.02,343825.845,5.52,111.52,65.94,67.0,69.12,75.48,78.66,70.35,20.56
20180507,69.02,70.52,69.02,70.07,69.73,0.34,0.49,41109.0,287661.131,5.52,111.52,65.94,67.0,69.12,76.54,78.66,70.55,51.16
20180504,69.2,72.2,68.82,69.73,69.74,-0.01,-0.01,61949.62,436399.792,5.52,111.52,65.94,67.0,70.18,76.54,78.66,70.68,48.2
20180503,67.17,69.98,64.97,69.74,67.54,2.2,3.26,59827.98,405531.565,5.52,111.52,65.94,67.0,70.18,76.54,78.66,70.81,48.22
20180502,66.98,68.18,66.01,67.54,66.43,1.11,1.67,42878.74,287520.316,5.52,111.52,65.94,67.0,70.18,77.6,78.66,71.3,11.37
20180427,70.88,71.34,65.51,66.43,70.02,-3.59,-5.13,70631.48,475589.902,5.52,111.52,65.94,68.06,71.24,77.6,78.66,71.75,2.06
20180426,69.3,71.98,68.91,70.02,68.8,1.22,1.77,72723.53,514369.347,5.52,111.52,67.0,69.12,71.24,77.6,78.66,72.4,28.78
20180425,69.0,71.15,68.0,68.8,69.49,-0.69,-0.99,66032.37,460643.148,5.52,111.52,67.0,68.06,72.3,77.6,79.72,72.85,15.13
20180424,68.8,71.98,65.66,69.49,69.12,0.37,0.54,101487.08,700217.919,5.52,111.52,67.0,69.12,73.36,77.6,79.72,73.36,13.28
20180423,76.0,76.38,69.12,69.12,76.8,-7.68,-10.0,115785.6,832481.33,5.52,111.52,69.12,71.24,75.48,78.66,79.72,74.55,3.37
20180420,77.34,79.3,76.02,76.8,77.64,-0.84,-1.08,89139.62,695044.969,5.52,111.52,70.18,72.3,76.54,78.66,79.72,75.3,47.45
20180419,78.99,81.45,77.52,77.64,80.8,-3.16,-3.91,123474.33,978841.235,5.52,111.52,69.12,71.24,75.48,78.66,79.72,75.1,59.54
20180418,76.55,82.49,75.0,80.8,74.99,5.81,7.75,157298.77,1248851.482,5.52,111.52,68.06,71.24,74.42,78.66,79.72,74.24,96.34
20180417,76.48,79.34,72.98,74.99,75.71,-0.72,-0.95,103198.02,791094.553,5.52,111.52,64.88,70.18,73.36,75.48,77.6,72.78,58.83
20180416,74.0,76.46,72.66,75.71,75.45,0.26,0.34,83560.12,623508.345,5.52,111.52,63.82,70.18,72.3,75.48,77.6,72.18,83.43
20180413,71.65,76.2,70.7,75.45,71.0,4.45,6.27,118923.61,878811.866,5.52,111.52,63.82,70.18,72.3,75.48,77.6,71.95,83.15
20180412,71.38,72.49,70.01,71.0,70.69,0.31,0.44,66603.51,474274.144,5.52,111.52,62.76,69.12,72.3,75.48,78.66,71.81,31.85
20180411,73.0,74.15,70.47,70.69,72.3,-1.61,-2.23,73445.92,530509.768,5.52,111.52,62.76,68.06,72.3,75.48,78.66,72.0,19.96
20180410,74.89,75.99,70.16,72.3,75.4,-3.1,-4.11,88114.73,639296.216,5.52,111.52,62.76,68.06,73.36,76.54,79.72,72.1,37.31
20180409,75.02,76.68,71.5,75.4,74.9,0.5,0.67,82372.57,613866.758,5.52,111.52,62.76,65.94,73.36,76.54,79.72,72.16,69.92
20180404,76.0,77.68,73.38,74.9,75.51,-0.61,-0.81,95391.58,722545.991,5.52,111.52,61.7,64.88,73.36,77.6,79.72,71.97,52.89
20180403,76.06,77.81,73.0,75.51,78.01,-2.5,-3.2,113792.2,856164.528,5.52,111.52,61.7,63.82,72.3,77.6,80.78,71.38,68.55
20180402,78.6,83.75,76.3,78.01,76.45,1.56,2.04,150004.3,1186518.984,5.52,111.52,61.7,63.82,70.18,78.66,80.78,70.54,76.38
20180330,70.5,76.45,70.5,76.45,69.5,6.95,10.0,122583.83,895311.014,5.52,111.52,60.64,62.76,68.06,72.3,74.42,67.38,99.68
20180329,69.16,73.0,69.16,69.5,68.61,0.89,1.3,104441.26,739670.627,5.52,111.52,60.64,62.76,67.0,70.18,71.24,65.9,70.74
20180328,68.56,69.96,67.85,68.61,70.21,-1.6,-2.28,92289.97,635436.329,5.52,111.52,59.58,61.7,64.88,68.06,69.12,64.83,67.32
20180327,68.6,70.38,67.05,70.21,67.0,3.21,4.79,155004.42,1066039.042,5.52,111.52,59.58,61.7,63.82,68.06,69.12,64.12,98.93
20180326,61.0,67.0,61.0,67.0,60.91,6.09,10.0,144127.47,941071.868,5.52,111.52,56.4,61.7,63.82,64.88,65.94,62.6,97.67
20180323,60.0,65.0,59.3,60.91,63.15,-2.24,-3.55,98006.99,610231.905,5.52,111.52,53.22,60.64,62.76,64.88,65.94,62.35,11.1
20180322,63.31,64.6,62.5,63.15,62.78,0.37,0.59,61347.61,389938.02,5.52,111.52,52.16,61.7,63.82,64.88,65.94,62.51,21.87
20180321,65.3,66.53,62.5,62.78,65.2,-2.42,-3.71,81711.47,527136.979,5.52,111.52,51.1,61.7,63.82,64.88,65.94,62.45,23.55
20180320,64.6,65.78,64.2,65.2,65.32,-0.12,-0.18,64379.51,418525.118,5.52,111.52,51.1,60.64,63.82,64.88,65.94,62.16,67.13
20180319,62.55,67.3,62.23,65.32,62.85,2.47,3.93,91035.15,592564.654,5.52,111.52,47.92,59.58,63.82,64.88,65.94,61.89,67.76
20180316,65.18,66.3,62.8,62.85,64.7,-1.85,-2.86,69181.83,446123.006,5.52,111.52,46.86,57.46,62.76,65.94,67.0,61.53,34.44
20180315,64.0,64.7,61.3,64.7,63.8,0.9,1.41,90671.93,569351.96,5.52,111.52,45.8,55.34,62.76,65.94,67.0,61.2,67.75
20180314,63.29,65.99,63.29,63.8,63.43,0.37,0.58,79602.58,513726.818,5.52,111.52,44.74,54.28,63.82,65.94,67.0,60.99,47.54
20180313,66.12,67.3,63.39,63.43,66.85,-3.42,-5.12,82740.41,542849.908,5.52,111.52,43.68,52.16,62.76,65.94,67.0,60.51,50.87
20180312,67.41,68.19,64.68,66.85,66.45,0.4,0.6,99271.84,659856.015,5.52,111.52,43.68,52.16,61.7,65.94,67.0,59.74,91.03
20180309,64.9,68.49,64.4,66.45,64.99,1.46,2.25,105149.82,704655.844,5.52,111.52,42.62,51.1,60.64,65.94,67.0,58.45,84.62
20180308,63.0,65.0,62.18,64.99,64.29,0.7,1.09,89937.99,572563.273,5.52,111.52,42.62,47.92,59.58,62.76,63.82,56.68,97.05
20180307,60.6,64.5,59.25,64.29,60.44,3.85,6.37,115845.23,726360.688,5.52,111.52,42.62,45.8,57.46,61.7,63.82,55.48,93.3
20180306,60.0,65.0,58.63,60.44,59.89,0.55,0.92,131560.29,808717.95,5.52,111.52,41.56,44.74,54.28,60.64,63.82,53.83,78.99
20180305,55.17,60.48,55.17,59.89,55.16,4.73,8.58,86657.38,505488.913,5.52,111.52,41.56,43.68,52.16,57.46,60.64,51.56,91.66
20180302,54.8,56.88,54.11,55.16,55.98,-0.82,-1.46,60128.64,333431.006,5.52,111.52,40.5,43.68,51.1,55.34,61.7,50.46,81.49
20180301,51.52,56.96,51.51,55.98,52.13,3.85,7.39,80211.85,437263.976,5.52,111.52,40.5,42.62,51.1,55.34,64.88,49.95,86.51
20180228,51.0,53.56,50.78,52.13,52.36,-0.23,-0.44,62589.0,327904.312,5.52,111.52,40.5,42.62,47.92,55.34,65.94,49.32,66.92
20180227,52.0,53.88,51.5,52.36,50.37,1.99,3.95,96335.1,508525.976,5.52,111.52,40.5,42.62,46.86,56.4,67.0,49.03,67.5
20180226,46.35,50.37,46.34,50.37,45.79,4.58,10.0,64472.9,313610.04,5.52,111.52,40.5,41.56,44.74,58.52,67.0,48.36,74.0
20180223,46.21,46.22,45.0,45.79,45.95,-0.16,-0.35,38890.99,177152.634,5.52,111.52,40.5,41.56,44.74,59.58,68.06,48.42,57.35
20180222,43.39,46.8,43.39,45.95,42.86,3.09,7.21,48837.0,221858.684,5.52,111.52,40.5,41.56,44.74,59.58,68.06,48.67,56.93
20180214,43.58,44.37,42.7,42.86,43.58,-0.72,-1.65,26699.0,116036.564,5.52,111.52,40.5,41.56,43.68,59.58,68.06,49.05,21.96
20180213,44.6,45.0,43.5,43.58,44.43,-0.85,-1.91,40521.73,179189.018,5.52,111.52,40.5,41.56,44.74,60.64,68.06,49.36,32.04
20180212,43.8,44.98,43.01,44.43,42.85,1.58,3.69,53023.74,234738.121,5.52,111.52,40.5,41.56,45.8,60.64,68.06,49.82,45.67
20180209,40.25,44.86,40.25,42.85,42.94,-0.09,-0.21,68616.42,295103.536,5.52,111.52,39.44,40.5,46.86,61.7,69.12,50.48,27.11
20180208,40.57,44.38,40.57,42.94,41.17,1.77,4.3,65329.25,279951.189,5.52,111.52,39.44,40.5,48.98,64.88,69.12,51.65,25.0
20180207,41.57,42.24,39.06,41.17,39.93,1.24,3.11,63976.11,262585.017,5.52,111.52,39.44,41.56,53.22,65.94,69.12,52.96,14.77
20180206,41.11,43.49,39.74,39.93,43.97,-4.04,-9.19,64409.07,266460.842,5.52,111.52,40.5,44.74,55.34,65.94,69.12,54.62,2.96
20180205,47.24,47.5,43.97,43.97,48.85,-4.88,-9.99,57597.24,264688.937,5.52,111.52,44.74,46.86,56.4,67.0,70.18,56.43,0.61
20180202,48.51,50.35,47.2,48.85,48.81,0.04,0.08,43417.24,213624.524,5.52,111.52,46.86,48.98,58.52,67.0,70.18,57.78,14.87
20180201,48.41,49.29,45.9,48.81,48.61,0.2,0.41,51435.64,246573.128,5.52,111.52,46.86,50.04,58.52,68.06,70.18,58.63,9.94
20180131,53.0,53.69,48.61,48.61,54.01,-5.4,-10.0,63659.66,319357.041,5.52,111.52,50.04,53.22,58.52,68.06,70.18,59.84,0.88
20180130,53.84,54.51,53.19,54.01,53.84,0.17,0.32,25628.53,138153.052,5.52,111.52,53.22,55.34,59.58,68.06,70.18,61.09,9.01
20180129,56.3,56.97,52.25,53.84,56.52,-2.68,-4.74,44103.47,240034.168,5.52,111.52,53.22,56.4,59.58,68.06,70.18,61.48,5.13
20180126,57.72,59.27,56.48,56.52,58.55,-2.03,-3.47,33693.08,193394.355,5.52,111.52,55.34,57.46,60.64,68.06,70.18,62.16,5.61
20180125,59.51,60.98,58.41,58.55,59.9,-1.35,-2.25,41628.0,249334.849,5.52,111.52,55.34,57.46,60.64,68.06,70.18,62.48,17.58
20180124,57.5,60.66,56.71,59.9,57.88,2.02,3.49,58198.9,344139.803,5.52,111.52,55.34,57.46,61.7,69.12,70.18,62.77,28.94
20180123,57.67,58.32,56.1,57.88,57.49,0.39,0.68,34163.86,196315.023,5.52,111.52,55.34,57.46,63.82,69.12,70.18,63.35,11.69
20180122,58.59,58.7,53.55,57.49,59.22,-1.73,-2.92,48004.54,271941.973,5.52,111.52,55.34,58.52,64.88,69.12,71.24,63.78,8.27
20180119,59.92,61.25,59.1,59.22,59.79,-0.57,-0.95,32021.55,192260.059,5.52,111.52,58.52,59.58,65.94,69.12,71.24,64.6,10.05
20180118,60.69,61.55,59.48,59.79,61.41,-1.62,-2.64,36416.5,219323.374,5.52,111.52,58.52,59.58,65.94,69.12,71.24,64.94,8.75
20180117,59.4,62.5,59.0,61.41,59.6,1.81,3.04,65244.07,399546.961,5.52,111.52,58.52,59.58,67.0,69.12,71.24,65.29,24.16
20180116,58.88,60.45,58.6,59.6,59.02,0.58,0.98,50578.5,300988.741,5.52,111.52,58.52,60.64,67.0,70.18,71.24,65.98,7.84
20180115,64.31,65.87,58.6,59.02,65.03,-6.01,-9.24,76302.48,469020.815,5.52,111.52,60.64,63.82,67.0,70.18,71.24,66.73,0.88
20180112,65.0,67.6,64.55,65.03,66.56,-1.53,-2.3,43617.07,287553.028,5.52,111.52,63.82,65.94,68.06,70.18,71.24,67.61,5.55
20180111,65.6,68.39,64.33,66.56,65.92,0.64,0.97,55246.64,367588.718,5.52,111.52,63.82,65.94,68.06,70.18,71.24,67.8,22.22
20180110,67.98,68.37,65.48,65.92,68.38,-2.46,-3.6,57968.26,386474.5,5.52,111.52,64.88,65.94,68.06,70.18,71.24,68.07,6.56
20180109,67.9,69.49,67.86,68.38,68.26,0.12,0.18,43277.17,297114.89,5.52,111.52,64.88,67.0,68.06,70.18,71.24,68.3,26.41
20180108,68.0,69.33,66.68,68.26,68.87,-0.61,-0.89,54100.5,366179.197,5.52,111.52,63.82,67.0,69.12,70.18,71.24,68.34,27.58
20180105,71.0,71.09,68.5,68.87,71.7,-2.83,-3.95,80883.78,562948.932,5.52,111.52,63.82,67.0,69.12,70.18,71.24,68.47,44.61
20180104,68.75,72.66,68.75,71.7,68.8,2.9,4.22,105999.54,752060.824,5.52,111.52,62.76,67.0,69.12,71.24,71.24,68.43,82.89
20180103,69.24,69.68,67.5,68.8,69.21,-0.41,-0.59,58746.53,401966.737,5.52,111.52,62.76,65.94,68.06,70.18,71.24,68.04,53.78
20180102,70.3,70.55,67.5,69.21,69.17,0.04,0.06,57235.44,394898.981,5.52,111.52,61.7,65.94,69.12,71.24,72.3,68.14,48.71
20171229,67.78,70.99,67.76,69.17,67.2,1.97,2.93,80631.61,560333.414,5.52,111.52,61.7,65.94,69.12,71.24,72.3,68.15,45.99
20171228,67.1,70.55,66.0,67.2,67.68,-0.48,-0.71,72837.34,499780.955,5.52,111.52,61.7,64.88,69.12,71.24,72.3,68.07,22.46
20171227,71.87,72.4,66.8,67.68,72.54,-4.86,-6.7,93226.32,650349.026,5.52,111.52,60.64,64.88,69.12,71.24,72.3,68.2,29.68
20171226,71.71,73.49,69.0,72.54,72.0,0.54,0.75,101001.3,724647.94,5.52,111.52,60.64,63.82,69.12,71.24,72.3,68.05,91.21
20171225,71.06,73.4,70.15,72.0,71.8,0.2,0.28,81600.44,586930.609,5.52,111.52,59.58,62.76,69.12,71.24,72.3,67.52,92.57
20171222,70.05,72.5,70.0,71.8,70.0,1.8,2.57,95664.32,681856.165,5.52,111.52,59.58,62.76,68.06,70.18,71.24,66.9,85.68
20171221,68.99,72.97,68.51,70.0,69.96,0.04,0.06,128379.95,912467.37,5.52,111.52,58.52,61.7,67.0,70.18,71.24,66.17,80.61
20171220,66.41,71.1,64.5,69.96,67.48,2.48,3.68,132241.9,895702.136,5.52,111.52,58.52,61.7,65.94,68.06,70.18,64.97,94.67
20171219,63.13,69.2,63.13,67.48,62.94,4.54,7.21,110332.67,739979.255,5.52,111.52,57.46,60.64,64.88,68.06,69.12,64.27,70.14
20171218,67.55,68.5,62.63,62.94,68.73,-5.79,-8.42,97875.13,634895.966,5.52,111.52,57.46,59.58,63.82,68.06,70.18,63.96,33.61
20171215,70.2,71.14,66.66,68.73,69.21,-0.48,-0.69,137105.16,949142.896,5.52,111.52,56.4,59.58,63.82,68.06,70.18,63.86,85.52
20171214,62.7,69.21,62.6,69.21,62.92,6.29,10.0,139353.0,924975.197,5.52,111.52,56.4,58.52,61.7,65.94,69.12,62.41,94.64
20171213,61.73,63.59,61.73,62.92,62.07,0.85,1.37,65358.71,410059.166,5.52,111.52,55.34,58.52,60.64,63.82,70.18,61.48,71.83
20171212,61.3,63.59,60.76,62.07,61.84,0.23,0.37,84444.75,527286.266,5.52,111.52,55.34,57.46,60.64,64.88,70.18,61.42,56.43
20171211,60.66,62.32,60.66,61.84,61.57,0.27,0.44,76675.24,471018.178,5.52,111.52,55.34,57.46,60.64,65.94,71.24,61.39,61.59
20171208,58.75,63.68,58.7,61.57,59.3,2.27,3.83,115737.71,715708.97,5.52,111.52,55.34,57.46,59.58,67.0,72.3,61.46,61.43
20171207,59.0,61.2,58.24,59.3,59.95,-0.65,-1.08,111790.37,668444.119,5.52,111.52,54.28,56.4,59.58,68.06,75.48,61.72,43.03
20171206,56.09,61.39,55.1,59.95,56.1,3.85,6.86,133103.41,773164.914,5.52,111.52,54.28,56.4,60.64,69.12,76.54,62.38,41.74
20171205,55.2,57.18,54.01,56.1,56.66,-0.56,-0.99,92101.43,510200.369,5.52,111.52,54.28,55.34,63.82,70.18,78.66,63.9,15.12
20171204,61.5,61.95,56.66,56.66,62.95,-6.29,-9.99,105692.14,614090.832,5.52,111.52,56.4,58.52,64.88,71.24,79.72,65.72,1.67
20171201,62.6,64.89,61.59,62.95,62.59,0.36,0.58,81906.11,521225.175,5.52,111.52,61.7,62.76,67.0,73.36,80.78,67.55,12.81
20171130,62.3,65.5,61.21,62.59,64.17,-1.58,-2.46,101126.48,638684.688,5.52,111.52,61.7,62.76,68.06,75.48,81.84,68.42,10.06
20171129,70.0,70.45,64.13,64.17,71.26,-7.09,-9.95,126691.33,836585.844,5.52,111.52,63.82,64.88,68.06,76.54,82.9,69.75,4.74
20171128,67.6,71.97,66.9,71.26,68.03,3.23,4.75,107983.14,747298.507,5.52,111.52,62.76,65.94,69.12,77.6,82.9,70.95,59.95
20171127,66.31,69.78,64.64,68.03,66.85,1.18,1.77,101876.44,688102.421,5.52,111.52,61.7,65.94,70.18,79.72,83.96,71.5,26.47
20171124,70.1,74.25,66.84,66.85,74.27,-7.42,-9.99,143529.96,998568.65,5.52,111.52,59.58,67.0,72.3,80.78,83.96,72.65,11.59
20171123,77.0,81.27,74.27,74.27,82.52,-8.25,-10.0,118730.62,919256.145,5.52,111.52,56.4,65.94,75.48,82.9,85.02,73.82,44.1
20171114,79.68,88.18,79.21,82.52,80.22,2.3,2.87,178534.93,1494777.254,5.52,111.52,55.34,63.82,72.3,82.9,85.02,73.04,75.41
20171113,73.8,80.22,72.8,80.22,72.93,7.29,10.0,107937.55,833744.784,5.52,111.52,53.22,61.7,70.18,74.42,77.6,68.28,99.81
20171110,70.12,75.0,70.12,72.93,70.04,2.89,4.13,103570.28,758687.961,5.52,111.52,52.16,59.58,69.12,72.3,72.3,66.48,84.45
20171109,70.0,72.04,69.03,70.04,70.98,-0.94,-1.32,84163.36,592411.206,5.52,111.52,51.1,56.4,68.06,71.24,72.3,65.24,63.84
20171108,70.0,73.8,69.8,70.98,71.79,-0.81,-1.13,98515.14,706890.794,5.52,111.52,51.1,55.34,65.94,71.24,72.3,64.42,82.52
20171107,71.84,73.65,69.1,71.79,71.12,0.67,0.94,127500.03,906956.279,5.52,111.52,50.04,55.34,63.82,70.18,71.24,63.04,90.1
20171106,66.8,71.12,65.5,71.12,64.65,6.47,10.01,117513.6,807861.188,5.52,111.52,48.98,53.22,62.76,67.0,69.12,60.8,99.74
20171103,62.28,65.2,62.0,64.65,62.81,1.84,2.93,105874.72,673714.796,5.52,111.52,48.98,52.16,61.7,63.82,64.88,58.83,89.82
20171102,63.0,67.17,62.8,62.81,63.98,-1.17,-1.83,132413.14,856152.548,5.52,111.52,48.98,51.1,57.46,63.82,64.88,57.9,66.51
20171101,63.0,65.59,60.5,63.98,61.81,2.17,3.51,140534.75,884883.8,5.52,111.52,47.92,50.04,55.34,61.7,63.82,55.94,93.34
20171031,55.8,61.81,55.4,61.81,56.19,5.62,10.0,126034.77,742089.202,5.52,111.52,46.86,50.04,54.28,57.46,59.58,53.71,99.79
20171030,53.89,57.76,53.01,56.19,54.98,1.21,2.2,100132.15,555500.364,5.52,111.52,46.86,48.98,53.22,56.4,56.4,52.51,84.84
20171027,56.14,58.88,54.4,54.98,56.4,-1.42,-2.52,129561.91,730152.309,5.52,111.52,45.8,48.98,52.16,56.4,57.46,52.07,71.6
20171026,53.45,58.0,53.35,56.4,52.99,3.41,6.44,110399.3,617959.179,5.52,111.52,45.8,47.92,51.1,54.28,56.4,50.97,93.01
20171025,52.8,53.56,52.1,52.99,53.12,-0.13,-0.24,59122.05,311356.165,5.52,111.52,45.8,47.92,50.04,52.16,53.22,49.88,93.01
20171024,51.72,54.64,51.44,53.12,52.58,0.54,1.03,89937.07,476416.37,5.52,111.52,45.8,46.86,50.04,52.16,53.22,49.6,93.67
20171023,49.51,53.5,49.5,52.58,49.85,2.73,5.48,96493.38,502910.429,5.52,111.52,45.8,46.86,50.04,51.1,52.16,49.12,90.68
20171020,51.1,51.7,49.0,49.85,51.27,-1.42,-2.77,77474.66,386648.559,5.52,111.52,45.8,46.86,48.98,51.1,52.16,48.72,57.64
20171019,51.0,52.05,49.38,51.27,51.3,-0.03,-0.06,98261.55,500759.904,5.52,111.52,44.74,45.8,48.98,51.1,52.16,48.56,81.38
20171018,47.1,51.82,47.0,51.3,47.11,4.19,8.89,149716.43,762405.283,5.52,111.52,44.74,45.8,48.98,51.1,52.16,48.26,83.46
20171017,46.09,47.5,45.3,47.11,45.61,1.5,3.29,55497.94,259627.398,5.52,111.52,43.68,45.8,47.92,51.1,52.16,47.89,25.95
20171016,47.48,48.68,45.46,45.61,48.63,-3.02,-6.21,85948.46,401776.151,5.52,111.52,43.68,45.8,47.92,51.1,52.16,48.08,9.66
20171013,50.13,50.56,48.36,48.63,49.88,-1.25,-2.51,68141.61,334400.423,5.52,111.52,43.68,45.8,48.98,51.1,52.16,48.39,42.02
20171012,48.01,51.5,48.01,49.88,49.1,0.78,1.59,96347.61,480702.126,5.52,111.52,42.62,45.8,48.98,51.1,53.22,48.32,60.73
20171011,50.2,55.49,48.96,49.1,51.44,-2.34,-4.55,152835.48,801762.156,5.52,111.52,42.62,45.8,48.98,51.1,53.22,48.19,46.9
20171010,49.45,53.5,48.5,51.44,50.18,1.26,2.51,123918.12,628217.904,5.52,111.52,37.32,44.74,47.92,50.04,51.1,46.95,88.8
20171009,48.0,51.89,45.74,50.18,47.41,2.77,5.84,146430.33,719721.691,5.52,111.52,36.26,43.68,46.86,48.98,50.04,45.97,92.65
20170929,47.4,48.95,46.51,47.41,48.73,-1.32,-2.71,117761.81,561188.541,5.52,111.52,35.2,43.68,45.8,47.92,48.98,45.14,77.08
20170928,44.01,49.97,43.76,48.73,46.06,2.67,5.8,177734.33,839291.818,5.52,111.52,35.2,41.56,45.8,47.92,48.98,44.58,91.49
20170927,46.11,47.96,45.37,46.06,46.0,0.06,0.13,137493.49,642672.123,5.52,111.52,35.2,37.32,45.8,47.92,48.98,43.86,49.42
20170926,46.21,46.5,44.0,46.0,47.9,-1.9,-3.97,165720.36,751780.397,5.52,111.52,34.14,36.26,44.74,47.92,48.98,43.09,63.16
20170925,48.98,50.61,47.21,47.9,46.01,1.89,4.11,220524.66,1074714.726,5.52,111.52,34.14,35.2,42.62,48.98,50.04,42.42,68.8
20170922,43.0,46.01,42.0,46.01,41.83,4.18,9.99,168893.4,743071.955,5.52,111.52,33.08,34.14,37.32,43.68,44.74,38.48,99.36
20170921,41.0,41.83,39.98,41.83,38.03,3.8,9.99,95968.96,396226.065,5.52,111.52,33.08,34.14,36.26,40.5,40.5,36.33,97.82
20170920,35.05,38.03,35.03,38.03,34.57,3.46,10.01,120939.56,446897.914,5.52,111.52,33.08,34.14,35.2,37.32,37.32,35.45,96.31
20170919,34.97,35.49,34.0,34.57,34.38,0.19,0.55,43336.77,151171.612,5.52,111.52,33.08,34.14,35.2,36.26,37.32,35.23,33.1
20170918,33.78,34.57,33.78,34.38,34.0,0.38,1.12,30429.88,104540.405,5.52,111.52,33.08,34.14,35.2,37.32,37.32,35.33,12.48
20170915,35.05,35.57,33.73,34.0,35.29,-1.29,-3.66,59239.57,204651.594,5.52,111.52,33.08,34.14,35.2,37.32,37.32,35.42,10.62
20170914,36.6,36.96,35.0,35.29,36.88,-1.59,-4.31,77421.1,278015.062,5.52,111.52,33.08,34.14,35.2,37.32,37.32,35.54,19.91
20170913,36.03,37.6,36.03,36.88,36.46,0.42,1.15,58969.33,217569.304,5.52,111.52,32.02,34.14,36.26,37.32,38.38,35.54,78.94
20170912,36.05,36.6,35.52,36.46,36.08,0.38,1.05,71338.16,257219.419,5.52,111.52,32.02,34.14,35.2,37.32,38.38,35.46,52.71
20170911,35.61,36.5,35.5,36.08,35.8,0.28,0.78,55376.26,200160.954,5.52,111.52,32.02,33.08,35.2,37.32,38.38,35.4,54.04
20170908,36.63,36.8,35.5,35.8,36.95,-1.15,-3.11,98557.21,353971.625,5.52,111.52,32.02,33.08,35.2,37.32,38.38,35.43,50.27
20170907,37.0,39.28,36.85,36.95,36.99,-0.04,-0.11,130843.44,496755.211,5.52,111.52,32.02,33.08,36.26,37.32,38.38,35.41,67.67
20170906,36.68,38.13,36.36,36.99,37.37,-0.38,-1.02,105427.53,391552.819,5.52,111.52,30.96,33.08,35.2,36.26,37.32,34.71,86.32
20170905,35.5,38.5,35.07,37.37,36.0,1.37,3.81,144868.82,537860.961,5.52,111.52,30.96,33.08,34.14,36.26,37.32,34.27,92.02
20170904,33.33,37.13,32.98,36.0,33.75,2.25,6.67,144048.62,511966.44,5.52,111.52,29.9,32.02,34.14,35.2,36.26,33.56,92.43
20170901,34.5,34.96,32.57,33.75,34.01,-0.26,-0.76,107195.81,359294.287,5.52,111.52,29.9,32.02,33.08,34.14,35.2,33.11,60.42
20170831,33.16,34.17,33.16,34.01,32.9,1.11,3.37,73575.76,248315.905,5.52,111.52,29.9,30.96,33.08,35.2,35.2,33.04,59.88
20170830,33.0,34.24,32.75,32.9,33.98,-1.08,-3.18,85498.06,284533.42,5.52,111.52,29.9,30.96,33.08,35.2,35.2,33.04,32.87
20170829,35.0,36.43,33.69,33.98,35.57,-1.59,-4.47,126000.76,443596.969,5.52,111.52,29.9,30.96,34.14,35.2,35.2,33.11,48.48
20170828,33.9,36.49,33.33,35.57,34.28,1.29,3.76,140870.61,492889.878,5.52,111.52,28.84,29.9,33.08,35.2,35.2,32.7,96.21
20170825,32.64,35.39,31.89,34.28,33.27,1.01,3.04,144730.93,486824.844,5.52,111.52,28.84,29.9,32.02,34.14,35.2,32.21,71.64
20170824,33.95,36.64,33.01,33.27,33.62,-0.35,-1.04,198638.19,685477.018,5.52,111.52,28.84,29.9,30.96,35.2,36.26,31.92,61.62
20170823,30.17,33.62,30.16,33.62,30.56,3.06,10.01,115700.25,371390.802,5.52,111.52,28.84,29.9,30.96,32.02,32.02,30.46,99.52
20170822,30.9,31.32,30.31,30.56,31.2,-0.64,-2.05,71734.3,220577.767,5.52,111.52,27.78,28.84,29.9,30.96,32.02,30.15,59.59
20170821,30.43,31.47,30.19,31.2,29.72,1.48,4.98,90216.91,278983.419,5.52,111.52,27.78,28.84,29.9,30.96,32.02,30.09,61.97
20170818,29.57,30.29,29.45,29.72,30.13,-0.41,-1.36,62719.48,186817.812,5.52,111.52,27.78,28.84,29.9,30.96,32.02,30.0,24.82
20170817,30.96,31.69,30.0,30.13,31.44,-1.31,-4.17,99495.38,306418.253,5.52,111.52,27.78,28.84,29.9,30.96,32.02,30.07,22.34
20170816,31.2,32.49,30.91,31.44,31.72,-0.28,-0.88,116978.07,370327.736,5.52,111.52,27.78,28.84,29.9,30.96,32.02,30.03,87.79
20170815,29.72,31.72,29.68,31.72,30.05,1.67,5.56,113157.56,345458.242,5.52,111.52,27.78,28.84,29.9,30.96,32.02,29.69,94.66
20170814,29.91,31.15,29.5,30.05,30.0,0.05,0.17,93383.28,284224.711,5.52,111.52,27.78,27.78,29.9,30.96,32.02,29.55,38.51
20170811,30.0,31.42,29.78,30.0,30.56,-0.56,-1.83,90878.58,277349.136,5.52,111.52,27.78,27.78,29.9,30.96,32.02,29.48,43.83
20170810,29.76,31.16,29.02,30.56,29.76,0.8,2.69,121057.57,365887.356,5.52,111.52,26.72,27.78,28.84,30.96,32.02,29.33,81.38
20170809,30.0,31.32,29.35,29.76,30.01,-0.25,-0.83,107021.49,325396.068,5.52,111.52,26.72,27.78,28.84,30.96,32.02,29.28,54.67
20170808,28.0,30.79,27.5,30.01,28.38,1.63,5.74,138490.25,406204.65,5.52,111.52,26.72,27.78,28.84,30.96,32.02,29.05,65.93
20170807,27.21,28.57,27.2,28.38,27.15,1.23,4.53,81368.32,228948.359,5.52,111.52,26.72,27.78,28.84,30.96,32.02,29.12,34.97
20170804,28.09,28.71,27.05,27.15,28.4,-1.25,-4.4,94706.89,263921.075,5.52,111.52,26.72,27.78,28.84,32.02,33.08,29.36,11.25
20170803,29.15,30.28,28.3,28.4,29.65,-1.25,-4.22,101295.68,296121.205,5.52,111.52,27.78,28.84,29.9,32.02,33.08,29.78,11.5
20170802,29.0,30.13,28.82,29.65,29.08,0.57,1.96,116495.4,344094.204,5.52,111.52,26.72,28.84,29.9,32.02,33.08,29.91,45.55
20170801,30.78,30.78,28.58,29.08,31.76,-2.68,-8.44,171791.74,509125.171,5.52,111.52,26.72,28.84,29.9,32.02,33.08,30.2,12.08
20170731,31.71,32.98,31.41,31.76,31.9,-0.14,-0.44,133394.03,428858.836,5.52,111.52,25.66,28.84,30.96,32.02,33.08,30.68,53.55
20170728,33.08,33.68,31.35,31.9,33.55,-1.65,-4.92,181573.83,590481.551,5.52,111.52,25.66,27.78,30.96,33.08,33.08,30.38,56.66
20170727,30.3,33.95,29.21,33.55,30.86,2.69,8.72,247485.35,782964.447,5.52,111.52,24.6,26.72,29.9,32.02,33.08,29.4,99.26
20170726,28.8,31.28,28.11,30.86,28.49,2.37,8.32,221497.25,664867.312,5.52,111.52,24.6,25.66,28.84,29.9,30.96,27.83,91.62
20170725,27.67,30.28,26.92,28.49,27.6,0.89,3.22,254620.93,723331.713,5.52,111.52,23.54,24.6,26.72,28.84,29.9,26.67,78.66
20170724,25.1,27.6,24.52,27.6,25.09,2.51,10.0,150347.23,392725.645,5.52,111.52,23.54,24.6,25.66,26.72,27.78,25.4,91.44
20170721,26.02,26.49,25.09,25.09,27.28,-2.19,-8.03,179374.8,463717.324,5.52,111.52,23.54,24.6,25.66,26.72,28.84,25.31,38.24
20170720,25.62,27.28,25.6,27.28,24.8,2.48,10.0,232569.61,625855.32,5.52,111.52,22.48,23.54,25.66,27.78,28.84,25.33,84.16
20170719,23.0,25.86,22.35,24.8,23.51,1.29,5.49,163842.88,406959.742,5.52,111.52,22.48,23.54,24.6,27.78,29.9,24.83,37.35
20170718,23.35,24.22,23.03,23.51,23.54,-0.03,-0.13,83704.86,198751.838,5.52,111.52,6.58,23.54,26.72,28.84,30.96,25.23,9.46
20170717,24.9,25.43,23.54,23.54,26.16,-2.62,-10.02,120525.17,292309.035,5.52,111.52,6.58,23.54,26.72,28.84,30.96,25.54,8.88
20170714,26.11,27.2,26.01,26.16,26.5,-0.34,-1.28,77512.91,205630.005,5.52,111.52,6.58,25.66,27.78,29.9,30.96,26.0,18.47
20170713,28.37,28.57,26.32,26.5,28.84,-2.34,-8.11,142439.96,387852.122,5.52,111.52,6.58,26.72,27.78,29.9,30.96,25.95,14.27
20170712,27.7,29.33,26.92,28.84,27.4,1.44,5.26,182658.17,514732.411,5.52,111.52,6.58,25.66,27.78,29.9,30.96,25.56,56.98
20170711,28.99,29.77,26.9,27.4,29.48,-2.08,-7.06,209529.47,587487.633,5.52,111.52,6.58,6.58,28.84,30.96,32.02,24.44,32.7
20170710,32.4,32.4,29.1,29.48,30.75,-1.27,-4.13,319741.87,982818.165,5.52,111.52,6.58,6.58,29.9,30.96,32.02,22.37,39.24
20170707,30.75,30.75,30.75,30.75,27.95,2.8,10.02,78503.92,241399.554,5.52,111.52,5.52,6.58,6.58,26.72,29.9,10.77,96.43
20170706,27.95,27.95,27.95,27.95,25.41,2.54,10.0,4641.73,12973.635,5.52,111.52,5.52,6.58,6.58,7.64,18.24,7.52,99.8
20170705,25.41,25.41,25.41,25.41,23.1,2.31,10.0,11450.52,29095.771,5.52,111.52,5.52,6.58,6.58,7.64,11.88,7.35,99.48
20170704,23.1,23.1,23.1,23.1,21.0,2.1,10.0,6034.81,13940.411,5.52,111.52,5.52,6.58,6.58,7.64,7.64,6.97,99.72
20170703,21.0,21.0,21.0,21.0,19.09,1.91,10.01,3388.28,7115.388,5.52,111.52,5.52,6.58,6.58,6.58,7.64,6.8,99.85
20170630,19.09,19.09,19.09,19.09,17.35,1.74,10.03,2397.93,4577.648,5.52,111.52,5.52,6.58,6.58,6.58,7.64,6.71,99.89
20170629,17.35,17.35,17.35,17.35,15.77,1.58,10.02,1271.51,2206.069,5.52,111.52,5.52,6.58,6.58,6.58,7.64,6.66,99.94
20170628,15.77,15.77,15.77,15.77,14.34,1.43,9.97,1520.02,2397.071,5.52,111.52,5.52,6.58,6.58,6.58,7.64,6.63,99.93
20170627,14.34,14.34,14.34,14.34,13.04,1.3,9.97,1152.56,1652.771,5.52,111.52,5.52,6.58,6.58,6.58,7.64,6.61,99.95
20170626,13.04,13.04,13.04,13.04,11.85,1.19,10.04,500.54,652.704,5.52,111.52,5.52,6.58,6.58,6.58,7.64,6.59,99.98
20170623,11.85,11.85,11.85,11.85,10.77,1.08,10.03,446.78,529.434,5.52,111.52,5.52,6.58,6.58,6.58,7.64,6.59,99.98
20170622,10.77,10.77,10.77,10.77,9.79,0.98,10.01,347.04,373.762,5.52,111.52,5.52,6.58,6.58,6.58,7.64,6.58,99.98
20170621,9.79,9.79,9.79,9.79,8.9,0.89,10.0,89.26,87.385,5.52,111.52,5.52,6.58,6.58,6.58,7.64,6.58,100.0
20170620,8.9,8.9,8.9,8.9,8.09,0.81,10.01,31.08,27.661,5.52,111.52,5.52,6.58,6.58,6.58,7.64,6.58,100.0
20170619,8.09,8.09,8.09,8.09,7.35,0.74,10.07,48.0,38.832,5.52,111.52,5.52,6.58,6.58,6.58,7.64,6.58,100.0
20170616,7.35,7.35,7.35,7.35,6.68,0.67,10.03,51.76,38.043,5.52,111.52,5.52,6.58,6.58,6.58,7.64,6.58,87.5
20170615,5.57,6.68,5.57,6.68,4.64,2.04,43.97,154.01,102.269,5.52,111.52,5.52,6.58,6.58,6.58,7.64,6.58,87.5
