trade_date,open,high,low,close,pre_close,change,pct_chg,vol,amount,his_low,his_high,cost_5pct,cost_15pct,cost_50pct,cost_85pct,cost_95pct,weight_avg,winner_rate
20231221,5.9,5.91,5.77,5.89,5.91,-0.02,-0.3384,147982.0,86559.748,1.56,24.0,4.42,5.08,5.96,6.4,6.84,6.1,35.32
20231220,6.01,6.05,5.88,5.91,6.01,-0.1,-1.6639,136936.0,81592.832,1.56,24.0,4.42,5.08,5.96,6.4,6.84,6.1,34.98
20231219,5.87,6.01,5.85,6.01,5.89,0.12,2.0374,156135.66,93035.046,1.56,24.0,4.42,5.08,5.96,6.4,6.84,6.1,60.51
20231218,5.97,6.0,5.87,5.89,5.95,-0.06,-1.0084,165219.66,97772.329,1.56,24.0,4.42,5.08,5.96,6.4,6.84,6.1,35.52
20231215,6.05,6.1,5.95,5.95,6.07,-0.12,-1.9769,144510.83,86551.883,1.56,24.0,4.42,5.08,5.96,6.4,6.84,6.1,35.42
20231214,6.14,6.19,6.05,6.07,6.14,-0.07,-1.1401,134704.0,82457.748,1.56,24.0,4.42,5.08,5.96,6.4,6.84,6.1,58.92
20231213,6.18,6.24,6.12,6.14,6.18,-0.04,-0.6472,158056.0,97637.001,1.56,24.0,4.42,5.08,5.96,6.4,6.84,6.1,59.1
20231212,6.13,6.2,6.12,6.18,6.14,0.04,0.6515,191576.88,118077.037,1.56,24.0,4.42,5.08,5.96,6.4,6.84,6.09,59.76
20231211,6.0,6.16,5.88,6.14,5.98,0.16,2.6756,270462.0,163819.527,1.56,24.0,4.42,5.08,5.96,6.4,6.84,6.09,60.06
20231208,5.84,6.1,5.81,5.98,5.84,0.14,2.3973,251369.96,151080.036,1.56,24.0,4.42,5.08,5.96,6.4,6.84,6.09,59.5
20231207,5.81,5.92,5.78,5.84,5.81,0.03,0.5164,159304.0,93455.579,1.56,24.0,4.42,4.86,5.96,6.62,6.84,6.08,39.44
20231206,5.72,5.88,5.67,5.81,5.74,0.07,1.2195,160312.21,92933.4,1.56,24.0,4.42,4.86,5.96,6.62,6.84,6.08,38.97
20231205,5.84,5.84,5.72,5.74,5.87,-0.13,-2.2147,176015.0,101733.762,1.56,24.0,4.42,4.86,5.96,6.62,6.84,6.08,25.82
20231204,5.97,5.97,5.79,5.87,5.94,-0.07,-1.1785,192117.5,112900.503,1.56,24.0,4.42,4.86,5.96,6.62,6.84,6.08,37.61
20231201,5.92,5.97,5.81,5.94,5.92,0.02,0.3378,211453.0,124544.528,1.56,24.0,4.42,4.86,5.96,6.62,6.84,6.08,37.57
20231130,6.25,6.25,5.89,5.92,6.25,-0.33,-5.28,391337.53,234331.135,1.56,24.0,4.42,4.86,5.96,6.62,6.84,6.08,37.53
20231129,6.09,6.39,6.07,6.25,6.09,0.16,2.6273,390647.0,244792.26,1.56,24.0,4.42,4.86,5.96,6.62,6.84,6.08,70.56
20231128,5.96,6.13,5.95,6.09,5.97,0.12,2.0101,190201.63,115230.054,1.56,24.0,4.42,4.86,5.96,6.62,6.84,6.08,56.62
20231127,5.95,6.0,5.89,5.97,5.97,0.0,0.0,191776.02,113796.541,1.56,24.0,4.42,4.86,5.96,6.62,6.84,6.08,56.45
20231124,6.05,6.07,5.96,5.97,6.08,-0.11,-1.8092,120411.11,72084.806,1.56,24.0,4.42,4.86,5.96,6.62,6.84,6.08,56.25
20231123,6.0,6.09,5.94,6.08,6.03,0.05,0.8292,136849.01,82412.918,1.56,24.0,4.42,4.86,5.96,6.62,6.84,6.08,56.19
20231122,6.14,6.14,6.0,6.03,6.15,-0.12,-1.9512,153624.94,93094.573,1.56,24.0,4.42,4.86,5.96,6.62,6.84,6.08,56.08
20231121,6.25,6.29,6.13,6.15,6.27,-0.12,-1.9139,179788.76,111594.171,1.56,24.0,4.42,4.86,5.96,6.62,6.84,6.08,56.0
20231120,6.15,6.31,6.11,6.27,6.12,0.15,2.451,305189.22,190217.89,1.56,24.0,4.42,4.86,5.96,6.62,6.84,6.07,69.71
20231117,6.02,6.14,6.02,6.12,6.04,0.08,1.3245,184231.94,112440.751,1.56,24.0,4.42,4.86,5.96,6.62,6.84,6.07,56.61
20231116,6.06,6.13,6.01,6.04,6.08,-0.04,-0.6579,133232.4,80953.883,1.56,24.0,4.42,4.86,5.96,6.62,6.84,6.07,56.51
20231115,6.13,6.17,6.04,6.08,6.11,-0.03,-0.491,148283.88,90296.379,1.56,24.0,4.42,4.86,5.96,6.62,6.84,6.07,56.45
20231114,5.97,6.16,5.94,6.11,5.98,0.13,2.1739,196251.84,119412.137,1.56,24.0,4.42,4.86,5.96,6.62,6.84,6.07,56.38
20231113,6.0,6.02,5.9,5.98,5.97,0.01,0.1675,175833.81,104697.032,1.56,24.0,4.42,4.86,5.96,6.62,6.84,6.07,56.22
20231110,5.95,6.03,5.9,5.97,5.96,0.01,0.1678,194506.72,116101.288,1.56,24.0,4.42,4.86,5.96,6.62,6.84,6.07,56.03
20231109,6.08,6.14,5.93,5.96,6.1,-0.14,-2.2951,209634.02,125626.485,1.56,24.0,4.42,4.86,5.96,6.62,6.84,6.07,40.06
20231108,6.3,6.35,6.06,6.1,6.31,-0.21,-3.3281,236223.96,145261.166,1.56,24.0,4.42,4.86,5.96,6.62,6.84,6.07,55.71
20231107,6.18,6.34,6.16,6.31,6.24,0.07,1.1218,225715.84,141691.547,1.56,24.0,4.42,4.86,5.96,6.62,6.84,6.06,68.45
20231106,5.98,6.29,5.97,6.24,5.94,0.3,5.0505,377074.59,232792.969,1.56,24.0,4.42,4.86,5.96,6.62,6.84,6.06,68.36
20231103,5.83,5.96,5.8,5.94,5.81,0.13,2.2375,187535.47,110375.997,1.56,24.0,4.42,4.86,5.96,6.62,6.84,6.06,41.21
20231102,5.91,5.95,5.8,5.81,5.88,-0.07,-1.1905,195123.38,114404.477,1.56,24.0,4.42,4.86,5.96,6.62,6.84,6.06,41.03
20231101,6.04,6.06,5.86,5.88,6.06,-0.18,-2.9703,278854.28,164972.854,1.56,24.0,4.42,4.86,5.96,6.62,6.84,6.06,40.85
20231031,6.04,6.2,6.0,6.06,6.06,0.0,0.0,300347.29,182647.726,1.56,24.0,4.42,4.86,5.96,6.62,6.84,6.06,55.52
20231030,5.7,6.12,5.67,6.06,5.75,0.31,5.3913,480656.57,286891.285,1.56,24.0,4.42,4.86,5.96,6.62,6.84,6.06,55.63
20231027,5.96,6.09,5.53,5.75,5.68,0.07,1.2324,582297.03,338644.603,1.56,24.0,4.42,4.86,5.96,6.62,6.84,6.06,41.24
20231026,5.63,5.69,5.56,5.68,5.67,0.01,0.1764,136090.13,76495.631,1.56,24.0,4.42,4.86,5.96,6.62,6.84,6.05,30.72
20231025,5.7,5.78,5.65,5.67,5.62,0.05,0.8897,110362.56,62881.671,1.56,24.0,4.42,4.86,5.96,6.62,6.84,6.06,30.55
20231024,5.52,5.74,5.48,5.62,5.52,0.1,1.8116,164857.0,92291.416,1.56,24.0,4.42,4.86,5.96,6.62,6.84,6.06,30.51
20231023,5.61,5.63,5.47,5.52,5.65,-0.13,-2.3009,154298.0,85588.636,1.56,24.0,4.42,4.86,5.96,6.62,6.84,6.06,27.19
20231020,5.79,5.88,5.62,5.65,5.84,-0.19,-3.2534,148954.01,85246.583,1.56,24.0,4.42,4.86,5.96,6.62,6.84,6.06,29.97
20231019,5.88,5.98,5.8,5.84,5.9,-0.06,-1.0169,125770.0,74000.715,1.56,24.0,4.42,4.86,5.96,6.62,6.84,6.06,39.74
20231018,6.0,6.02,5.88,5.9,6.02,-0.12,-1.9934,169075.35,100098.087,1.56,24.0,4.42,4.86,5.96,6.62,6.84,6.06,39.72
20231017,6.06,6.1,5.99,6.02,6.04,-0.02,-0.3311,137809.27,83131.771,1.56,24.0,4.42,4.86,5.96,6.62,6.84,6.06,53.27
20231016,6.13,6.16,5.99,6.04,6.15,-0.11,-1.7886,180072.05,108708.924,1.56,24.0,4.42,4.86,5.96,6.62,6.84,6.06,53.19
20231013,6.05,6.18,6.03,6.15,6.1,0.05,0.8197,144540.37,88732.199,1.56,24.0,4.42,4.86,5.96,6.62,6.84,6.06,53.09
20231012,6.07,6.17,6.05,6.1,6.06,0.04,0.6601,189106.21,115475.503,1.56,24.0,4.42,4.86,5.96,6.62,6.84,6.06,53.0
20231011,6.11,6.11,6.01,6.06,6.09,-0.03,-0.4926,125149.0,75911.616,1.56,24.0,4.42,4.86,5.96,6.62,6.84,6.06,52.9
20231010,6.1,6.18,6.06,6.09,6.1,-0.01,-0.1639,226909.38,138577.934,1.56,24.0,4.42,4.86,5.96,6.62,6.84,6.06,52.82
20231009,5.96,6.12,5.94,6.1,5.96,0.14,2.349,200551.01,121451.983,1.56,24.0,4.42,4.86,5.96,6.62,6.84,6.06,52.69
20230928,5.76,5.99,5.76,5.96,5.76,0.2,3.4722,182295.0,107614.432,1.56,24.0,4.42,4.86,5.96,6.62,6.84,6.05,40.97
20230927,5.73,5.82,5.72,5.76,5.75,0.01,0.1739,133123.0,76974.565,1.56,24.0,4.42,4.86,5.96,6.62,6.84,6.05,40.96
20230926,5.78,5.82,5.74,5.75,5.8,-0.05,-0.8621,135558.0,78204.256,1.56,24.0,4.42,4.86,5.96,6.62,6.84,6.05,40.78
20230925,5.84,5.85,5.74,5.8,5.84,-0.04,-0.6849,141820.0,82098.597,1.56,24.0,4.42,4.86,5.96,6.62,6.84,6.05,40.65
20230922,5.84,5.9,5.76,5.84,5.83,0.01,0.1715,222044.95,129523.999,1.56,24.0,4.42,4.86,5.96,6.62,6.84,6.05,40.5
20230921,5.84,5.92,5.81,5.83,5.83,0.0,0.0,198194.5,116055.242,1.56,24.0,4.42,4.86,5.96,6.62,6.84,6.05,40.29
20230920,5.83,5.9,5.76,5.83,5.8,0.03,0.5172,148653.42,87112.814,1.56,24.0,4.42,4.64,5.96,6.62,6.84,6.05,40.09
20230919,5.88,5.9,5.72,5.8,5.91,-0.11,-1.8613,265947.79,153971.084,1.56,24.0,4.42,4.64,5.96,6.62,6.84,6.05,39.94
20230918,6.07,6.08,5.89,5.91,6.12,-0.21,-3.4314,264002.46,157044.813,1.56,24.0,4.42,4.64,5.96,6.62,6.84,6.05,39.58
20230915,6.11,6.2,6.06,6.12,6.11,0.01,0.1637,252090.84,154204.623,1.56,24.0,4.42,4.64,5.96,6.62,6.84,6.05,50.3
20230914,6.11,6.17,6.05,6.11,6.13,-0.02,-0.3263,159649.73,97469.876,1.56,24.0,4.42,4.64,5.96,6.62,6.84,6.05,50.43
20230913,6.26,6.27,6.08,6.13,6.27,-0.14,-2.2329,177979.42,109413.917,1.56,24.0,4.42,4.64,5.96,6.62,6.84,6.05,50.32
20230912,6.27,6.29,6.21,6.27,6.26,0.01,0.1597,124428.77,77727.653,1.56,24.0,4.42,4.64,5.96,6.62,6.84,6.05,62.17
20230911,6.14,6.3,6.1,6.26,6.13,0.13,2.1207,221772.39,137962.726,1.56,24.0,4.42,4.64,5.96,6.62,6.84,6.05,62.12
20230908,6.14,6.18,6.11,6.13,6.11,0.02,0.3273,108621.01,66763.018,1.56,24.0,4.42,4.64,5.96,6.62,6.84,6.04,50.79
20230907,6.26,6.26,6.09,6.11,6.28,-0.17,-2.707,178298.9,109593.997,1.56,24.0,4.42,4.64,5.96,6.62,6.84,6.04,50.71
20230906,6.2,6.3,6.15,6.28,6.22,0.06,0.9646,160907.1,100526.39,1.56,24.0,4.42,4.64,5.96,6.62,6.84,6.04,61.72
20230905,6.2,6.26,6.16,6.22,6.19,0.03,0.4847,221425.69,137701.999,1.56,24.0,4.42,4.64,5.96,6.62,6.84,6.04,61.62
20230904,6.15,6.24,6.11,6.19,6.11,0.08,1.3093,240246.12,148052.796,1.56,24.0,4.42,4.64,5.96,6.62,6.84,6.04,61.46
20230901,6.12,6.16,6.05,6.11,6.06,0.05,0.8251,194394.9,118877.532,1.56,24.0,4.42,4.64,5.96,6.62,6.84,6.03,51.23
20230831,6.09,6.14,6.04,6.06,6.08,-0.02,-0.3289,247236.54,150292.773,1.56,24.0,4.42,4.64,5.96,6.62,6.84,6.03,51.1
20230830,5.98,6.19,5.95,6.08,5.95,0.13,2.1849,353145.65,215524.344,1.56,24.0,4.42,4.64,5.96,6.62,6.84,6.03,50.92
20230829,5.78,5.98,5.76,5.95,5.77,0.18,3.1196,241924.0,142563.886,1.56,24.0,4.42,4.64,5.96,6.62,6.84,6.03,42.8
20230828,6.03,6.11,5.73,5.77,5.77,0.0,0.0,200605.74,118142.637,1.56,24.0,4.42,4.64,5.96,6.62,6.84,6.03,42.81
20230825,5.88,5.91,5.71,5.77,5.86,-0.09,-1.5358,146879.53,85258.797,1.56,24.0,4.42,4.64,5.96,6.62,6.84,6.03,42.7
20230824,5.93,6.0,5.85,5.86,5.9,-0.04,-0.678,144121.0,85404.989,1.56,24.0,4.42,4.64,5.96,6.62,6.84,6.03,42.52
20230823,6.02,6.03,5.89,5.9,6.01,-0.11,-1.8303,108978.0,64756.152,1.56,24.0,4.42,4.64,6.18,6.62,6.84,6.03,42.51
20230822,5.96,6.06,5.89,6.01,5.94,0.07,1.1785,128986.93,76956.991,1.56,24.0,4.42,4.64,6.18,6.62,6.84,6.03,49.78
20230821,5.96,6.09,5.9,5.94,5.96,-0.02,-0.3356,144599.74,86869.975,1.56,24.0,4.42,4.64,6.18,6.62,6.84,6.03,42.61
20230818,6.08,6.12,5.95,5.96,6.1,-0.14,-2.2951,153736.48,92247.594,1.56,24.0,4.42,4.64,6.18,6.62,6.84,6.03,42.74
20230817,6.02,6.14,5.97,6.1,6.04,0.06,0.9934,124372.84,75403.184,1.56,24.0,4.42,4.64,6.18,6.62,6.84,6.03,49.33
20230816,6.13,6.15,6.0,6.04,6.13,-0.09,-1.4682,155048.64,94120.183,1.56,24.0,4.42,4.64,6.18,6.62,6.84,6.03,49.22
20230815,6.12,6.25,6.05,6.13,6.18,-0.05,-0.8091,160407.0,98518.232,1.56,24.0,4.42,4.64,6.18,6.62,6.84,6.02,49.11
20230814,6.06,6.2,6.0,6.18,6.06,0.12,1.9802,255093.56,155295.842,1.56,24.0,4.42,4.64,6.18,6.62,6.84,6.02,49.14
20230811,6.35,6.36,6.06,6.06,6.35,-0.29,-4.5669,265893.6,163820.712,1.56,24.0,4.42,4.64,6.18,6.62,6.84,6.02,49.18
20230810,6.24,6.4,6.22,6.35,6.26,0.09,1.4377,175764.38,111321.118,1.56,24.0,4.42,4.64,6.18,6.62,6.84,6.02,58.1
20230809,6.22,6.36,6.21,6.26,6.39,-0.13,-2.0344,308616.44,193065.137,1.56,24.0,4.42,4.64,6.18,6.62,6.84,6.02,58.02
20230808,6.45,6.54,6.34,6.39,6.5,-0.11,-1.6923,304260.7,195110.314,1.56,24.0,4.42,4.64,6.18,6.62,6.84,6.01,57.89
20230807,6.57,6.64,6.45,6.5,6.52,-0.02,-0.3067,242627.28,158317.588,1.56,24.0,4.42,4.64,5.96,6.62,6.84,6.01,77.86
20230804,6.5,6.62,6.43,6.52,6.49,0.03,0.4622,333879.02,217785.32,1.56,24.0,4.42,4.64,5.96,6.62,6.84,6.0,78.1
20230803,6.4,6.51,6.36,6.49,6.46,0.03,0.4644,263604.79,169835.64,1.56,24.0,4.42,4.64,5.96,6.62,6.84,5.99,78.2
20230802,6.4,6.5,6.39,6.46,6.44,0.02,0.3106,241968.19,156123.681,1.56,24.0,4.42,4.64,5.96,6.62,6.84,5.99,78.15
20230801,6.39,6.47,6.31,6.44,6.35,0.09,1.4173,374899.75,240128.605,1.56,24.0,4.42,4.64,5.96,6.62,6.84,5.98,78.09
20230731,6.39,6.47,6.32,6.35,6.41,-0.06,-0.936,426047.64,271782.199,1.56,24.0,4.42,4.64,5.96,6.62,6.84,5.98,60.5
20230728,6.45,6.54,6.4,6.41,6.48,-0.07,-1.0802,417050.0,269268.042,1.56,24.0,4.42,4.64,5.96,6.62,6.84,5.96,77.78
20230727,6.41,6.53,6.34,6.48,6.4,0.08,1.25,452645.62,292719.31,1.56,24.0,4.42,4.64,5.96,6.62,6.84,5.94,77.94
20230726,6.38,6.52,6.23,6.4,6.38,0.02,0.3135,502315.18,320262.589,1.56,24.0,4.42,4.64,5.74,6.62,6.84,5.93,63.84
20230725,6.49,6.58,6.3,6.38,6.43,-0.05,-0.7776,555235.89,354528.635,1.56,24.0,4.42,4.64,5.74,6.62,7.06,5.91,64.46
20230724,6.44,6.69,6.36,6.43,6.44,-0.01,-0.1553,703036.17,458782.854,1.56,24.0,4.42,4.64,5.74,6.62,7.06,5.88,77.0
20230721,6.27,6.55,6.25,6.44,6.33,0.11,1.7378,849025.25,542799.221,1.56,24.0,4.42,4.64,5.74,6.62,7.06,5.85,77.73
20230720,6.6,6.66,6.2,6.33,6.56,-0.23,-3.5061,821770.54,523118.992,1.56,24.0,4.42,4.64,5.74,6.62,7.06,5.81,68.97
20230719,6.58,6.63,6.43,6.56,6.74,-0.18,-2.6706,802595.07,523749.422,1.56,24.0,4.42,4.64,5.52,6.62,7.06,5.77,77.39
20230718,6.66,6.83,6.46,6.74,6.88,-0.14,-2.0349,1365807.11,908781.368,1.56,24.0,4.42,4.64,5.3,6.62,7.06,5.72,90.89
20230717,6.86,6.99,6.61,6.88,6.67,0.21,3.1484,1518774.87,1034122.205,1.56,24.0,4.42,4.64,5.3,6.62,7.06,5.63,94.7
20230714,6.5,6.67,6.39,6.67,6.06,0.61,10.066,1210394.93,796889.063,1.56,24.0,4.42,4.64,5.08,5.96,7.28,5.53,93.97
20230713,6.02,6.18,5.9,6.06,6.01,0.05,0.8319,708598.74,430290.728,1.56,24.0,4.42,4.42,5.08,5.96,7.72,5.45,91.91
20230712,5.88,6.18,5.84,6.01,5.84,0.17,2.911,923426.17,556467.206,1.56,24.0,4.42,4.42,5.08,5.74,7.72,5.42,92.32
20230711,5.74,6.04,5.69,5.84,5.7,0.14,2.4561,954448.38,558629.293,1.56,24.0,4.42,4.42,5.08,5.74,7.72,5.37,89.16
20230710,5.76,5.81,5.6,5.7,5.72,-0.02,-0.3497,767095.24,437275.176,1.56,24.0,4.42,4.42,4.86,5.74,7.94,5.33,80.36
20230707,5.9,5.91,5.54,5.72,5.83,-0.11,-1.8868,1718081.85,985387.79,1.56,24.0,4.42,4.42,4.86,5.74,7.94,5.31,82.08
20230706,5.28,5.83,5.28,5.83,5.3,0.53,10.0,904062.39,516691.551,1.56,24.0,4.2,4.42,4.86,5.3,8.38,5.25,91.24
20230705,5.16,5.47,5.08,5.3,5.16,0.14,2.7132,846276.73,449845.493,1.56,24.0,4.2,4.42,4.86,5.3,8.38,5.22,81.31
20230704,4.92,5.18,4.91,5.16,4.93,0.23,4.6653,587631.73,299050.686,1.56,24.0,4.2,4.42,4.86,5.3,8.38,5.21,84.76
20230703,4.8,5.15,4.77,4.93,4.76,0.17,3.5714,569865.35,284073.95,1.56,24.0,4.2,4.42,4.64,5.3,8.38,5.2,69.31
20230630,4.54,4.78,4.54,4.76,4.56,0.2,4.386,322206.62,151639.627,1.56,24.0,4.2,4.42,4.64,5.3,8.38,5.2,51.6
20230629,4.55,4.63,4.52,4.56,4.54,0.02,0.4405,118751.07,54299.493,1.56,24.0,4.2,4.42,4.64,5.3,8.38,5.2,24.97
20230628,4.58,4.61,4.47,4.54,4.58,-0.04,-0.8734,117224.08,53006.508,1.56,24.0,4.2,4.42,4.64,5.3,8.38,5.21,24.64
20230627,4.53,4.62,4.49,4.58,4.52,0.06,1.3274,105490.14,48104.355,1.56,24.0,4.2,4.42,4.64,5.3,8.38,5.21,24.31
20230626,4.58,4.62,4.48,4.52,4.6,-0.08,-1.7391,187940.51,85343.037,1.56,24.0,4.2,4.42,4.64,5.3,8.38,5.21,24.01
20230621,4.69,4.7,4.58,4.6,4.69,-0.09,-1.919,146415.14,67841.487,1.56,24.0,4.2,4.42,4.86,5.3,8.6,5.21,23.49
20230620,4.73,4.75,4.68,4.69,4.73,-0.04,-0.8457,107976.01,50839.921,1.56,24.0,4.2,4.42,4.86,5.3,8.38,5.21,48.78
20230619,4.65,4.76,4.63,4.73,4.66,0.07,1.5021,217433.85,102331.038,1.56,24.0,4.2,4.42,4.86,5.3,8.6,5.21,48.66
20230616,4.63,4.67,4.58,4.66,4.61,0.05,1.0846,124144.17,57494.293,1.56,24.0,4.2,4.42,4.86,5.3,8.38,5.22,48.26
20230615,4.69,4.69,4.61,4.61,4.67,-0.06,-1.2848,139478.79,64586.566,1.56,24.0,4.2,4.42,4.86,5.3,8.38,5.22,23.21
20230614,4.62,4.69,4.61,4.67,4.68,-0.01,-0.2137,150054.0,69807.077,1.56,24.0,4.2,4.42,4.86,5.3,8.38,5.22,47.64
20230613,4.7,4.72,4.65,4.68,4.72,-0.04,-0.8475,127080.31,59421.969,1.56,24.0,4.2,4.42,4.86,5.3,8.38,5.22,47.35
20230612,4.6,4.77,4.59,4.72,4.59,0.13,2.8322,237768.17,112085.354,1.56,24.0,4.2,4.42,4.86,5.3,8.6,5.22,47.19
20230609,4.59,4.62,4.52,4.59,4.6,-0.01,-0.2174,161552.73,73802.706,1.56,24.0,4.2,4.42,4.86,5.3,8.38,5.22,23.51
20230608,4.68,4.7,4.57,4.6,4.69,-0.09,-1.919,169169.95,77987.142,1.56,24.0,4.2,4.42,4.86,5.3,8.38,5.22,23.05
20230607,4.66,4.72,4.65,4.69,4.68,0.01,0.2137,109335.0,51241.702,1.56,24.0,4.2,4.42,4.86,5.3,8.38,5.23,45.88
20230606,4.77,4.79,4.67,4.68,4.79,-0.11,-2.2965,176908.0,83668.97,1.56,24.0,4.2,4.42,4.86,5.3,8.38,5.23,45.74
20230605,4.81,4.85,4.76,4.79,4.79,0.0,0.0,152979.0,73300.162,1.56,24.0,4.2,4.42,4.86,5.3,8.38,5.23,45.5
20230602,4.69,4.8,4.68,4.79,4.66,0.13,2.7897,261944.67,124708.199,1.56,24.0,4.2,4.42,4.86,5.3,8.38,5.23,45.3
20230601,4.66,4.69,4.62,4.66,4.66,0.0,0.0,139815.46,65108.058,1.56,24.0,4.2,4.42,4.86,5.3,8.38,5.23,44.92
20230531,4.65,4.7,4.61,4.66,4.66,0.0,0.0,208095.89,96807.892,1.56,24.0,4.2,4.42,4.86,5.3,8.38,5.23,44.63
20230530,4.65,4.67,4.53,4.66,4.65,0.01,0.2151,260830.71,119772.353,1.56,24.0,4.2,4.42,4.86,5.3,8.38,5.23,44.18
20230529,4.62,4.87,4.61,4.65,4.64,0.01,0.2155,362896.56,171306.702,1.56,24.0,4.2,4.42,4.86,5.3,8.38,5.23,43.51
20230526,4.65,4.71,4.57,4.64,4.68,-0.04,-0.8547,217088.4,100460.434,1.56,24.0,4.2,4.42,4.86,5.3,8.38,5.23,24.17
20230525,4.74,4.86,4.57,4.68,4.75,-0.07,-1.4737,387049.01,181792.5,1.56,24.0,4.2,4.42,4.86,5.3,8.38,5.24,42.61
20230524,4.58,4.88,4.49,4.75,4.59,0.16,3.4858,540849.47,253189.005,1.56,24.0,4.2,4.42,4.86,5.3,8.38,5.24,41.71
20230523,4.7,5.0,4.56,4.59,4.64,-0.05,-1.0776,412446.9,196855.855,1.56,24.0,4.2,4.42,4.86,5.3,8.38,5.25,24.74
20230522,4.72,4.73,4.62,4.64,4.69,-0.05,-1.0661,104707.68,48876.223,1.56,24.0,4.2,4.42,4.86,5.3,8.6,5.25,25.14
20230519,4.67,4.72,4.62,4.69,4.65,0.04,0.8602,115250.0,53827.296,1.56,24.0,4.2,4.42,4.86,5.3,8.38,5.25,40.45
20230518,4.61,4.66,4.59,4.65,4.6,0.05,1.087,125455.59,58150.923,1.56,24.0,4.2,4.42,4.86,5.3,8.38,5.25,40.19
20230517,4.61,4.64,4.57,4.6,4.62,-0.02,-0.4329,90672.08,41753.849,1.56,24.0,4.2,4.42,4.86,5.3,8.38,5.25,25.44
20230516,4.67,4.67,4.57,4.62,4.65,-0.03,-0.6452,120703.1,55621.207,1.56,24.0,4.2,4.42,4.86,5.3,8.38,5.25,25.18
20230515,4.63,4.65,4.55,4.65,4.63,0.02,0.432,153000.6,70337.181,1.56,24.0,4.2,4.42,4.86,5.3,8.38,5.25,39.27
20230512,4.58,4.67,4.57,4.63,4.59,0.04,0.8715,197981.13,91646.391,1.56,24.0,4.2,4.42,4.86,5.3,8.38,5.25,24.92
20230511,4.51,4.64,4.5,4.59,4.5,0.09,2.0,185543.91,84847.905,1.56,24.0,4.2,4.42,4.86,5.3,8.38,5.26,24.71
20230510,4.56,4.58,4.47,4.5,4.54,-0.04,-0.8811,140079.56,63184.948,1.56,24.0,4.2,4.42,4.86,5.3,8.38,5.26,24.2
20230509,4.54,4.63,4.48,4.54,4.51,0.03,0.6652,206875.7,94346.987,1.56,24.0,4.2,4.42,4.86,5.3,8.38,5.26,23.8
20230508,4.48,4.55,4.46,4.51,4.51,0.0,0.0,129379.56,58149.179,1.56,24.0,4.2,4.42,4.86,5.3,8.38,5.27,23.22
20230505,4.53,4.55,4.45,4.51,4.53,-0.02,-0.4415,124970.0,56192.27,1.56,24.0,4.2,4.42,4.86,5.3,8.6,5.27,22.86
20230504,4.54,4.59,4.49,4.53,4.55,-0.02,-0.4396,155249.15,70372.241,1.56,24.0,4.2,4.42,4.86,5.3,8.38,5.27,22.5
20230428,4.47,4.58,4.45,4.55,4.48,0.07,1.5625,120265.78,54428.147,1.56,24.0,4.2,4.42,4.86,5.3,8.38,5.27,22.06
20230427,4.41,4.52,4.41,4.48,4.44,0.04,0.9009,132285.0,59179.632,1.56,24.0,4.2,4.42,4.86,5.3,8.38,5.28,20.7
20230426,4.45,4.5,4.41,4.44,4.51,-0.07,-1.5521,131410.52,58513.418,1.56,24.0,4.2,4.42,4.86,5.3,8.38,5.28,20.22
20230425,4.63,4.65,4.43,4.51,4.59,-0.08,-1.7429,164999.0,74522.877,1.56,24.0,4.2,4.42,4.86,5.3,8.38,5.29,19.74
20230424,4.56,4.63,4.55,4.59,4.56,0.03,0.6579,184181.36,84508.516,1.56,24.0,4.2,4.42,4.86,5.3,8.6,5.29,19.52
20230421,4.88,4.89,4.55,4.56,4.87,-0.31,-6.3655,317100.39,148200.677,1.56,24.0,4.2,4.42,4.86,5.3,8.6,5.29,18.94
20230420,4.83,4.96,4.76,4.87,4.78,0.09,1.8828,207509.56,101136.465,1.56,24.0,4.2,4.42,4.86,5.3,8.6,5.3,54.37
20230419,4.82,4.87,4.77,4.78,4.8,-0.02,-0.4167,156891.75,75582.394,1.56,24.0,4.2,4.42,4.86,5.3,8.6,5.3,31.1
20230418,4.91,4.93,4.77,4.8,4.93,-0.13,-2.6369,200594.41,96686.781,1.56,24.0,4.2,4.42,4.86,5.3,8.6,5.3,31.02
20230417,4.96,5.0,4.9,4.93,4.99,-0.06,-1.2024,192494.41,94998.302,1.56,24.0,4.2,4.42,4.86,5.3,8.6,5.3,53.39
20230414,5.01,5.03,4.91,4.99,5.0,-0.01,-0.2,184591.52,91796.034,1.56,24.0,4.2,4.42,4.86,5.3,8.6,5.3,53.23
20230413,5.14,5.14,4.99,5.0,5.13,-0.13,-2.5341,263406.46,132642.099,1.56,24.0,4.2,4.42,4.86,5.3,8.6,5.29,53.06
20230412,5.11,5.15,5.06,5.13,5.11,0.02,0.3914,220031.04,112600.873,1.56,24.0,4.2,4.42,4.86,5.3,8.6,5.29,80.08
20230411,5.06,5.13,5.05,5.11,5.07,0.04,0.789,181125.13,92129.41,1.56,24.0,4.2,4.42,4.86,5.3,8.6,5.29,80.08
20230410,5.14,5.19,5.05,5.07,5.14,-0.07,-1.3619,237972.04,122028.632,1.56,24.0,4.2,4.42,4.86,5.3,8.6,5.29,54.28
20230407,5.16,5.21,5.08,5.14,5.11,0.03,0.5871,209806.11,107836.918,1.56,24.0,4.2,4.42,4.86,5.3,8.38,5.28,80.1
20230406,5.04,5.16,5.01,5.11,5.04,0.07,1.3889,342614.05,175265.384,1.56,24.0,4.2,4.42,4.86,5.3,8.38,5.28,80.25
20230404,5.04,5.07,4.99,5.04,5.07,-0.03,-0.5917,185674.0,93386.19,1.56,24.0,4.2,4.42,4.86,5.3,8.6,5.28,56.54
20230403,5.02,5.1,5.0,5.07,5.01,0.06,1.1976,179902.62,91130.603,1.56,24.0,4.2,4.42,4.86,5.3,8.6,5.27,56.29
20230331,5.03,5.03,4.95,5.01,5.03,-0.02,-0.3976,159515.0,79681.791,1.56,24.0,4.2,4.42,4.86,5.3,8.6,5.27,56.47
20230330,5.02,5.06,4.97,5.03,5.02,0.01,0.1992,177573.75,89102.108,1.56,24.0,4.2,4.42,4.86,5.3,8.6,5.27,56.37
20230329,5.03,5.09,5.0,5.02,5.02,0.0,0.0,174595.73,88082.486,1.56,24.0,4.2,4.42,4.86,5.3,8.6,5.27,56.25
20230328,5.07,5.12,5.01,5.02,5.08,-0.06,-1.1811,244909.81,123416.396,1.56,24.0,4.2,4.42,4.86,5.3,8.6,5.27,56.43
20230327,5.18,5.23,5.04,5.08,5.16,-0.08,-1.5504,296607.88,151560.788,1.56,24.0,4.2,4.42,4.86,5.3,8.6,5.26,56.67
20230324,5.07,5.18,5.03,5.16,5.08,0.08,1.5748,404558.87,206956.391,1.56,24.0,4.2,4.42,4.86,5.3,8.38,5.26,79.61
20230323,4.99,5.1,4.96,5.08,5.02,0.06,1.1952,352915.21,177830.433,1.56,24.0,4.2,4.42,4.86,5.3,8.6,5.25,58.62
20230322,4.85,5.05,4.79,5.02,4.85,0.17,3.5052,445306.58,220912.61,1.56,24.0,4.2,4.42,4.86,5.3,8.6,5.25,59.0
20230321,4.97,4.98,4.79,4.85,4.92,-0.07,-1.4228,345200.67,167522.547,1.56,24.0,4.2,4.42,4.86,5.3,8.6,5.25,40.64
20230320,4.86,4.96,4.86,4.92,4.89,0.03,0.6135,259437.0,127308.921,1.56,24.0,4.2,4.42,4.86,5.3,8.38,5.25,57.78
20230317,4.75,4.92,4.74,4.89,4.71,0.18,3.8217,359600.18,174816.607,1.56,24.0,4.2,4.42,4.86,5.3,8.38,5.25,57.6
20230316,4.8,4.85,4.7,4.71,4.84,-0.13,-2.686,195680.05,93472.033,1.56,24.0,3.98,4.42,4.86,5.3,8.6,5.25,41.9
20230315,4.75,4.92,4.75,4.84,4.74,0.1,2.1097,258254.41,125272.442,1.56,24.0,3.98,4.42,4.86,5.3,8.6,5.25,41.58
20230314,4.78,4.8,4.68,4.74,4.81,-0.07,-1.4553,233039.25,110372.324,1.56,24.0,3.98,4.42,4.86,5.3,8.38,5.25,41.6
20230313,4.78,4.84,4.75,4.81,4.8,0.01,0.2083,205673.29,98609.243,1.56,24.0,3.98,4.42,4.86,5.3,8.38,5.25,41.2
20230310,4.82,4.89,4.77,4.8,4.87,-0.07,-1.4374,284196.27,137015.343,1.56,24.0,3.98,4.2,4.86,5.3,8.38,5.25,40.86
20230309,4.96,4.96,4.82,4.87,4.95,-0.08,-1.6162,356224.35,174079.312,1.56,24.0,3.98,4.2,4.86,5.3,8.38,5.25,54.7
20230308,5.01,5.04,4.83,4.95,5.05,-0.1,-1.9802,437045.43,215532.554,1.56,24.0,3.98,4.2,4.86,5.3,8.38,5.25,54.13
20230307,5.21,5.39,5.05,5.05,5.09,-0.04,-0.7859,543355.29,283076.304,1.56,24.0,3.98,4.2,4.86,5.3,8.38,5.25,53.37
20230306,5.11,5.18,5.06,5.09,5.15,-0.06,-1.165,302572.62,154878.86,1.56,24.0,3.98,4.2,4.86,5.3,8.6,5.25,77.02
20230303,5.13,5.18,5.01,5.15,5.1,0.05,0.9804,445328.82,227402.209,1.56,24.0,3.98,4.2,4.86,5.3,8.6,5.24,76.94
20230302,5.13,5.2,5.07,5.1,5.15,-0.05,-0.9709,342979.07,175595.789,1.56,24.0,3.98,4.2,4.86,5.3,8.38,5.24,76.79
20230301,5.16,5.22,5.08,5.15,5.09,0.06,1.1788,412457.54,212636.416,1.56,24.0,3.98,4.2,4.86,5.3,8.6,5.23,76.72
20230228,5.14,5.17,5.0,5.09,5.14,-0.05,-0.9728,399686.09,203080.013,1.56,24.0,3.98,4.2,4.86,5.3,8.38,5.23,76.87
20230227,5.16,5.3,5.12,5.14,5.21,-0.07,-1.3436,461593.1,239815.33,1.56,24.0,3.98,4.2,4.86,5.3,8.6,5.22,76.72
20230224,5.2,5.32,5.1,5.21,5.35,-0.14,-2.6168,859328.61,446428.55,1.56,24.0,3.98,4.2,4.64,5.52,8.6,5.21,76.87
20230223,5.03,5.5,4.93,5.35,5.0,0.35,7.0,1199662.44,625435.926,1.56,24.0,3.98,4.2,4.64,5.52,8.6,5.2,84.42
20230222,5.04,5.04,4.94,5.0,5.07,-0.07,-1.3807,397721.54,198099.816,1.56,24.0,3.98,4.2,4.64,5.74,8.82,5.2,69.16
20230221,5.05,5.15,4.99,5.07,5.03,0.04,0.7952,612773.54,309941.842,1.56,24.0,3.98,4.2,4.64,5.74,8.82,5.19,69.13
20230220,4.92,5.08,4.91,5.03,4.92,0.11,2.2358,667461.27,334213.536,1.56,24.0,3.98,4.2,4.64,5.74,8.82,5.19,70.12
20230217,5.0,5.14,4.9,4.92,5.09,-0.17,-3.3399,841269.33,420602.226,1.56,24.0,3.98,4.2,4.64,5.74,8.82,5.19,70.01
20230216,5.45,5.48,4.99,5.09,5.04,0.05,0.9921,1848095.72,960296.132,1.56,24.0,3.98,4.2,4.64,5.74,8.82,5.18,77.73
20230215,4.89,5.04,4.84,5.04,4.58,0.46,10.0437,276668.57,138882.513,1.56,24.0,3.98,4.2,4.42,6.18,9.04,5.17,78.56
20230214,4.62,4.67,4.56,4.58,4.62,-0.04,-0.8658,127542.44,58693.706,1.56,24.0,3.98,4.2,4.42,6.18,9.04,5.17,53.94
20230213,4.61,4.64,4.58,4.62,4.62,0.0,0.0,117048.62,53871.087,1.56,24.0,3.98,4.2,4.42,6.18,9.04,5.17,54.01
20230210,4.65,4.69,4.6,4.62,4.65,-0.03,-0.6452,134251.69,62290.479,1.56,24.0,3.98,4.2,4.42,6.18,9.04,5.17,53.97
20230209,4.56,4.67,4.54,4.65,4.56,0.09,1.9737,204539.21,94817.554,1.56,24.0,3.98,4.2,4.42,6.18,9.04,5.17,73.24
20230208,4.61,4.63,4.55,4.56,4.61,-0.05,-1.0846,107248.83,49129.824,1.56,24.0,3.98,4.2,4.42,6.18,9.04,5.17,54.43
20230207,4.61,4.61,4.53,4.61,4.58,0.03,0.655,175008.29,80047.596,1.56,24.0,3.98,4.2,4.42,6.18,9.04,5.17,54.4
20230206,4.61,4.64,4.54,4.58,4.61,-0.03,-0.6508,164898.84,75612.098,1.56,24.0,3.98,4.2,4.42,6.18,9.04,5.17,54.33
20230203,4.59,4.62,4.51,4.61,4.62,-0.01,-0.2165,245305.98,111978.828,1.56,24.0,3.98,4.2,4.42,6.18,9.04,5.17,54.27
20230202,4.65,4.74,4.6,4.62,4.66,-0.04,-0.8584,247165.0,114979.7,1.56,24.0,3.98,4.2,4.42,6.18,9.04,5.17,54.16
20230201,4.59,4.67,4.57,4.66,4.57,0.09,1.9694,278798.11,129300.605,1.56,24.0,3.98,4.2,4.42,6.18,9.04,5.17,72.83
20230131,4.56,4.59,4.52,4.57,4.63,-0.06,-1.2959,192708.0,87851.227,1.56,24.0,3.98,4.2,4.42,6.18,9.04,5.17,54.83
20230130,4.57,4.65,4.52,4.63,4.52,0.11,2.4336,249494.09,115001.74,1.56,24.0,3.98,4.2,4.42,6.18,9.04,5.17,54.77
20230120,4.53,4.6,4.49,4.52,4.54,-0.02,-0.4405,165321.59,74790.766,1.56,24.0,3.98,4.2,4.42,6.18,9.04,5.17,54.88
20230119,4.4,4.6,4.36,4.54,4.4,0.14,3.1818,232086.51,104250.982,1.56,24.0,3.98,4.2,4.42,6.18,9.04,5.18,54.83
20230118,4.45,4.46,4.38,4.4,4.44,-0.04,-0.9009,127213.59,56086.388,1.56,24.0,3.98,4.2,4.42,6.18,9.04,5.18,30.0
20230117,4.33,4.46,4.3,4.44,4.31,0.13,3.0162,258101.21,113777.385,1.56,24.0,3.98,4.2,4.42,6.18,9.04,5.18,54.56
20230116,4.21,4.33,4.2,4.31,4.21,0.1,2.3753,185694.93,79499.025,1.56,24.0,3.98,4.2,4.42,6.18,9.04,5.18,29.9
20230113,4.19,4.23,4.18,4.21,4.21,0.0,0.0,83543.03,35050.284,1.56,24.0,3.98,4.2,4.42,6.18,9.04,5.18,29.68
20230112,4.17,4.24,4.13,4.21,4.16,0.05,1.2019,132631.47,55606.44,1.56,24.0,3.98,4.2,4.42,6.18,9.04,5.18,29.56
20230111,4.21,4.27,4.14,4.16,4.18,-0.02,-0.4785,138850.0,58196.127,1.56,24.0,3.98,4.2,4.42,6.18,9.04,5.18,10.12
20230110,4.19,4.24,4.16,4.18,4.22,-0.04,-0.9479,81563.13,34211.229,1.56,24.0,3.98,4.2,4.42,6.18,9.04,5.19,9.99
20230109,4.3,4.33,4.19,4.22,4.3,-0.08,-1.8605,233298.59,99262.089,1.56,24.0,3.98,4.2,4.42,6.18,9.04,5.19,28.97
20230106,4.28,4.4,4.25,4.3,4.27,0.03,0.7026,206083.75,89027.59,1.56,24.0,3.98,4.2,4.42,6.18,9.04,5.19,28.6
20230105,4.27,4.29,4.23,4.27,4.26,0.01,0.2347,76553.64,32602.204,1.56,24.0,3.98,4.2,4.42,6.18,9.04,5.19,28.35
20230104,4.25,4.27,4.2,4.26,4.23,0.03,0.7092,110586.98,46929.426,1.56,24.0,3.98,4.2,4.42,6.4,9.04,5.19,28.26
20230103,4.13,4.25,4.1,4.23,4.14,0.09,2.1739,114696.71,48126.062,1.56,24.0,3.98,4.2,4.42,6.18,9.04,5.19,28.14
20221230,4.18,4.19,4.1,4.14,4.16,-0.02,-0.4808,101632.0,42025.624,1.56,24.0,3.98,4.2,4.42,6.4,9.04,5.19,10.01
20221229,4.24,4.24,4.15,4.16,4.25,-0.09,-2.1176,135955.51,56903.826,1.56,24.0,3.98,4.2,4.42,6.4,9.04,5.2,9.82
20221228,4.32,4.32,4.22,4.25,4.31,-0.06,-1.3921,90503.95,38486.66,1.56,24.0,3.98,4.2,4.42,6.4,9.04,5.2,27.52
20221227,4.28,4.34,4.26,4.31,4.25,0.06,1.4118,89486.44,38437.878,1.56,24.0,3.98,4.2,4.42,6.4,9.04,5.2,27.41
20221226,4.31,4.33,4.23,4.25,4.33,-0.08,-1.8476,138206.1,59113.134,1.56,24.0,3.98,4.2,4.42,6.4,9.04,5.2,27.3
20221223,4.29,4.36,4.25,4.33,4.3,0.03,0.6977,109471.0,47284.42,1.56,24.0,3.98,4.2,4.42,6.4,9.04,5.2,27.14
20221222,4.37,4.41,4.26,4.3,4.34,-0.04,-0.9217,100991.0,43793.258,1.56,24.0,3.98,4.2,4.42,6.4,9.04,5.2,27.0
20221221,4.37,4.42,4.31,4.34,4.38,-0.04,-0.9132,101063.67,44062.165,1.56,24.0,3.98,4.2,4.42,6.4,9.04,5.2,26.88
20221220,4.35,4.41,4.3,4.38,4.34,0.04,0.9217,111969.53,48818.816,1.56,24.0,3.98,4.2,4.42,6.4,9.04,5.2,26.76
20221219,4.58,4.58,4.3,4.34,4.57,-0.23,-5.0328,253817.95,111707.592,1.56,24.0,3.98,4.2,4.42,6.4,9.04,5.2,26.62
20221216,4.5,4.61,4.47,4.57,4.55,0.02,0.4396,166599.83,75580.145,1.56,24.0,3.98,4.2,4.42,6.4,9.04,5.21,51.58
20221215,4.55,4.6,4.45,4.55,4.52,0.03,0.6637,154727.13,70322.506,1.56,24.0,3.98,4.2,4.42,6.4,9.04,5.21,51.51
20221214,4.65,4.69,4.49,4.52,4.61,-0.09,-1.9523,195133.13,89247.397,1.56,24.0,3.98,4.2,4.42,6.4,9.04,5.21,51.43
20221213,4.56,4.66,4.55,4.61,4.58,0.03,0.655,245874.55,113474.43,1.56,24.0,3.98,4.2,4.42,6.4,9.04,5.21,51.52
20221212,4.47,4.63,4.44,4.58,4.44,0.14,3.1532,337803.84,154415.517,1.56,24.0,3.98,4.2,4.42,6.4,9.04,5.21,51.61
20221209,4.42,4.51,4.42,4.44,4.43,0.01,0.2257,163462.08,72788.824,1.56,24.0,3.98,4.2,4.42,6.4,9.04,5.21,51.42
20221208,4.52,4.54,4.43,4.43,4.54,-0.11,-2.4229,206748.42,92306.209,1.56,24.0,3.98,4.2,4.42,6.4,9.04,5.21,51.34
20221207,4.62,4.64,4.53,4.54,4.65,-0.11,-2.3656,218940.84,99966.156,1.56,24.0,3.98,4.2,4.42,6.62,9.04,5.21,51.23
20221206,4.6,4.69,4.55,4.65,4.63,0.02,0.432,251212.39,116046.515,1.56,24.0,3.98,4.2,4.42,6.62,9.04,5.21,70.08
20221205,4.54,4.63,4.53,4.63,4.53,0.1,2.2075,278578.04,127688.927,1.56,24.0,3.98,4.2,4.42,6.62,9.04,5.22,51.21
20221202,4.48,4.54,4.47,4.53,4.51,0.02,0.4435,154931.35,69902.769,1.56,24.0,3.98,4.2,4.42,6.62,9.04,5.22,51.05
20221201,4.52,4.6,4.49,4.51,4.48,0.03,0.6696,241896.89,109718.098,1.56,24.0,3.98,4.2,4.42,6.62,9.04,5.22,50.97
20221130,4.57,4.58,4.47,4.48,4.55,-0.07,-1.5385,197016.36,88824.929,1.56,24.0,3.98,4.2,4.42,6.62,9.04,5.22,50.85
20221129,4.47,4.56,4.45,4.55,4.45,0.1,2.2472,262343.68,118473.724,1.56,24.0,3.98,4.2,4.42,6.62,9.04,5.22,50.75
20221128,4.44,4.47,4.4,4.45,4.49,-0.04,-0.8909,187052.0,82764.132,1.56,24.0,3.98,4.2,4.42,6.62,9.04,5.22,50.6
20221125,4.46,4.52,4.44,4.49,4.52,-0.03,-0.6637,142280.0,63898.872,1.56,24.0,3.98,4.2,4.42,6.62,9.04,5.22,50.42
20221124,4.6,4.63,4.48,4.52,4.62,-0.1,-2.1645,277756.95,125938.39,1.56,24.0,3.98,4.2,4.42,6.62,9.04,5.23,50.37
20221123,4.58,4.73,4.55,4.62,4.58,0.04,0.8734,375629.29,173305.071,1.56,24.0,3.98,4.2,4.42,6.62,9.04,5.23,50.22
20221122,4.54,4.78,4.52,4.58,4.53,0.05,1.1038,515815.63,240444.339,1.56,24.0,3.98,4.2,4.42,6.62,9.04,5.23,50.31
20221121,4.57,4.6,4.47,4.53,4.63,-0.1,-2.1598,337568.17,152570.403,1.56,24.0,3.98,4.2,4.42,6.84,9.04,5.23,50.9
20221118,4.77,4.8,4.59,4.63,4.79,-0.16,-3.3403,543430.91,254773.097,1.56,24.0,3.98,4.2,4.42,6.84,9.04,5.24,50.71
20221117,4.71,4.84,4.59,4.79,4.67,0.12,2.5696,695039.13,328167.253,1.56,24.0,3.98,4.2,4.42,6.84,9.04,5.24,67.88
20221116,4.82,4.88,4.65,4.67,4.65,0.02,0.4301,1110463.78,527686.022,1.56,24.0,3.98,4.2,4.42,6.84,9.04,5.25,67.53
20221115,4.2,4.65,4.19,4.65,4.23,0.42,9.9291,756501.99,340803.401,1.56,24.0,3.98,4.2,4.42,6.84,9.26,5.26,68.34
20221114,4.28,4.31,4.21,4.23,4.25,-0.02,-0.4706,193276.15,82216.44,1.56,24.0,3.76,4.2,4.42,6.84,9.26,5.27,32.95
20221111,4.27,4.33,4.24,4.25,4.18,0.07,1.6746,342979.69,146637.07,1.56,24.0,3.76,4.2,4.42,6.84,9.26,5.27,32.74
20221110,4.3,4.3,4.17,4.18,4.31,-0.13,-3.0162,362014.5,152598.229,1.56,24.0,3.76,4.2,4.42,6.84,9.26,5.28,12.68
20221109,4.21,4.57,4.18,4.31,4.24,0.07,1.6509,550813.89,238760.336,1.56,24.0,3.76,4.2,4.42,6.84,9.26,5.29,31.81
20221108,4.32,4.53,4.23,4.24,4.27,-0.03,-0.7026,469613.91,204314.974,1.56,24.0,3.76,4.2,4.42,6.84,9.26,5.3,31.35
20221107,4.24,4.4,4.21,4.27,4.23,0.04,0.9456,264781.64,113259.549,1.56,24.0,3.76,4.2,4.42,6.84,9.26,5.31,31.2
20221104,4.14,4.23,4.11,4.23,4.11,0.12,2.9197,200552.1,83731.187,1.56,24.0,3.76,4.2,4.42,6.84,9.26,5.31,30.9
20221103,4.12,4.16,4.05,4.11,4.16,-0.05,-1.2019,153284.0,62904.371,1.56,24.0,3.76,4.2,4.42,6.84,9.26,5.32,12.88
20221102,4.15,4.24,4.12,4.16,4.15,0.01,0.241,194533.74,81185.381,1.56,24.0,3.76,4.2,4.42,6.84,9.26,5.32,12.61
20221101,4.0,4.15,3.98,4.15,3.98,0.17,4.2714,193524.0,79106.344,1.56,24.0,3.76,4.2,4.42,6.84,9.26,5.32,12.45
20221031,3.99,4.07,3.95,3.98,4.04,-0.06,-1.4851,188447.52,75352.545,1.56,24.0,3.76,4.2,4.42,6.84,9.26,5.33,5.43
20221028,4.24,4.24,4.01,4.04,4.23,-0.19,-4.4917,195946.08,80678.344,1.56,24.0,3.76,4.2,4.64,6.84,9.26,5.33,11.73
20221027,4.29,4.32,4.21,4.23,4.24,-0.01,-0.2358,198811.11,84547.137,1.56,24.0,3.76,4.2,4.64,6.84,9.26,5.33,28.9
20221026,4.13,4.27,4.1,4.24,4.11,0.13,3.163,191086.81,80439.803,1.56,24.0,3.76,4.2,4.64,6.84,9.26,5.34,28.65
20221025,4.15,4.2,4.08,4.11,4.18,-0.07,-1.6746,186105.01,76864.815,1.56,24.0,3.76,4.2,4.64,6.84,9.26,5.34,11.63
20221024,4.25,4.3,4.14,4.18,4.23,-0.05,-1.182,205806.0,87032.334,1.56,24.0,3.76,4.2,4.64,6.84,9.26,5.35,11.3
20221021,4.33,4.36,4.22,4.23,4.35,-0.12,-2.7586,320169.84,136557.759,1.56,24.0,3.76,4.2,4.64,6.84,9.26,5.35,27.67
20221020,4.34,4.39,4.26,4.35,4.35,0.0,0.0,256303.06,111054.99,1.56,24.0,3.76,4.2,4.64,6.84,9.26,5.36,27.27
20221019,4.46,4.5,4.33,4.35,4.48,-0.13,-2.9018,390077.38,171368.566,1.56,24.0,3.76,4.2,4.64,6.84,9.26,5.36,26.94
20221018,4.5,4.58,4.39,4.48,4.43,0.05,1.1287,477915.48,214106.556,1.56,24.0,3.76,4.2,4.64,7.06,9.26,5.37,47.31
20221017,4.3,4.49,4.2,4.43,4.35,0.08,1.8391,600200.06,261304.578,1.56,24.0,3.76,4.2,4.64,7.06,9.26,5.38,46.79
20221014,4.14,4.54,4.1,4.35,4.17,0.18,4.3165,726046.88,315114.43,1.56,24.0,3.76,4.2,4.64,7.06,9.26,5.39,26.71
20221013,4.15,4.33,4.05,4.17,4.04,0.13,3.2178,724439.17,302935.094,1.56,24.0,3.76,4.2,4.64,7.06,9.26,5.41,12.05
20221012,3.7,4.04,3.67,4.04,3.67,0.37,10.0817,567803.28,226226.087,1.56,24.0,3.76,4.2,4.64,7.06,9.48,5.43,11.4
20221011,3.67,3.7,3.62,3.67,3.66,0.01,0.2732,75153.24,27558.949,1.56,24.0,3.76,4.2,4.64,7.06,9.48,5.46,1.53
20221010,3.74,3.76,3.65,3.66,3.71,-0.05,-1.3477,93927.45,34877.778,1.56,24.0,3.76,4.2,4.64,7.06,9.48,5.46,1.31
20220930,3.66,3.77,3.66,3.71,3.69,0.02,0.542,105283.86,39224.428,1.56,24.0,3.98,4.2,4.64,7.06,9.48,5.47,1.03
20220929,3.78,3.8,3.66,3.69,3.74,-0.05,-1.3369,108667.88,40552.434,1.56,24.0,3.98,4.2,4.64,7.06,9.48,5.47,0.85
20220928,3.85,3.86,3.74,3.74,3.85,-0.11,-2.8571,113444.51,42904.475,1.56,24.0,3.98,4.2,4.64,7.06,9.48,5.48,0.66
20220927,3.74,3.86,3.73,3.85,3.71,0.14,3.7736,142132.65,53888.922,1.56,24.0,3.98,4.2,4.64,7.06,9.48,5.48,3.55
20220926,3.8,3.81,3.71,3.71,3.81,-0.1,-2.6247,131003.11,49119.656,1.56,24.0,3.98,4.2,4.64,7.06,9.48,5.49,0.53
20220923,3.87,3.9,3.8,3.81,3.88,-0.07,-1.8041,138787.55,53240.667,1.56,24.0,3.98,4.2,4.64,7.06,9.48,5.5,2.58
20220922,3.9,3.95,3.86,3.88,3.95,-0.07,-1.7722,161227.42,62901.227,1.56,24.0,3.98,4.2,4.64,7.06,9.48,5.5,2.17
20220921,3.9,3.96,3.8,3.95,3.92,0.03,0.7653,221913.42,86019.331,1.56,24.0,3.98,4.2,4.64,7.06,9.48,5.51,1.69
20220920,4.0,4.01,3.9,3.92,3.93,-0.01,-0.2545,240781.01,94680.973,1.56,24.0,4.2,4.2,4.64,7.06,9.48,5.52,1.02
20220919,4.12,4.14,3.91,3.93,4.2,-0.27,-6.4286,468322.61,187355.062,1.56,24.0,4.2,4.2,4.64,7.06,9.48,5.54,0.6
20220916,4.54,4.56,4.19,4.2,4.66,-0.46,-9.8712,844188.23,366550.942,1.56,24.0,4.2,4.2,4.64,7.06,9.48,5.56,2.12
20220915,4.57,4.88,4.54,4.66,4.44,0.22,4.955,1162471.01,551690.067,1.56,24.0,4.2,4.42,4.64,7.06,9.48,5.6,56.02
20220914,4.44,4.58,4.39,4.44,4.47,-0.03,-0.6711,164489.56,73648.748,1.56,24.0,4.2,4.2,4.64,7.28,9.7,5.64,37.44
20220913,4.5,4.55,4.45,4.47,4.49,-0.02,-0.4454,93420.0,41980.822,1.56,24.0,4.2,4.2,4.64,7.28,9.7,5.64,37.14
20220909,4.44,4.49,4.41,4.49,4.45,0.04,0.8989,90706.1,40421.535,1.56,24.0,4.2,4.2,4.64,7.28,9.7,5.64,37.03
20220908,4.5,4.5,4.43,4.45,4.47,-0.02,-0.4474,90476.24,40349.452,1.56,24.0,4.2,4.2,4.64,7.28,9.7,5.65,36.87
20220907,4.48,4.49,4.45,4.47,4.47,0.0,0.0,82712.06,36973.644,1.56,24.0,4.2,4.2,4.64,7.28,9.7,5.65,36.75
20220906,4.46,4.49,4.42,4.47,4.46,0.01,0.2242,85384.41,38032.837,1.56,24.0,4.2,4.2,4.64,7.28,9.7,5.65,36.65
20220905,4.47,4.47,4.41,4.46,4.45,0.01,0.2247,91619.0,40686.495,1.56,24.0,4.2,4.2,4.64,7.28,9.7,5.65,36.54
20220902,4.34,4.47,4.34,4.45,4.35,0.1,2.2989,115125.86,51095.984,1.56,24.0,4.2,4.2,4.64,7.28,9.7,5.65,36.38
20220901,4.41,4.44,4.35,4.35,4.42,-0.07,-1.5837,99219.0,43584.438,1.56,24.0,4.2,4.2,4.64,7.28,9.7,5.66,15.86
20220831,4.47,4.48,4.4,4.42,4.46,-0.04,-0.8969,147405.62,65392.148,1.56,24.0,4.2,4.2,4.64,7.28,9.7,5.66,15.76
20220830,4.45,4.48,4.39,4.46,4.44,0.02,0.4505,113893.23,50623.695,1.56,24.0,4.2,4.2,4.64,7.28,9.7,5.66,35.68
20220829,4.3,4.5,4.27,4.44,4.34,0.1,2.3041,170144.38,74999.345,1.56,24.0,4.2,4.2,4.64,7.28,9.7,5.67,35.47
20220826,4.4,4.44,4.33,4.34,4.4,-0.06,-1.3636,132253.99,57879.494,1.56,24.0,4.2,4.2,4.64,7.28,9.7,5.67,15.63
20220825,4.46,4.48,4.33,4.4,4.45,-0.05,-1.1236,159892.41,70026.427,1.56,24.0,4.2,4.2,4.64,7.28,9.7,5.68,15.49
20220824,4.62,4.63,4.44,4.45,4.62,-0.17,-3.6797,223640.0,100793.476,1.56,24.0,4.2,4.2,4.64,7.28,9.7,5.68,34.44
20220823,4.6,4.66,4.58,4.62,4.62,0.0,0.0,125931.0,58055.059,1.56,24.0,4.2,4.2,4.64,7.28,9.7,5.69,34.09
20220822,4.6,4.66,4.55,4.62,4.63,-0.01,-0.216,137335.29,63346.52,1.56,24.0,4.2,4.2,4.64,7.28,9.7,5.69,34.06
20220819,4.69,4.84,4.62,4.63,4.68,-0.05,-1.0684,227725.83,107221.339,1.56,24.0,4.2,4.2,4.64,7.28,9.7,5.7,34.03
20220818,4.69,4.72,4.6,4.68,4.69,-0.01,-0.2132,203284.0,94615.885,1.56,24.0,4.2,4.2,4.64,7.28,9.7,5.7,52.19
20220817,4.6,4.73,4.56,4.69,4.59,0.1,2.1786,267134.26,124671.934,1.56,24.0,4.2,4.2,4.64,7.28,9.7,5.71,51.93
20220816,4.64,4.66,4.57,4.59,4.64,-0.05,-1.0776,173180.53,79672.852,1.56,24.0,4.2,4.2,4.64,7.28,9.7,5.72,34.71
20220815,4.55,4.67,4.55,4.64,4.59,0.05,1.0893,195174.0,90031.977,1.56,24.0,4.2,4.2,4.64,7.28,9.7,5.72,34.67
20220812,4.67,4.68,4.59,4.59,4.64,-0.05,-1.0776,168085.0,77760.658,1.56,24.0,4.2,4.2,4.64,7.28,9.7,5.73,34.61
20220811,4.54,4.7,4.53,4.64,4.51,0.13,2.8825,249446.57,115385.98,1.56,24.0,4.2,4.2,4.64,7.28,9.7,5.73,34.57
20220810,4.56,4.56,4.5,4.51,4.55,-0.04,-0.8791,106765.9,48282.021,1.56,24.0,4.2,4.2,4.64,7.5,9.7,5.74,34.5
20220809,4.56,4.61,4.48,4.55,4.55,0.0,0.0,240122.41,109124.97,1.56,24.0,4.2,4.2,4.64,7.5,9.7,5.75,34.34
20220808,4.52,4.56,4.46,4.55,4.5,0.05,1.1111,189998.1,85848.289,1.56,24.0,4.2,4.2,4.86,7.5,9.7,5.75,33.97
20220805,4.4,4.5,4.37,4.5,4.38,0.12,2.7397,222704.25,98884.415,1.56,24.0,4.2,4.2,4.86,7.5,9.7,5.76,33.66
20220804,4.31,4.4,4.31,4.38,4.3,0.08,1.8605,146515.9,63878.062,1.56,24.0,4.2,4.2,4.86,7.5,9.7,5.77,17.1
20220803,4.33,4.45,4.28,4.3,4.33,-0.03,-0.6928,169502.11,74156.133,1.56,24.0,4.2,4.2,4.86,7.5,9.7,5.78,16.76
20220802,4.46,4.47,4.25,4.33,4.49,-0.16,-3.5635,229627.44,99408.474,1.56,24.0,4.2,4.2,4.86,7.5,9.7,5.78,16.58
20220801,4.45,4.5,4.4,4.49,4.45,0.04,0.8989,137739.43,61447.05,1.56,24.0,4.2,4.2,4.86,7.5,9.7,5.79,31.85
20220729,4.44,4.49,4.39,4.45,4.44,0.01,0.2252,168132.44,74457.17,1.56,24.0,4.2,4.2,4.86,7.5,9.7,5.8,31.56
20220728,4.37,4.55,4.36,4.44,4.37,0.07,1.6018,249137.35,111652.383,1.56,24.0,4.2,4.2,4.86,7.5,9.7,5.81,31.19
20220727,4.35,4.43,4.34,4.37,4.37,0.0,0.0,103113.31,45113.863,1.56,24.0,4.2,4.2,4.86,7.5,9.7,5.81,16.44
20220726,4.33,4.38,4.27,4.37,4.32,0.05,1.1574,137360.39,59412.28,1.56,24.0,4.2,4.2,4.86,7.5,9.7,5.82,16.34
20220725,4.28,4.34,4.25,4.32,4.27,0.05,1.171,161759.01,69483.673,1.56,24.0,4.2,4.2,4.86,7.5,9.7,5.83,16.02
20220722,4.3,4.34,4.22,4.27,4.3,-0.03,-0.6977,151528.11,64831.668,1.56,24.0,4.2,4.2,4.86,7.5,9.7,5.83,15.64
20220721,4.33,4.35,4.28,4.3,4.32,-0.02,-0.463,131884.34,56955.077,1.56,24.0,4.2,4.2,4.86,7.5,9.7,5.84,15.28
20220720,4.32,4.35,4.29,4.32,4.32,0.0,0.0,135271.75,58387.137,1.56,24.0,4.2,4.42,4.86,7.5,9.7,5.85,14.97
20220719,4.29,4.38,4.27,4.32,4.3,0.02,0.4651,152308.0,65800.341,1.56,24.0,4.2,4.42,4.86,7.5,9.7,5.85,14.65
20220718,4.21,4.31,4.21,4.3,4.26,0.04,0.939,162425.02,69401.739,1.56,24.0,4.2,4.42,4.86,7.5,9.7,5.86,14.28
20220715,4.21,4.31,4.08,4.26,4.23,0.03,0.7092,294997.67,123848.986,1.56,24.0,4.2,4.42,4.86,7.5,9.7,5.87,13.88
20220714,4.35,4.39,4.2,4.23,4.49,-0.26,-5.7906,402983.55,171796.519,1.56,24.0,4.2,4.42,4.86,7.5,9.7,5.89,12.99
20220713,4.51,4.53,4.45,4.49,4.51,-0.02,-0.4435,131933.0,59233.384,1.56,24.0,4.2,4.42,5.08,7.5,9.7,5.91,25.48
20220712,4.63,4.65,4.51,4.51,4.66,-0.15,-3.2189,183790.45,83892.96,1.56,24.0,4.2,4.42,5.08,7.5,9.7,5.91,25.23
20220711,4.56,4.72,4.49,4.66,4.57,0.09,1.9694,297915.64,137504.295,1.56,24.0,4.2,4.42,5.08,7.5,9.7,5.92,42.31
20220708,4.59,4.65,4.57,4.57,4.62,-0.05,-1.0823,181804.0,83624.622,1.56,24.0,4.2,4.42,5.08,7.5,9.7,5.93,24.91
20220707,4.57,4.75,4.55,4.62,4.53,0.09,1.9868,268529.58,125086.734,1.56,24.0,4.2,4.42,5.08,7.5,9.7,5.94,24.79
20220706,4.55,4.64,4.49,4.53,4.57,-0.04,-0.8753,171673.55,78064.628,1.56,24.0,4.2,4.42,5.3,7.5,9.7,5.95,24.92
20220705,4.63,4.65,4.49,4.57,4.62,-0.05,-1.0823,233091.19,106297.204,1.56,24.0,4.2,4.42,5.3,7.5,9.7,5.96,24.58
20220704,4.71,4.71,4.6,4.62,4.71,-0.09,-1.9108,202683.76,93889.711,1.56,24.0,4.2,4.42,5.3,7.5,9.7,5.97,24.42
20220701,4.65,4.81,4.64,4.71,4.68,0.03,0.641,247058.24,116960.962,1.56,24.0,4.2,4.42,5.3,7.72,9.7,5.98,39.58
20220630,4.71,4.77,4.66,4.68,4.71,-0.03,-0.6369,269353.22,127084.552,1.56,24.0,4.2,4.42,5.52,7.72,9.7,5.99,39.25
20220629,4.81,4.87,4.68,4.71,4.86,-0.15,-3.0864,361724.46,172637.984,1.56,24.0,4.2,4.42,5.52,7.72,9.7,6.0,38.88
20220628,4.7,4.93,4.62,4.86,4.71,0.15,3.1847,561035.73,268790.988,1.56,24.0,4.2,4.42,5.52,7.72,9.7,6.01,38.83
20220627,4.68,4.75,4.66,4.71,4.66,0.05,1.073,278229.06,130564.376,1.56,24.0,4.2,4.42,5.52,7.72,9.7,6.04,38.3
20220624,4.63,4.68,4.6,4.66,4.62,0.04,0.8658,256761.83,119135.843,1.56,24.0,4.2,4.42,5.52,7.72,9.7,6.05,37.91
20220623,4.56,4.63,4.53,4.62,4.57,0.05,1.0941,256724.81,117708.523,1.56,24.0,4.2,4.42,5.52,7.72,9.7,6.06,26.07
20220622,4.7,4.73,4.57,4.57,4.73,-0.16,-3.3827,373536.88,172710.181,1.56,24.0,4.2,4.42,5.52,7.72,9.7,6.08,25.57
20220621,4.74,4.85,4.65,4.73,4.71,0.02,0.4246,473160.08,223922.807,1.56,24.0,4.2,4.42,5.74,7.94,9.7,6.1,35.95
20220620,4.73,4.83,4.66,4.71,4.72,-0.01,-0.2119,510883.83,241792.461,1.56,24.0,4.2,4.42,5.74,7.94,9.7,6.12,35.22
20220617,4.8,4.84,4.6,4.72,4.87,-0.15,-3.0801,788902.01,370204.455,1.56,24.0,4.2,4.42,5.74,7.94,9.7,6.14,34.41
20220616,5.11,5.24,4.82,4.87,4.77,0.1,2.0964,1306709.94,651386.461,1.56,24.0,4.2,4.2,5.74,7.94,9.92,6.19,36.59
20220615,4.35,4.77,4.34,4.77,4.34,0.43,9.9078,591703.95,270984.467,1.56,24.0,4.2,4.2,5.74,8.16,9.92,6.25,34.05
20220614,4.29,4.35,4.18,4.34,4.31,0.03,0.6961,240462.95,102348.053,1.56,24.0,4.2,4.2,5.74,8.16,9.92,6.29,16.45
20220613,4.32,4.38,4.26,4.31,4.36,-0.05,-1.1468,233440.31,100725.487,1.56,24.0,4.2,4.2,5.74,8.16,9.92,6.31,15.75
20220610,4.31,4.36,4.3,4.36,4.33,0.03,0.6928,253934.66,109936.83,1.56,24.0,4.2,4.2,5.96,8.16,9.92,6.33,15.2
20220609,4.46,4.46,4.3,4.33,4.48,-0.15,-3.3482,237487.87,103653.439,1.56,24.0,4.2,4.42,5.96,8.16,9.92,6.34,14.59
20220608,4.5,4.51,4.36,4.48,4.47,0.01,0.2237,246055.14,109123.86,1.56,24.0,4.2,4.42,5.96,8.16,9.92,6.36,24.76
20220607,4.55,4.57,4.44,4.47,4.53,-0.06,-1.3245,230400.0,103270.266,1.56,24.0,4.2,4.42,5.96,8.16,9.92,6.38,24.15
20220606,4.44,4.55,4.41,4.53,4.43,0.1,2.2573,312373.51,140420.48,1.56,24.0,4.2,4.42,5.96,8.16,9.92,6.39,23.7
20220602,4.4,4.45,4.37,4.43,4.4,0.03,0.6818,243372.15,107553.12,1.56,24.0,4.2,4.42,5.96,8.16,9.92,6.41,22.9
20220601,4.44,4.5,4.35,4.4,4.46,-0.06,-1.3453,335694.19,148281.497,1.56,24.0,4.2,4.42,5.96,8.16,9.92,6.43,14.56
20220531,4.45,4.52,4.36,4.46,4.61,-0.15,-3.2538,701575.34,311188.359,1.56,24.0,4.2,4.42,5.96,8.16,9.92,6.45,21.4
20220530,4.48,4.77,4.46,4.61,4.34,0.27,6.2212,1057697.26,495501.516,1.56,24.0,4.2,4.42,6.18,8.38,9.92,6.51,19.48
20220527,4.4,4.44,4.3,4.34,4.38,-0.04,-0.9132,159824.23,69565.053,1.56,24.0,4.2,4.2,6.18,8.38,10.14,6.59,15.3
20220526,4.32,4.4,4.21,4.38,4.28,0.1,2.3364,204412.66,88554.834,1.56,24.0,4.2,4.2,6.18,8.38,10.14,6.6,15.12
20220525,4.18,4.28,4.16,4.28,4.17,0.11,2.6379,147055.05,62184.931,1.56,24.0,4.2,4.42,6.18,8.38,10.14,6.62,14.63
20220524,4.42,4.46,4.17,4.17,4.43,-0.26,-5.8691,287845.54,123963.302,1.56,24.0,4.2,4.42,6.18,8.38,10.14,6.63,3.53
20220523,4.34,4.44,4.31,4.43,4.38,0.05,1.1416,243643.48,107342.777,1.56,24.0,4.2,4.42,6.18,8.38,10.14,6.65,17.26
20220520,4.34,4.46,4.32,4.38,4.34,0.04,0.9217,281199.18,123380.66,1.56,24.0,4.2,4.42,6.4,8.38,10.14,6.67,13.35
20220519,4.27,4.34,4.22,4.34,4.33,0.01,0.2309,199488.77,85525.533,1.56,24.0,4.2,4.42,6.4,8.38,10.14,6.7,13.01
20220518,4.22,4.38,4.19,4.33,4.22,0.11,2.6066,331540.94,143032.017,1.56,24.0,4.2,4.64,6.4,8.38,10.14,6.71,12.52
20220517,4.27,4.27,4.17,4.22,4.21,0.01,0.2375,140836.0,59382.839,1.56,24.0,4.2,4.86,6.62,8.38,10.14,6.74,11.5
20220516,4.29,4.31,4.2,4.21,4.3,-0.09,-2.093,183426.45,77993.883,1.56,24.0,4.2,4.86,6.62,8.38,10.14,6.76,11.07
20220513,4.28,4.33,4.25,4.3,4.3,0.0,0.0,191401.01,82025.434,1.56,24.0,4.2,5.08,6.62,8.38,10.14,6.77,10.6
20220512,4.2,4.31,4.17,4.3,4.24,0.06,1.4151,359724.84,152775.263,1.56,24.0,4.2,5.3,6.62,8.38,10.14,6.79,10.1
20220511,4.23,4.39,4.21,4.24,4.22,0.02,0.4739,323360.11,138858.896,1.56,24.0,4.2,5.3,6.62,8.38,10.14,6.83,8.95
20220510,4.16,4.29,4.1,4.22,4.21,0.01,0.2375,481432.76,202807.023,1.56,24.0,4.2,5.52,6.84,8.38,10.14,6.86,8.08
20220509,4.06,4.23,4.05,4.21,4.05,0.16,3.9506,273690.56,114029.766,1.56,24.0,4.2,5.52,6.84,8.38,10.14,6.91,6.5
20220506,4.15,4.15,4.0,4.05,4.22,-0.17,-4.0284,301899.56,123326.318,1.56,24.0,4.2,5.52,6.84,8.38,10.14,6.93,2.68
20220505,4.19,4.33,4.1,4.22,4.27,-0.05,-1.171,359505.68,151471.14,1.56,24.0,4.42,5.52,6.84,8.38,10.14,6.97,4.35
20220429,4.15,4.32,4.08,4.27,4.53,-0.26,-5.7395,672724.39,281251.168,1.56,24.0,4.64,5.52,6.84,8.38,10.14,7.01,3.12
20220428,4.62,4.67,4.47,4.53,4.65,-0.12,-2.5806,131749.12,60063.731,1.56,24.0,5.3,5.74,6.84,8.6,10.14,7.08,1.4
20220427,4.42,4.67,4.37,4.65,4.51,0.14,3.1042,197125.84,89189.465,1.56,24.0,5.3,5.74,6.84,8.6,10.14,7.1,2.18
20220426,4.76,4.79,4.43,4.51,4.75,-0.24,-5.0526,195215.75,90558.26,1.56,24.0,5.3,5.74,6.84,8.6,10.14,7.11,0.67
20220425,5.11,5.11,4.72,4.75,5.14,-0.39,-7.5875,231400.59,113440.036,1.56,24.0,5.3,5.74,6.84,8.6,10.14,7.13,0.73
20220422,5.2,5.24,5.05,5.14,5.23,-0.09,-1.7208,161020.74,82620.519,1.56,24.0,5.52,5.74,6.84,8.6,10.14,7.15,1.71
20220421,5.62,5.62,5.21,5.23,5.66,-0.43,-7.5972,340395.67,183289.084,1.56,24.0,5.52,5.74,6.84,8.6,10.14,7.16,1.14
20220420,5.77,5.84,5.66,5.66,5.79,-0.13,-2.2453,352640.75,202807.944,1.56,24.0,5.52,5.74,6.84,8.6,10.14,7.18,10.32
20220419,5.82,5.9,5.74,5.79,5.82,-0.03,-0.5155,358929.8,208700.468,1.56,24.0,5.52,5.74,6.84,8.6,10.14,7.2,24.56
20220418,5.57,5.9,5.48,5.82,5.6,0.22,3.9286,403255.34,232463.769,1.56,24.0,5.52,5.74,6.84,8.6,10.14,7.22,23.82
20220415,5.62,5.64,5.57,5.6,5.63,-0.03,-0.5329,93244.21,52238.066,1.56,24.0,5.52,5.74,6.84,8.6,10.14,7.25,9.96
20220414,5.62,5.65,5.59,5.63,5.6,0.03,0.5357,94068.99,52850.465,1.56,24.0,5.52,5.74,6.84,8.6,10.14,7.25,9.72
20220413,5.56,5.67,5.54,5.6,5.6,0.0,0.0,106911.3,60072.524,1.56,24.0,5.52,5.74,6.84,8.6,10.14,7.25,9.47
20220412,5.48,5.63,5.41,5.6,5.49,0.11,2.0036,131667.06,72579.971,1.56,24.0,5.52,5.74,6.84,8.6,10.14,7.26,9.18
20220411,5.67,5.67,5.46,5.49,5.63,-0.14,-2.4867,153361.38,84974.591,1.56,24.0,5.52,5.74,6.84,8.6,10.14,7.27,2.78
20220408,5.72,5.76,5.53,5.63,5.76,-0.13,-2.2569,244807.0,137545.627,1.56,24.0,5.52,5.74,6.84,8.6,10.14,7.28,8.24
20220407,5.85,5.96,5.76,5.76,5.89,-0.13,-2.2071,429904.19,251851.501,1.56,24.0,5.52,5.74,6.84,8.6,10.14,7.29,20.18
20220406,5.76,5.91,5.68,5.89,5.77,0.12,2.0797,269576.71,157206.992,1.56,24.0,5.52,5.74,7.06,8.6,10.36,7.31,19.21
20220401,5.75,5.79,5.68,5.77,5.77,0.0,0.0,136523.77,78464.857,1.56,24.0,5.52,5.74,7.06,8.6,10.36,7.33,18.47
20220331,5.75,5.8,5.73,5.77,5.75,0.02,0.3478,187120.88,107866.245,1.56,24.0,5.52,5.74,7.06,8.6,10.36,7.34,18.09
20220330,5.73,5.77,5.69,5.75,5.74,0.01,0.1742,157381.19,90306.793,1.56,24.0,5.52,5.74,7.06,8.6,10.36,7.35,17.57
20220329,5.79,5.85,5.66,5.74,5.82,-0.08,-1.3746,206730.31,118597.005,1.56,24.0,5.52,5.74,7.06,8.82,10.36,7.36,7.85
20220328,5.6,5.85,5.55,5.82,5.67,0.15,2.6455,389728.53,224323.221,1.56,24.0,5.52,5.74,7.06,8.82,10.36,7.37,16.53
20220325,5.71,5.83,5.66,5.67,5.71,-0.04,-0.7005,168167.63,96289.829,1.56,24.0,5.52,5.74,7.06,8.82,10.36,7.39,7.71
20220324,5.71,5.8,5.66,5.71,5.78,-0.07,-1.2111,209710.21,119840.606,1.56,24.0,5.52,5.96,7.06,8.82,10.36,7.4,7.45
20220323,5.78,5.88,5.67,5.78,5.78,0.0,0.0,423851.11,244382.553,1.56,24.0,5.52,5.96,7.06,8.82,10.36,7.41,14.19
20220322,5.67,5.95,5.59,5.78,5.66,0.12,2.1201,310969.52,179008.0,1.56,24.0,5.52,5.96,7.06,8.82,10.36,7.44,12.91
20220321,5.65,5.73,5.6,5.66,5.64,0.02,0.3546,192720.98,109035.986,1.56,24.0,5.52,5.96,7.06,8.82,10.36,7.46,6.95
20220318,5.43,5.72,5.41,5.64,5.46,0.18,3.2967,269616.97,151027.498,1.56,24.0,5.52,5.96,7.06,8.82,10.36,7.47,6.4
20220317,5.48,5.6,5.45,5.46,5.44,0.02,0.3676,206018.91,113820.597,1.56,24.0,5.52,5.96,7.06,8.82,10.36,7.49,2.84
20220316,5.35,5.46,5.15,5.44,5.23,0.21,4.0153,263420.35,140352.204,1.56,24.0,5.74,5.96,7.06,8.82,10.36,7.51,2.75
20220315,5.62,5.66,5.21,5.23,5.7,-0.47,-8.2456,348473.92,189900.765,1.56,24.0,5.74,6.18,7.06,8.82,10.36,7.53,0.92
20220314,5.78,5.88,5.69,5.7,5.81,-0.11,-1.8933,172556.44,99672.962,1.56,24.0,5.74,6.18,7.06,8.82,10.36,7.56,2.43
20220311,5.72,5.84,5.59,5.81,5.79,0.02,0.3454,172842.95,98396.734,1.56,24.0,5.74,6.18,7.06,8.82,10.36,7.57,6.6
20220310,5.68,5.92,5.67,5.79,5.59,0.2,3.5778,264797.57,153728.011,1.56,24.0,5.74,6.18,7.06,8.82,10.36,7.58,5.98
20220309,5.78,5.8,5.36,5.59,5.76,-0.17,-2.9514,265941.56,149310.802,1.56,24.0,5.74,6.18,7.06,8.82,10.36,7.6,1.93
20220308,5.88,5.92,5.73,5.76,5.89,-0.13,-2.2071,189976.0,110527.028,1.56,24.0,5.96,6.18,7.06,8.82,10.36,7.62,4.09
20220307,6.02,6.04,5.83,5.89,6.05,-0.16,-2.6446,198847.28,117577.422,1.56,24.0,5.96,6.18,7.06,8.82,10.36,7.63,3.44
20220304,6.15,6.15,6.01,6.05,6.08,-0.03,-0.4934,166261.24,100599.96,1.56,24.0,5.96,6.18,7.06,9.04,10.36,7.65,9.04
20220303,6.12,6.14,6.07,6.08,6.12,-0.04,-0.6536,119279.74,72694.712,1.56,24.0,5.96,6.18,7.06,9.04,10.36,7.65,8.58
20220302,6.07,6.13,6.03,6.12,6.11,0.01,0.1637,124162.77,75518.904,1.56,24.0,5.96,6.18,7.28,9.04,10.36,7.66,8.26
20220301,6.12,6.17,6.04,6.11,6.11,0.0,0.0,130906.73,79717.736,1.56,24.0,5.96,6.4,7.28,9.04,10.36,7.67,7.92
20220228,6.17,6.18,5.98,6.11,6.13,-0.02,-0.3263,184925.62,111824.472,1.56,24.0,5.96,6.4,7.28,9.04,10.36,7.68,7.56
20220225,6.09,6.26,6.09,6.13,6.07,0.06,0.9885,217295.92,134469.178,1.56,24.0,5.96,6.4,7.28,9.04,10.36,7.69,7.04
20220224,6.22,6.32,6.0,6.07,6.21,-0.14,-2.2544,270852.61,166392.153,1.56,24.0,5.96,6.4,7.28,9.04,10.36,7.7,6.98
20220223,6.16,6.24,6.15,6.21,6.16,0.05,0.8117,143076.1,88754.132,1.56,24.0,5.96,6.62,7.28,9.04,10.36,7.71,12.05
20220222,6.22,6.22,6.14,6.16,6.25,-0.09,-1.44,164938.98,101779.6,1.56,24.0,5.96,6.62,7.28,9.04,10.36,7.72,6.52
20220221,6.2,6.26,6.17,6.25,6.2,0.05,0.8065,140419.06,87365.441,1.56,24.0,5.96,6.62,7.28,9.04,10.36,7.73,11.05
20220218,6.15,6.23,6.14,6.2,6.18,0.02,0.3236,126492.86,78191.564,1.56,24.0,5.96,6.62,7.28,9.04,10.36,7.74,10.61
20220217,6.28,6.29,6.16,6.18,6.24,-0.06,-0.9615,137871.06,85384.902,1.56,24.0,5.96,6.62,7.28,9.04,10.36,7.75,6.18
20220216,6.2,6.36,6.2,6.24,6.19,0.05,0.8078,156843.71,98388.663,1.56,24.0,5.96,6.62,7.28,9.04,10.36,7.75,9.77
20220215,6.19,6.26,6.14,6.19,6.19,0.0,0.0,141247.25,87521.465,1.56,24.0,5.96,6.62,7.28,9.04,10.36,7.76,9.34
20220214,6.18,6.23,6.08,6.19,6.21,-0.02,-0.3221,177124.81,109285.452,1.56,24.0,5.96,6.62,7.28,9.04,10.36,7.77,8.89
20220211,6.21,6.32,6.19,6.21,6.23,-0.02,-0.321,199278.64,124513.434,1.56,24.0,5.96,6.84,7.28,9.04,10.36,7.78,8.28
20220210,6.17,6.24,6.14,6.23,6.16,0.07,1.1364,183152.56,113423.949,1.56,24.0,5.96,6.84,7.28,9.04,10.36,7.79,7.73
20220209,6.14,6.18,6.11,6.16,6.15,0.01,0.1626,180144.68,110879.985,1.56,24.0,5.96,6.84,7.28,9.04,10.36,7.8,5.85
20220208,5.99,6.15,5.95,6.15,5.96,0.19,3.1879,229849.59,139521.273,1.56,24.0,5.96,6.84,7.28,9.04,10.36,7.81,5.34
20220207,5.87,6.04,5.82,5.96,5.77,0.19,3.2929,237623.8,141234.36,1.56,24.0,6.18,6.84,7.28,9.04,10.36,7.82,3.24
20220128,5.78,5.85,5.67,5.77,5.77,0.0,0.0,202926.67,116715.785,1.56,24.0,6.4,6.84,7.28,9.04,10.36,7.84,2.84
20220127,6.05,6.05,5.71,5.77,6.24,-0.47,-7.5321,452513.0,263422.732,1.56,24.0,6.4,6.84,7.28,9.04,10.36,7.86,2.13
20220126,6.17,6.28,6.16,6.24,6.19,0.05,0.8078,118967.04,74035.545,1.56,24.0,6.62,6.84,7.28,9.04,10.36,7.89,2.03
20220125,6.44,6.46,6.18,6.19,6.46,-0.27,-4.1796,212624.28,133954.682,1.56,24.0,6.62,6.84,7.5,9.04,10.36,7.9,1.61
20220124,6.4,6.5,6.33,6.46,6.43,0.03,0.4666,155568.64,99839.74,1.56,24.0,6.62,6.84,7.5,9.04,10.36,7.91,2.4
20220121,6.68,6.7,6.42,6.43,6.61,-0.18,-2.7231,261132.06,169790.047,1.56,24.0,6.62,6.84,7.5,9.04,10.36,7.92,1.85
20220120,6.8,6.82,6.6,6.61,6.79,-0.18,-2.651,275107.59,183692.289,1.56,24.0,6.62,6.84,7.5,9.04,10.36,7.94,1.39
20220119,6.78,6.83,6.75,6.79,6.81,-0.02,-0.2937,167501.67,113642.255,1.56,24.0,6.62,6.84,7.5,9.04,10.58,7.95,5.04
20220118,6.84,6.86,6.78,6.81,6.82,-0.01,-0.1466,182085.75,123956.832,1.56,24.0,6.84,6.84,7.5,9.04,10.58,7.95,4.55
20220117,6.76,6.84,6.76,6.82,6.79,0.03,0.4418,173557.34,118287.438,1.56,24.0,6.84,6.84,7.5,9.04,10.58,7.96,4.25
20220114,6.91,6.93,6.77,6.79,6.93,-0.14,-2.0202,282730.45,192856.339,1.56,24.0,6.84,6.84,7.5,9.04,10.58,7.97,3.74
20220113,6.95,7.02,6.91,6.93,6.93,0.0,0.0,232932.84,162317.492,1.56,24.0,6.84,6.84,7.5,9.04,10.58,7.98,21.44
20220112,6.92,6.96,6.88,6.93,6.92,0.01,0.1445,160394.67,110945.34,1.56,24.0,6.84,6.84,7.5,9.26,10.58,7.99,20.93
20220111,7.02,7.03,6.9,6.92,7.01,-0.09,-1.2839,211272.84,147006.336,1.56,24.0,6.84,6.84,7.5,9.26,10.58,7.99,20.58
20220110,6.99,7.03,6.92,7.01,6.98,0.03,0.4298,206166.64,143999.347,1.56,24.0,6.84,6.84,7.5,9.26,10.58,8.0,20.11
20220107,6.94,7.06,6.93,6.98,6.93,0.05,0.7215,318315.74,222976.713,1.56,24.0,6.84,6.84,7.5,9.26,10.58,8.01,19.65
20220106,6.89,6.95,6.83,6.93,6.92,0.01,0.1445,205768.77,141815.959,1.56,24.0,6.84,6.84,7.5,9.26,10.58,8.02,18.93
20220105,6.96,7.04,6.88,6.92,6.95,-0.03,-0.4317,269929.33,187305.72,1.56,24.0,6.84,6.84,7.5,9.26,10.58,8.03,18.35
20220104,6.82,6.95,6.82,6.95,6.82,0.13,1.9062,286064.95,197119.694,1.56,24.0,6.84,6.84,7.5,9.26,10.58,8.04,17.72
20211231,6.8,6.86,6.77,6.82,6.83,-0.01,-0.1464,145232.42,99132.129,1.56,24.0,6.84,6.84,7.5,9.26,10.58,8.06,3.17
20211230,6.76,6.88,6.75,6.83,6.76,0.07,1.0355,190716.68,130387.41,1.56,24.0,6.84,6.84,7.5,9.26,10.58,8.06,2.92
20211229,6.86,6.87,6.73,6.76,6.86,-0.1,-1.4577,259317.81,175770.421,1.56,24.0,6.84,6.84,7.5,9.26,10.58,8.07,2.84
20211228,6.86,6.88,6.81,6.86,6.86,0.0,0.0,149934.62,102504.518,1.56,24.0,6.84,6.84,7.5,9.26,10.58,8.08,15.07
20211227,6.85,6.89,6.79,6.86,6.85,0.01,0.146,166730.57,113849.973,1.56,24.0,6.84,7.06,7.5,9.26,10.58,8.09,14.63
20211224,6.93,6.94,6.82,6.85,6.93,-0.08,-1.1544,205506.98,140880.136,1.56,24.0,6.84,7.06,7.5,9.26,10.58,8.1,14.09
20211223,6.97,6.98,6.9,6.93,6.96,-0.03,-0.431,173554.0,120262.64,1.56,24.0,6.84,7.06,7.72,9.26,10.58,8.11,13.47
20211222,6.97,6.99,6.91,6.96,6.96,0.0,0.0,217323.0,151090.843,1.56,24.0,6.84,7.06,7.72,9.26,10.58,8.11,13.02
20211221,6.85,6.97,6.85,6.96,6.85,0.11,1.6058,233439.66,161333.632,1.56,24.0,6.84,7.06,7.72,9.26,10.58,8.12,12.47
20211220,7.07,7.07,6.82,6.85,7.21,-0.36,-4.9931,583442.47,403328.956,1.56,24.0,6.84,7.06,7.72,9.26,10.58,8.13,11.88
20211217,7.33,7.34,7.19,7.21,7.34,-0.13,-1.7711,261511.23,189778.139,1.56,24.0,6.84,7.06,7.72,9.26,10.58,8.16,26.2
20211216,7.31,7.37,7.3,7.34,7.32,0.02,0.2732,251968.0,184581.716,1.56,24.0,6.84,7.06,7.72,9.48,10.58,8.17,36.09
20211215,7.33,7.45,7.3,7.32,7.37,-0.05,-0.6784,258110.21,189954.838,1.56,24.0,6.84,7.06,7.72,9.48,10.58,8.18,35.71
20211214,7.51,7.52,7.33,7.37,7.54,-0.17,-2.2546,360330.49,266800.612,1.56,24.0,6.84,7.06,7.72,9.48,10.58,8.18,35.3
20211213,7.57,7.67,7.52,7.54,7.61,-0.07,-0.9198,471014.11,356996.012,1.56,24.0,6.84,7.06,7.94,9.48,10.58,8.19,45.19
20211210,7.41,7.64,7.36,7.61,7.49,0.12,1.6021,893405.86,673821.185,1.56,24.0,6.84,7.06,7.94,9.48,10.58,8.2,44.64
20211209,7.06,7.77,7.06,7.49,7.06,0.43,6.0907,1171229.32,879156.271,1.56,24.0,6.84,7.06,7.94,9.48,10.58,8.22,36.77
20211208,7.02,7.08,6.99,7.06,6.99,0.07,1.0014,223593.39,157508.386,1.56,24.0,6.84,7.06,8.16,9.48,10.8,8.26,12.24
20211207,7.05,7.07,6.93,6.99,6.99,0.0,0.0,230111.5,160673.681,1.56,24.0,6.84,7.06,8.16,9.48,10.8,8.27,11.96
20211206,7.04,7.14,6.98,6.99,7.06,-0.07,-0.9915,283290.41,199842.525,1.56,24.0,6.84,7.06,8.16,9.48,10.8,8.28,11.66
20211203,7.04,7.07,6.96,7.06,7.02,0.04,0.5698,208049.58,146136.344,1.56,24.0,6.84,7.06,8.16,9.48,10.8,8.29,11.29
20211202,7.12,7.12,7.0,7.02,7.12,-0.1,-1.4045,238553.03,167882.07,1.56,24.0,6.84,7.06,8.16,9.48,10.8,8.3,11.01
20211201,6.99,7.15,6.96,7.12,7.02,0.1,1.4245,265102.65,187906.579,1.56,24.0,6.84,7.06,8.16,9.7,10.8,8.31,26.65
20211130,7.01,7.09,6.96,7.02,6.98,0.04,0.5731,209107.71,146941.854,1.56,24.0,6.84,7.06,8.16,9.7,10.8,8.32,10.67
20211129,7.03,7.06,6.93,6.98,7.14,-0.16,-2.2409,273969.74,191481.243,1.56,24.0,6.84,7.06,8.16,9.7,10.8,8.34,10.39
20211126,7.2,7.2,7.11,7.14,7.21,-0.07,-0.9709,211087.55,150827.64,1.56,24.0,6.84,7.06,8.16,9.7,10.8,8.35,24.62
20211125,7.39,7.39,7.17,7.21,7.33,-0.12,-1.6371,271519.22,196659.108,1.56,24.0,6.84,7.06,8.16,9.7,10.8,8.36,24.19
20211124,7.41,7.47,7.31,7.33,7.44,-0.11,-1.4785,277496.14,204392.767,1.56,24.0,6.84,7.06,8.16,9.7,10.8,8.37,30.92
20211123,7.4,7.56,7.38,7.44,7.46,-0.02,-0.2681,415588.51,310373.113,1.56,24.0,6.84,7.06,8.16,9.7,10.8,8.38,30.45
20211122,7.21,7.53,7.2,7.46,7.19,0.27,3.7552,654500.32,484436.968,1.56,24.0,6.84,7.06,8.16,9.7,10.8,8.39,30.22
20211119,6.99,7.28,6.95,7.19,7.01,0.18,2.5678,482075.44,344284.91,1.56,24.0,6.84,7.06,8.16,9.7,10.8,8.42,25.11
20211118,7.12,7.17,6.99,7.01,7.14,-0.13,-1.8207,262899.12,185598.453,1.56,24.0,6.84,7.06,8.38,9.7,10.8,8.44,10.31
20211117,7.05,7.17,6.96,7.14,7.1,0.04,0.5634,267446.0,189182.309,1.56,24.0,6.84,7.06,8.38,9.7,10.8,8.46,23.18
20211116,7.2,7.28,7.08,7.1,7.19,-0.09,-1.2517,303022.11,217620.156,1.56,24.0,6.84,7.06,8.38,9.7,10.8,8.47,22.48
20211115,7.17,7.24,7.1,7.19,7.14,0.05,0.7003,304139.25,218422.336,1.56,24.0,6.84,7.06,8.38,9.7,10.8,8.49,21.82
20211112,7.08,7.23,7.05,7.14,7.09,0.05,0.7052,328604.53,234650.991,1.56,24.0,6.84,7.06,8.38,9.7,10.8,8.5,21.16
20211111,7.09,7.13,7.02,7.09,7.1,-0.01,-0.1408,319209.36,225981.459,1.56,24.0,6.84,7.06,8.38,9.7,10.8,8.52,20.27
20211110,7.0,7.1,6.98,7.1,7.02,0.08,1.1396,315949.87,222523.669,1.56,24.0,6.84,7.06,8.38,9.7,10.8,8.54,19.4
20211109,6.96,7.09,6.9,7.02,6.92,0.1,1.4451,303412.74,212225.704,1.56,24.0,6.84,7.06,8.38,9.7,11.02,8.56,9.98
20211108,6.89,6.97,6.76,6.92,6.87,0.05,0.7278,228352.4,157312.338,1.56,24.0,6.84,7.06,8.38,9.7,11.02,8.57,9.55
20211105,7.0,7.05,6.87,6.87,7.03,-0.16,-2.276,323993.17,225608.189,1.56,24.0,6.84,7.06,8.38,9.7,11.02,8.59,8.82
20211104,7.07,7.13,6.94,7.03,7.14,-0.11,-1.5406,490723.82,344183.586,1.56,24.0,6.84,7.06,8.38,9.7,11.02,8.61,7.93
20211103,6.72,7.39,6.7,7.14,6.72,0.42,6.25,817376.24,585159.312,1.56,24.0,6.84,7.28,8.38,9.92,11.02,8.64,14.03
20211102,7.0,7.11,6.7,6.72,7.03,-0.31,-4.4097,449201.8,309216.293,1.56,24.0,6.84,7.5,8.38,9.92,11.02,8.69,1.94
20211101,6.89,7.14,6.8,7.03,6.9,0.13,1.8841,434505.16,305149.485,1.56,24.0,6.84,7.5,8.38,9.92,11.02,8.72,5.37
20211029,6.91,6.93,6.76,6.9,6.9,0.0,0.0,311713.5,213426.017,1.56,24.0,7.06,7.72,8.38,9.92,11.02,8.75,4.33
20211028,7.02,7.02,6.77,6.9,7.03,-0.13,-1.8492,343660.09,236306.738,1.56,24.0,7.06,7.72,8.38,9.92,11.02,8.78,3.26
20211027,7.17,7.19,6.99,7.03,7.17,-0.14,-1.9526,253974.85,178758.751,1.56,24.0,7.06,7.72,8.38,9.92,11.02,8.8,2.06
20211026,7.13,7.28,7.12,7.17,7.12,0.05,0.7022,299166.02,214710.722,1.56,24.0,7.06,7.72,8.6,9.92,11.02,8.82,5.53
20211025,7.08,7.24,6.98,7.12,7.07,0.05,0.7072,362242.21,256587.734,1.56,24.0,7.28,7.94,8.6,9.92,11.02,8.84,4.66
20211022,7.2,7.27,7.07,7.07,7.2,-0.13,-1.8056,370704.82,264840.069,1.56,24.0,7.28,7.94,8.6,9.92,11.02,8.87,3.41
20211021,7.41,7.41,7.16,7.2,7.43,-0.23,-3.0956,439600.76,319286.946,1.56,24.0,7.5,7.94,8.6,9.92,11.02,8.89,2.3
20211020,7.63,7.68,7.42,7.43,7.68,-0.25,-3.2552,441090.26,331138.822,1.56,24.0,7.5,7.94,8.6,9.92,11.02,8.92,2.11
20211019,7.62,7.73,7.41,7.68,7.58,0.1,1.3193,444951.03,336500.081,1.56,24.0,7.72,7.94,8.6,9.92,11.02,8.94,4.51
20211018,7.5,7.63,7.42,7.58,7.56,0.02,0.2646,263822.99,198212.749,1.56,24.0,7.72,8.16,8.6,9.92,11.02,8.96,3.42
20211015,7.85,7.88,7.52,7.56,7.84,-0.28,-3.5714,407326.68,311230.575,1.56,24.0,7.72,8.16,8.6,9.92,11.02,8.98,2.5
20211014,7.94,7.94,7.8,7.84,7.99,-0.15,-1.8773,230910.06,181407.761,1.56,24.0,7.94,8.16,8.6,9.92,11.02,9.0,4.3
20211013,7.95,8.0,7.83,7.99,7.98,0.01,0.1253,217010.27,171419.968,1.56,24.0,7.94,8.16,8.6,9.92,11.02,9.01,11.39
20211012,8.05,8.18,7.89,7.98,8.1,-0.12,-1.4815,273539.96,219119.559,1.56,24.0,7.94,8.16,8.6,9.92,11.02,9.02,10.65
20211011,8.1,8.17,8.04,8.1,8.14,-0.04,-0.4914,247802.27,200688.859,1.56,24.0,7.94,8.16,8.6,9.92,11.02,9.03,10.05
20211008,8.15,8.34,8.12,8.14,8.02,0.12,1.4963,340965.15,279823.805,1.56,24.0,7.94,8.16,8.6,9.92,11.02,9.04,9.69
20210930,7.9,8.03,7.85,8.02,7.86,0.16,2.0356,290571.0,230445.371,1.56,24.0,7.94,8.16,8.6,10.14,11.02,9.05,9.63
20210929,8.15,8.28,7.85,7.86,8.28,-0.42,-5.0725,446093.43,357995.269,1.56,24.0,7.94,8.16,8.82,10.14,11.02,9.06,2.7
20210928,8.44,8.46,8.2,8.28,8.58,-0.3,-3.4965,412731.57,342692.023,1.56,24.0,7.94,8.16,8.82,10.14,11.02,9.08,20.91
20210927,8.23,8.75,8.11,8.58,8.23,0.35,4.2527,708978.98,600933.819,1.56,24.0,7.94,8.16,8.82,10.14,11.24,9.09,37.09
20210924,8.55,8.68,8.21,8.23,8.46,-0.23,-2.7187,493765.35,414524.258,1.56,24.0,7.94,8.16,8.82,10.14,11.24,9.11,20.24
20210923,8.24,8.6,8.2,8.46,8.2,0.26,3.1707,556783.67,468522.438,1.56,24.0,7.94,8.16,8.82,10.14,11.24,9.13,35.52
20210922,8.21,8.29,8.1,8.2,8.5,-0.3,-3.5294,510273.38,417929.549,1.56,24.0,7.94,8.16,8.82,10.14,11.24,9.14,20.62
20210917,8.67,8.95,8.39,8.5,8.36,0.14,1.6746,832762.2,716408.032,1.56,24.0,7.94,8.16,8.82,10.14,11.24,9.16,32.91
20210916,8.58,8.72,8.3,8.36,8.61,-0.25,-2.9036,528093.6,448470.154,1.56,24.0,7.94,8.16,9.04,10.14,11.24,9.18,19.82
20210915,8.71,8.85,8.55,8.61,8.8,-0.19,-2.1591,448950.03,388533.519,1.56,24.0,7.94,8.16,9.04,10.14,11.24,9.19,40.87
20210914,9.04,9.04,8.66,8.8,9.04,-0.24,-2.6549,623298.47,550065.972,1.56,24.0,7.94,8.16,9.04,10.14,11.24,9.2,40.48
20210913,9.0,9.18,8.88,9.04,9.03,0.01,0.1107,585356.91,527135.855,1.56,24.0,7.94,8.16,9.04,10.14,11.24,9.2,46.97
20210910,9.13,9.34,8.96,9.03,9.15,-0.12,-1.3115,855274.8,778651.441,1.56,24.0,7.94,8.16,9.04,10.14,11.24,9.21,47.06
20210909,9.0,9.23,8.81,9.15,8.98,0.17,1.8931,1488593.39,1346807.941,1.56,24.0,7.94,8.16,9.04,10.36,11.24,9.21,55.64
20210908,8.18,8.98,8.11,8.98,8.16,0.82,10.049,1218734.05,1056261.851,1.56,24.0,7.94,8.16,9.04,10.36,11.24,9.22,49.15
20210907,8.08,8.22,8.05,8.16,8.1,0.06,0.7407,416649.07,338166.244,1.56,24.0,7.94,8.16,9.04,10.36,11.24,9.26,9.98
20210906,8.16,8.25,8.05,8.1,8.16,-0.06,-0.7353,386850.91,313487.939,1.56,24.0,7.94,8.16,9.04,10.36,11.46,9.28,9.38
20210903,8.3,8.42,8.09,8.16,8.35,-0.19,-2.2754,421608.97,347988.652,1.56,24.0,7.94,8.16,9.26,10.36,11.46,9.29,8.82
20210902,8.13,8.42,8.08,8.35,8.16,0.19,2.3284,428221.53,354883.715,1.56,24.0,7.94,8.16,9.26,10.36,11.46,9.31,20.86
20210901,8.3,8.36,8.04,8.16,8.38,-0.22,-2.6253,496532.74,404735.944,1.56,24.0,7.94,8.16,9.26,10.36,11.46,9.33,8.78
20210831,8.19,8.47,8.04,8.38,8.23,0.15,1.8226,558277.08,462943.15,1.56,24.0,7.94,8.16,9.26,10.36,11.46,9.35,18.59
20210830,8.8,8.83,8.21,8.23,8.76,-0.53,-6.0502,928714.18,778467.654,1.56,24.0,7.94,8.16,9.26,10.58,11.46,9.38,17.55
20210827,8.57,8.76,8.45,8.76,8.56,0.2,2.3364,517399.97,449043.123,1.56,24.0,7.94,8.16,9.48,10.58,11.46,9.41,36.49
20210826,8.45,8.76,8.34,8.56,8.44,0.12,1.4218,595767.11,510279.786,1.56,24.0,7.94,8.16,9.48,10.58,11.46,9.42,31.44
20210825,8.11,8.53,8.05,8.44,8.1,0.34,4.1975,678711.07,565727.107,1.56,24.0,7.94,8.16,9.48,10.58,11.46,9.45,30.66
20210824,8.09,8.2,8.07,8.1,8.15,-0.05,-0.6135,281072.89,227804.421,1.56,24.0,7.94,8.16,9.48,10.58,11.46,9.48,8.53
20210823,7.97,8.23,7.96,8.15,8.04,0.11,1.3682,368499.66,298384.992,1.56,24.0,7.94,8.16,9.48,10.58,11.46,9.5,8.11
20210820,8.02,8.1,7.87,8.04,8.07,-0.03,-0.3717,284736.47,227583.341,1.56,24.0,7.94,8.16,9.48,10.58,11.46,9.52,7.54
20210819,7.92,8.34,7.89,8.07,7.94,0.13,1.6373,483509.02,393505.276,1.56,24.0,7.94,8.38,9.48,10.58,11.46,9.53,6.58
20210818,7.79,7.96,7.66,7.94,7.8,0.14,1.7949,395631.55,308726.035,1.56,24.0,7.94,8.38,9.48,10.58,11.46,9.56,3.18
20210817,8.22,8.25,7.78,7.8,8.22,-0.42,-5.1095,597132.62,475821.824,1.56,24.0,8.16,8.38,9.48,10.58,11.46,9.59,2.19
20210816,8.21,8.38,8.16,8.22,8.22,0.0,0.0,293981.63,242473.613,1.56,24.0,8.16,8.38,9.7,10.58,11.46,9.63,8.94
20210813,8.38,8.39,8.14,8.22,8.38,-0.16,-1.9093,467485.93,385727.292,1.56,24.0,8.16,8.38,9.7,10.58,11.46,9.64,8.13
20210812,8.37,8.45,8.31,8.38,8.42,-0.04,-0.4751,448536.64,375718.002,1.56,24.0,8.16,8.38,9.7,10.58,11.46,9.67,7.05
20210811,8.38,8.49,8.36,8.42,8.4,0.02,0.2381,375049.7,315628.129,1.56,24.0,8.16,8.38,9.7,10.8,11.46,9.69,17.67
20210810,8.35,8.48,8.25,8.4,8.39,0.01,0.1192,361811.35,303113.168,1.56,24.0,8.16,8.38,9.7,10.8,11.46,9.71,16.58
20210809,8.35,8.54,8.31,8.39,8.27,0.12,1.451,404645.58,339735.856,1.56,24.0,8.16,8.38,9.7,10.8,11.46,9.73,15.5
20210806,8.22,8.35,8.16,8.27,8.28,-0.01,-0.1208,337255.85,278114.854,1.56,24.0,8.16,8.6,9.7,10.8,11.46,9.75,6.56
20210805,8.4,8.63,8.25,8.28,8.46,-0.18,-2.1277,495955.82,417001.451,1.56,24.0,8.16,8.6,9.7,10.8,11.46,9.77,5.58
20210804,8.38,8.51,8.3,8.46,8.35,0.11,1.3174,432575.49,364733.589,1.56,24.0,8.16,8.82,9.7,10.8,11.46,9.8,12.04
20210803,8.51,8.58,8.33,8.35,8.62,-0.27,-3.1323,418877.77,353509.022,1.56,24.0,8.16,9.04,9.7,10.8,11.68,9.83,5.33
20210802,8.32,8.68,8.2,8.62,8.36,0.26,3.11,573954.63,487662.523,1.56,24.0,8.16,9.04,9.7,10.8,11.68,9.85,11.36
20210730,8.22,8.47,8.13,8.36,8.34,0.02,0.2398,455863.82,378225.132,1.56,24.0,8.16,9.04,9.7,10.8,11.68,9.88,5.06
20210729,8.37,8.44,8.2,8.34,8.22,0.12,1.4599,511181.45,424212.973,1.56,24.0,8.38,9.04,9.7,10.8,11.68,9.91,3.94
20210728,8.95,8.95,8.13,8.22,9.03,-0.81,-8.9701,753351.22,635399.813,1.56,24.0,8.6,9.26,9.7,10.8,11.68,9.95,3.05
20210727,9.01,9.25,8.95,9.03,9.06,-0.03,-0.3311,618398.11,562656.596,1.56,24.0,9.04,9.26,9.92,10.8,11.68,9.99,4.5
20210726,9.2,9.37,8.9,9.06,9.36,-0.3,-3.2051,765440.15,698205.319,1.56,24.0,9.04,9.26,9.92,10.8,11.68,10.02,10.19
20210723,9.76,9.85,9.32,9.36,9.86,-0.5,-5.071,1113362.41,1060859.84,1.56,24.0,9.04,9.26,9.92,11.02,11.68,10.04,17.21
20210722,9.82,10.18,9.61,9.86,9.36,0.5,5.3419,1571039.93,1557684.863,1.56,24.0,9.04,9.26,9.92,11.02,11.68,10.07,43.69
20210721,9.51,9.62,9.34,9.36,9.51,-0.15,-1.5773,527142.98,496060.038,1.56,24.0,9.04,9.26,9.92,11.02,11.68,10.08,18.78
20210720,9.4,9.55,9.27,9.51,9.57,-0.06,-0.627,442389.37,415944.438,1.56,24.0,9.04,9.26,9.92,11.02,11.68,10.09,29.77
20210719,9.88,9.96,9.48,9.57,9.94,-0.37,-3.7223,697729.62,674573.045,1.56,24.0,9.04,9.26,9.92,11.02,11.68,10.11,28.58
20210716,9.3,10.25,9.26,9.94,9.37,0.57,6.0832,1150647.32,1137727.133,1.56,24.0,9.04,9.26,9.92,11.02,11.68,10.12,52.57
20210715,9.8,9.88,9.2,9.37,9.9,-0.53,-5.3535,830373.06,787173.256,1.56,24.0,9.04,9.26,9.92,11.02,11.68,10.13,18.93
20210714,10.61,10.75,9.81,9.9,10.09,-0.19,-1.8831,1121489.09,1144662.222,1.56,24.0,9.04,9.26,10.14,11.02,11.68,10.15,37.2
20210713,9.84,10.25,9.78,10.09,9.86,0.23,2.3327,832794.64,836949.827,1.56,24.0,8.82,9.26,9.92,11.02,11.68,10.15,50.6
20210712,9.79,9.97,9.63,9.86,9.74,0.12,1.232,725522.78,711388.696,1.56,24.0,8.82,9.26,9.92,11.24,11.9,10.15,39.94
20210709,9.4,9.85,9.33,9.74,9.53,0.21,2.2036,781969.39,758395.967,1.56,24.0,8.82,9.26,10.14,11.24,11.9,10.16,39.25
20210708,9.3,9.92,9.24,9.53,9.31,0.22,2.3631,840758.09,810470.349,1.56,24.0,8.82,9.26,10.14,11.24,11.9,10.18,29.94
20210707,9.33,9.39,9.17,9.31,9.5,-0.19,-2.0,563649.08,523673.726,1.56,24.0,8.82,9.26,10.14,11.24,11.9,10.2,20.99
20210706,9.08,9.53,8.95,9.5,9.12,0.38,4.1667,709613.91,660546.735,1.56,24.0,8.82,9.26,10.14,11.24,11.9,10.22,26.77
20210705,9.03,9.2,8.9,9.12,9.09,0.03,0.33,342263.85,309944.325,1.56,24.0,8.82,9.26,10.14,11.24,11.9,10.25,11.91
20210702,8.99,9.24,8.88,9.09,8.98,0.11,1.2249,488574.1,443339.577,1.56,24.0,8.82,9.26,10.14,11.24,11.9,10.27,10.82
20210701,9.4,9.45,8.98,8.98,9.41,-0.43,-4.5696,598803.04,548648.653,1.56,24.0,8.82,9.48,10.14,11.24,11.9,10.3,5.63
20210630,9.36,9.59,9.34,9.41,9.41,0.0,0.0,558948.21,528242.885,1.56,24.0,8.82,9.48,10.36,11.24,11.9,10.32,12.89
20210629,9.61,9.8,9.4,9.41,9.73,-0.32,-3.2888,592574.44,565961.681,1.56,24.0,8.82,9.48,10.36,11.24,11.9,10.35,12.12
20210628,10.01,10.1,9.67,9.73,10.07,-0.34,-3.3764,734654.86,723538.425,1.56,24.0,8.82,9.48,10.36,11.24,11.9,10.36,24.37
20210625,10.1,10.31,9.9,10.07,10.19,-0.12,-1.1776,710061.82,715695.77,1.56,24.0,8.82,9.48,10.36,11.24,11.9,10.38,34.07
20210624,10.19,10.34,9.9,10.19,10.16,0.03,0.2953,720086.51,728008.667,1.56,24.0,8.82,9.48,10.36,11.24,11.9,10.39,44.18
20210623,10.08,10.25,9.91,10.16,10.08,0.08,0.7937,704949.91,709844.033,1.56,24.0,8.6,9.48,10.36,11.24,11.9,10.4,42.62
20210622,10.16,10.39,9.98,10.08,10.04,0.04,0.3984,849891.02,863026.276,1.56,24.0,8.6,9.48,10.36,11.46,11.9,10.42,31.44
20210621,10.21,10.21,9.96,10.04,10.32,-0.28,-2.7132,953318.06,959588.633,1.56,24.0,8.6,9.48,10.58,11.46,11.9,10.42,32.24
20210618,9.51,10.52,9.51,10.32,9.56,0.76,7.9498,1547606.89,1583979.797,1.56,24.0,8.6,9.48,10.58,11.46,11.9,10.43,38.14
20210617,9.56,9.72,9.3,9.56,9.6,-0.04,-0.4167,607476.88,575774.136,1.56,24.0,8.38,9.26,10.58,11.46,12.12,10.45,21.63
20210616,9.8,9.98,9.46,9.6,9.87,-0.27,-2.7356,636526.93,617812.676,1.56,24.0,8.38,9.26,10.58,11.46,12.12,10.48,20.59
20210615,9.56,9.98,9.41,9.87,9.56,0.31,3.2427,989676.12,964760.464,1.56,24.0,8.38,9.26,10.58,11.46,12.12,10.5,24.12
20210611,9.17,9.65,8.92,9.56,9.12,0.44,4.8246,1038019.27,968917.674,1.56,24.0,8.38,9.26,10.58,11.46,12.12,10.53,20.01
20210610,9.14,9.28,8.96,9.12,9.24,-0.12,-1.2987,632001.54,576901.245,1.56,24.0,8.38,9.48,10.8,11.46,12.12,10.59,10.49
20210609,9.35,9.55,9.2,9.24,9.31,-0.07,-0.7519,452811.08,423554.546,1.56,24.0,8.38,9.7,10.8,11.46,12.12,10.62,9.12
20210608,9.67,9.74,9.2,9.31,9.72,-0.41,-4.2181,756186.64,711394.918,1.56,24.0,8.38,9.92,10.8,11.46,12.12,10.65,10.97
20210607,9.54,9.94,9.42,9.72,9.75,-0.03,-0.3077,686364.87,666111.654,1.56,24.0,8.16,9.92,10.8,11.46,12.12,10.68,12.3
20210604,10.24,10.26,9.75,9.75,10.28,-0.53,-5.1556,764379.45,764732.314,1.56,24.0,8.16,10.14,10.8,11.46,12.12,10.71,10.58
20210603,10.23,10.44,10.23,10.28,10.3,-0.02,-0.1942,410648.77,423612.674,1.56,24.0,8.16,10.14,10.8,11.68,12.12,10.73,15.54
20210602,10.5,10.62,10.11,10.3,10.59,-0.29,-2.7384,706027.8,730305.425,1.56,24.0,8.16,10.14,10.8,11.68,12.12,10.74,15.06
20210601,10.45,10.72,10.32,10.59,10.47,0.12,1.1461,722022.56,760761.297,1.56,24.0,8.16,10.36,10.8,11.68,12.12,10.75,39.67
20210531,10.29,10.6,10.23,10.47,10.4,0.07,0.6731,688749.64,717977.534,1.56,24.0,8.16,10.36,10.8,11.68,12.12,10.76,23.13
20210528,10.8,10.8,10.32,10.4,10.73,-0.33,-3.0755,825948.74,864939.971,1.56,24.0,8.16,10.36,10.8,11.68,12.12,10.77,21.98
20210527,10.45,10.92,10.4,10.73,10.51,0.22,2.0932,736377.52,784799.09,1.56,24.0,7.94,10.36,11.02,11.68,12.12,10.78,34.23
20210526,10.62,10.78,10.46,10.51,10.69,-0.18,-1.6838,671859.08,711266.386,1.56,24.0,7.94,10.36,11.02,11.68,12.34,10.79,20.88
20210525,10.51,10.74,10.28,10.69,10.59,0.1,0.9443,725524.0,767375.942,1.56,24.0,7.94,10.14,11.02,11.68,12.34,10.79,31.82
20210524,11.44,11.49,10.45,10.59,11.36,-0.77,-6.7782,1230811.05,1335790.424,1.56,24.0,7.94,10.14,11.02,11.68,12.34,10.8,29.99
20210521,11.76,12.23,11.31,11.36,11.74,-0.38,-3.2368,1024734.3,1196428.933,1.56,24.0,7.94,10.14,11.02,11.68,12.34,10.79,71.47
20210520,11.79,11.98,11.6,11.74,11.9,-0.16,-1.3445,787111.49,927159.521,1.56,24.0,7.72,10.14,11.02,11.68,12.34,10.75,89.07
20210519,11.51,11.92,11.37,11.9,11.51,0.39,3.3884,1127121.95,1317058.533,1.56,24.0,7.72,9.92,11.02,11.68,12.34,10.72,89.97
20210518,11.26,11.57,10.87,11.51,11.27,0.24,2.1295,973059.94,1094916.71,1.56,24.0,7.72,9.48,11.02,11.46,12.34,10.67,87.74
20210517,11.35,11.65,11.08,11.27,11.45,-0.18,-1.5721,890863.36,1011561.049,1.56,24.0,7.72,9.26,10.8,11.46,12.34,10.65,80.88
20210514,11.13,11.78,10.92,11.45,10.91,0.54,4.9496,1252630.39,1419965.196,1.56,24.0,7.72,9.26,10.8,11.46,12.34,10.62,81.59
20210513,10.7,11.38,10.6,10.91,10.93,-0.02,-0.183,876175.86,969021.927,1.56,24.0,7.5,9.04,10.8,11.46,12.34,10.59,55.55
20210512,10.76,11.15,10.64,10.93,10.84,0.09,0.8303,753619.19,823807.686,1.56,24.0,7.5,9.04,10.8,11.46,12.56,10.57,56.57
20210511,10.18,11.03,10.18,10.84,10.27,0.57,5.5501,1021090.9,1090034.197,1.56,24.0,7.5,9.04,10.8,11.46,12.56,10.56,56.4
20210510,10.06,10.38,10.06,10.27,10.15,0.12,1.1823,565810.91,578582.828,1.56,24.0,7.5,8.82,10.8,11.46,12.56,10.56,22.91
20210507,10.52,10.72,10.15,10.15,10.6,-0.45,-4.2453,822829.15,853968.522,1.56,24.0,7.28,8.82,10.8,11.46,12.56,10.56,21.97
20210506,10.79,10.88,10.55,10.6,10.95,-0.35,-3.1963,705799.78,754299.932,1.56,24.0,7.28,8.82,10.8,11.46,12.56,10.57,37.29
20210430,10.65,11.12,10.47,10.95,10.71,0.24,2.2409,1022161.54,1103206.546,1.56,24.0,7.28,8.82,10.8,11.68,12.56,10.57,51.28
20210429,10.91,11.25,10.7,10.71,11.03,-0.32,-2.9012,853789.73,934151.981,1.56,24.0,7.28,8.82,11.02,11.68,12.56,10.56,36.0
20210428,11.36,11.36,10.86,11.03,11.41,-0.38,-3.3304,1082150.59,1193568.321,1.56,24.0,7.28,8.6,10.8,11.68,12.56,10.54,67.01
20210427,10.94,11.46,10.8,11.41,11.02,0.39,3.539,1125865.36,1257435.908,1.56,24.0,7.06,8.6,10.8,11.68,12.56,10.52,77.3
20210426,10.85,11.6,10.83,11.02,10.85,0.17,1.5668,1339118.72,1501037.824,1.56,24.0,7.06,8.6,10.8,11.68,12.56,10.49,54.04
20210423,10.56,11.11,10.45,10.85,10.7,0.15,1.4019,1002589.6,1082527.03,1.56,24.0,7.06,8.6,10.8,11.68,12.56,10.45,56.79
20210422,11.09,11.25,10.5,10.7,11.2,-0.5,-4.4643,1571010.22,1703857.891,1.56,24.0,7.06,8.38,10.8,11.9,12.56,10.43,43.48
20210421,10.49,11.58,10.49,11.2,10.53,0.67,6.3628,1652908.99,1842404.599,1.56,24.0,6.84,8.38,10.8,11.9,12.78,10.4,66.31
20210420,10.39,10.66,10.06,10.53,10.69,-0.16,-1.4967,965313.53,1001560.292,1.56,24.0,6.84,8.38,10.8,11.9,12.78,10.35,39.59
20210419,10.72,11.13,10.6,10.69,10.84,-0.15,-1.3838,964158.55,1047300.204,1.56,24.0,6.84,8.38,10.8,12.12,12.78,10.35,45.21
20210416,10.87,11.13,10.46,10.84,10.4,0.44,4.2308,1027045.87,1111084.542,1.56,24.0,6.84,8.16,10.8,12.12,12.78,10.32,55.57
20210415,10.95,11.15,10.29,10.4,11.12,-0.72,-6.4748,974664.52,1034714.782,1.56,24.0,6.84,8.16,10.8,12.12,12.78,10.3,41.36
20210414,10.57,11.45,10.52,11.12,10.72,0.4,3.7313,1060806.81,1167170.523,1.56,24.0,6.62,8.16,10.8,12.12,12.78,10.28,60.97
20210413,10.51,10.85,10.27,10.72,10.6,0.12,1.1321,847691.58,896383.653,1.56,24.0,6.62,8.16,10.8,12.12,12.78,10.26,48.15
20210412,11.65,11.89,10.6,10.6,11.78,-1.18,-10.017,1291284.78,1423711.483,1.56,24.0,6.62,7.94,10.8,12.12,12.78,10.24,46.96
20210409,11.99,12.34,11.3,11.78,12.06,-0.28,-2.3217,1034423.57,1228017.388,1.56,24.0,6.62,7.94,10.8,12.12,12.78,10.19,76.87
20210408,13.22,13.25,12.06,12.06,13.4,-1.34,-10.0,1556347.25,1926001.51,1.56,24.0,6.62,7.94,10.58,12.34,12.78,10.12,80.44
20210407,12.0,13.4,12.0,13.4,12.18,1.22,10.0164,1139765.04,1463719.311,1.56,24.0,6.62,7.72,10.36,11.9,12.78,9.95,98.86
20210406,12.0,12.62,11.99,12.18,12.18,0.0,0.0,830263.37,1021182.372,1.56,24.0,6.4,7.72,10.14,11.68,12.34,9.82,93.19
20210402,11.63,12.34,11.26,12.18,11.68,0.5,4.2808,1151556.38,1361139.149,1.56,24.0,6.4,7.72,9.92,11.46,12.34,9.73,94.76
20210401,11.12,11.83,11.07,11.68,11.23,0.45,4.0071,916783.04,1060373.901,1.56,24.0,6.4,7.72,9.48,11.46,12.34,9.63,88.33
20210331,11.2,11.64,11.0,11.23,11.4,-0.17,-1.4912,784040.68,882441.44,1.56,24.0,6.4,7.5,9.26,11.46,12.34,9.56,77.66
20210330,10.81,11.75,10.65,11.4,10.69,0.71,6.6417,1310392.33,1476359.924,1.56,24.0,6.4,7.5,9.04,11.24,12.34,9.5,85.01
20210329,10.6,11.23,10.57,10.69,10.63,0.06,0.5644,1037593.8,1128595.617,1.56,24.0,6.4,7.5,9.04,11.24,12.34,9.4,70.9
20210326,10.31,10.88,10.09,10.63,10.62,0.01,0.0942,1295309.24,1353491.872,1.56,24.0,6.4,7.5,9.04,11.24,12.34,9.34,72.8
20210325,10.69,11.46,10.62,10.62,11.8,-1.18,-10.0,1304401.49,1402670.609,1.56,24.0,6.18,7.28,8.82,11.46,12.34,9.27,72.16
20210323,12.6,13.25,11.64,11.8,12.16,-0.36,-2.9605,2041097.78,2541827.692,1.56,24.0,6.18,7.28,8.82,11.46,12.34,9.18,89.68
20210322,11.1,12.16,11.0,12.16,11.05,1.11,10.0452,1113443.78,1321638.171,1.56,24.0,6.18,7.06,8.6,11.02,11.46,8.88,98.71
20210319,11.24,11.56,10.82,11.05,11.4,-0.35,-3.0702,1166383.16,1298003.482,1.56,24.0,6.18,7.06,8.6,10.58,11.24,8.75,91.02
20210318,11.51,11.79,11.0,11.4,11.37,0.03,0.2639,1595654.17,1815025.466,1.56,24.0,6.18,7.06,8.6,10.14,11.24,8.62,95.91
20210317,10.21,11.37,10.08,11.37,10.34,1.03,9.9613,957850.43,1042420.107,1.56,24.0,6.18,7.06,8.6,9.48,10.58,8.43,98.56
20210316,10.2,10.7,9.9,10.34,9.85,0.49,4.9746,1655855.44,1694143.185,1.56,24.0,6.18,6.84,8.38,9.26,10.14,8.33,95.58
20210315,9.01,9.85,8.85,9.85,8.95,0.9,10.0559,1217958.77,1167093.22,1.56,24.0,5.96,6.84,8.38,9.04,9.48,8.19,98.13
20210312,8.81,9.15,8.66,8.95,8.79,0.16,1.8203,962512.63,858912.158,1.56,24.0,5.96,6.84,8.38,9.04,9.26,8.12,82.76
20210311,8.8,9.09,8.57,8.79,9.02,-0.23,-2.5499,986209.1,866685.683,1.56,24.0,5.96,6.84,8.38,9.04,9.26,8.09,71.89
20210310,8.85,9.29,8.38,9.02,8.9,0.12,1.3483,1314665.28,1173173.866,1.56,24.0,5.96,6.84,8.16,9.04,9.26,8.05,83.78
20210309,9.18,9.52,8.3,8.9,9.08,-0.18,-1.9824,1672480.93,1528310.356,1.56,24.0,5.96,6.62,8.16,8.82,9.26,8.0,85.3
20210308,8.65,9.38,8.65,9.08,8.53,0.55,6.4478,1905923.92,1760805.346,1.56,24.0,5.96,6.62,8.16,8.82,9.26,7.92,94.97
20210305,8.66,8.9,8.25,8.53,8.85,-0.32,-3.6158,952549.74,816969.169,1.56,24.0,5.96,6.62,7.94,8.6,9.04,7.82,75.64
20210304,9.15,9.45,8.58,8.85,9.15,-0.3,-3.2787,1399544.39,1263667.222,1.56,24.0,5.96,6.62,7.94,8.6,9.04,7.78,93.49
20210303,8.7,9.15,8.34,9.15,8.86,0.29,3.2731,1187102.78,1035386.336,1.56,24.0,5.96,6.4,7.94,8.6,8.82,7.71,97.82
20210302,8.39,9.05,8.21,8.86,8.33,0.53,6.3625,1444510.81,1253552.661,1.56,24.0,5.74,6.4,7.72,8.6,8.82,7.65,96.32
20210301,8.97,9.15,8.0,8.33,8.48,-0.15,-1.7689,1271794.51,1078851.65,1.56,24.0,5.74,6.4,7.72,8.38,8.82,7.58,77.42
20210226,8.14,8.65,8.13,8.48,8.38,0.1,1.1933,899722.08,756451.575,1.56,24.0,5.74,6.4,7.72,8.38,8.6,7.52,90.52
20210225,8.35,8.53,7.93,8.38,8.26,0.12,1.4528,837222.38,696269.21,1.56,24.0,5.52,6.4,7.5,8.38,8.6,7.49,82.71
20210224,8.22,8.54,7.92,8.26,8.16,0.1,1.2255,891225.92,738527.773,1.56,24.0,5.3,6.4,7.5,8.38,8.6,7.46,83.16
20210223,8.13,8.68,8.13,8.16,8.28,-0.12,-1.4493,748646.62,626513.875,1.56,24.0,5.08,6.4,7.5,8.38,8.6,7.43,74.17
20210222,8.0,8.57,7.93,8.28,7.99,0.29,3.6295,952452.74,798827.655,1.56,24.0,5.08,6.18,7.5,8.38,8.6,7.4,84.79
20210219,7.71,8.14,7.61,7.99,7.71,0.28,3.6316,874789.05,693390.282,1.56,24.0,5.08,6.18,7.28,8.16,8.6,7.36,78.69
20210218,7.3,7.71,7.23,7.71,7.01,0.7,9.9857,945806.42,717645.992,1.56,24.0,4.86,6.18,7.28,8.16,8.6,7.33,60.76
20210210,7.01,7.1,6.91,7.01,7.01,0.0,0.0,407149.81,285771.978,1.56,24.0,4.86,6.18,7.28,8.16,8.6,7.33,37.7
20210209,6.84,7.18,6.84,7.01,6.89,0.12,1.7417,586446.06,412202.712,1.56,24.0,4.86,6.18,7.28,8.16,8.6,7.33,37.59
20210208,6.5,6.96,6.45,6.89,6.55,0.34,5.1908,753926.58,506826.358,1.56,24.0,4.86,6.18,7.28,8.38,8.6,7.34,37.46
20210205,7.19,7.27,6.48,6.55,7.19,-0.64,-8.9013,1006742.98,686306.135,1.56,24.0,4.86,6.18,7.5,8.38,8.82,7.35,24.25
20210204,7.68,7.83,7.03,7.19,7.81,-0.62,-7.9385,1275602.29,933603.746,1.56,24.0,4.86,6.18,7.5,8.38,8.82,7.37,39.57
20210203,8.25,8.37,7.71,7.81,8.32,-0.51,-6.1298,993881.65,799939.41,1.56,24.0,4.86,6.18,7.5,8.38,8.82,7.37,62.84
20210202,8.16,8.39,7.66,8.32,7.97,0.35,4.3915,1177910.63,945993.014,1.56,24.0,4.86,6.18,7.5,8.38,8.82,7.33,82.37
20210201,7.66,8.19,7.41,7.97,7.47,0.5,6.6934,1305078.51,1022356.969,1.56,24.0,4.64,6.18,7.28,8.38,8.82,7.3,74.47
20210129,8.01,8.5,7.47,7.47,8.3,-0.83,-10.0,1670529.8,1299061.971,1.56,24.0,4.64,5.96,7.28,8.38,8.82,7.26,53.65
20210128,8.56,9.01,8.14,8.3,8.19,0.11,1.3431,1913020.05,1660559.362,1.56,24.0,4.64,5.96,7.06,8.38,8.82,7.21,80.98
20210127,9.01,9.15,8.0,8.19,8.89,-0.7,-7.874,1930074.84,1610790.141,1.56,24.0,4.64,5.96,7.06,8.16,8.6,7.09,86.63
20210126,7.93,8.89,7.85,8.89,8.08,0.81,10.0248,1648869.47,1434128.367,1.56,24.0,4.64,5.96,6.84,7.94,8.6,6.96,97.91
20210125,7.84,8.44,7.5,8.08,7.85,0.23,2.9299,1145132.35,917798.535,1.56,24.0,4.64,5.96,6.84,7.72,8.16,6.84,92.43
20210122,7.39,8.12,7.19,7.85,7.39,0.46,6.2246,1355904.86,1036750.438,1.56,24.0,4.64,5.96,6.62,7.72,8.16,6.77,89.56
20210121,7.03,7.8,6.97,7.39,7.09,0.3,4.2313,1322836.63,978063.279,1.56,24.0,4.42,5.96,6.62,7.5,8.16,6.72,79.37
20210120,7.05,7.23,6.9,7.09,7.0,0.09,1.2857,857969.92,605261.804,1.56,24.0,4.42,5.74,6.62,7.5,8.16,6.67,73.32
20210119,7.21,7.64,6.8,7.0,7.28,-0.28,-3.8462,1209802.09,878368.947,1.56,24.0,4.42,5.74,6.4,7.72,8.16,6.66,65.97
20210118,7.25,7.63,7.14,7.28,7.93,-0.65,-8.1967,1852229.62,1342298.484,1.56,24.0,4.42,5.74,6.4,7.72,8.16,6.62,73.44
20210115,7.7,8.42,7.42,7.93,7.65,0.28,3.6601,2359270.92,1874872.338,1.56,24.0,4.42,5.52,6.4,7.72,8.16,6.56,88.01
20210114,8.2,8.2,7.21,7.65,7.5,0.15,2.0,2078658.1,1609946.923,1.56,24.0,4.42,5.08,6.4,7.06,7.94,6.4,91.12
20210113,7.35,7.5,7.12,7.5,6.82,0.68,9.9707,521231.47,385123.663,1.56,24.0,4.42,4.86,6.18,6.84,7.28,6.26,96.0
20210112,6.4,6.82,6.12,6.82,6.2,0.62,10.0,1165907.88,761774.621,1.56,24.0,4.42,4.86,6.18,6.84,7.28,6.23,83.57
20210111,5.96,6.42,5.85,6.2,6.0,0.2,3.3333,889458.26,544601.644,1.56,24.0,4.42,4.86,6.18,6.84,7.28,6.22,55.64
20210108,5.86,6.25,5.86,6.0,5.95,0.05,0.8403,600728.87,365932.986,1.56,24.0,4.42,4.86,6.18,6.84,7.28,6.22,36.73
20210107,6.1,6.32,5.79,5.95,6.22,-0.27,-4.3408,864786.91,522048.554,1.56,24.0,4.42,4.86,6.18,6.84,7.28,6.22,24.17
20210106,6.84,6.85,6.12,6.22,6.8,-0.58,-8.5294,1167498.89,750041.996,1.56,24.0,4.42,4.86,6.18,6.84,7.28,6.22,52.21
20210105,6.4,7.06,6.33,6.8,6.57,0.23,3.5008,1482290.68,992567.021,1.56,24.0,4.2,4.86,6.18,6.84,7.28,6.2,81.36
20210104,6.41,6.84,6.36,6.57,6.66,-0.09,-1.3514,1151126.31,752622.634,1.56,24.0,4.2,4.64,6.18,6.84,7.28,6.16,71.4
20201231,7.03,7.29,6.6,6.66,6.93,-0.27,-3.8961,1898727.97,1320409.896,1.56,24.0,4.2,4.64,6.18,6.84,7.28,6.13,81.48
20201230,6.4,6.93,5.85,6.93,6.3,0.63,10.0,1380061.9,904123.126,1.56,24.0,4.2,4.64,6.18,6.62,7.28,6.05,92.12
20201229,6.1,6.57,6.07,6.3,6.05,0.25,4.1322,1265701.99,802706.851,1.56,24.0,4.2,4.64,6.18,6.62,7.28,6.02,66.32
20201228,5.97,6.38,5.82,6.05,6.04,0.01,0.1656,874616.55,537068.32,1.56,24.0,4.2,4.64,6.18,6.62,7.28,6.0,48.58
20201225,6.07,6.18,5.83,6.04,6.2,-0.16,-2.5806,934169.52,561035.744,1.56,24.0,4.2,4.64,6.18,6.62,7.28,5.99,48.1
20201224,5.93,6.4,5.75,6.2,5.92,0.28,4.7297,1246247.6,754306.059,1.56,24.0,4.2,4.64,6.18,6.84,7.28,5.99,64.26
20201223,5.73,5.98,5.7,5.92,5.79,0.13,2.2453,949479.08,553786.396,1.56,24.0,4.2,4.64,6.18,6.84,7.5,5.98,38.58
20201222,6.14,6.37,5.79,5.79,6.21,-0.42,-6.7633,1190964.63,719045.944,1.56,24.0,4.2,4.42,6.18,6.84,7.72,5.98,37.65
20201221,6.3,6.39,5.98,6.21,6.4,-0.19,-2.9688,1225150.09,760906.831,1.56,24.0,4.2,4.42,6.18,6.84,7.72,5.96,59.52
20201218,7.0,7.08,6.24,6.4,6.89,-0.49,-7.1118,1951430.1,1278223.573,1.56,24.0,4.2,4.42,6.18,6.84,7.94,5.94,58.12
20201217,6.09,6.89,6.02,6.89,6.26,0.63,10.0639,1506212.72,1000060.423,1.56,24.0,4.2,4.42,6.18,6.84,7.94,5.87,89.76
20201216,5.92,6.58,5.78,6.26,5.98,0.28,4.6823,1909446.43,1195129.675,1.56,24.0,4.2,4.42,5.96,6.84,7.94,5.82,65.95
20201215,6.61,6.7,5.97,5.98,6.63,-0.65,-9.8039,1617684.89,1010769.724,1.56,24.0,4.2,4.42,5.52,6.84,7.94,5.77,53.53
20201214,6.2,6.65,6.05,6.63,6.3,0.33,5.2381,1563028.56,997614.013,1.56,24.0,3.98,4.42,5.08,6.84,7.94,5.72,81.87
20201211,6.2,6.35,6.12,6.3,6.26,0.04,0.639,1105510.84,691740.754,1.56,24.0,3.98,4.42,4.86,6.84,7.94,5.66,68.29
20201210,6.36,6.45,6.16,6.26,6.6,-0.34,-5.1515,1209384.67,760956.916,1.56,24.0,3.98,4.42,4.86,6.84,7.94,5.63,67.45
20201209,6.65,6.85,6.39,6.6,6.5,0.1,1.5385,1588037.91,1050296.597,1.56,24.0,3.98,4.42,4.86,6.84,7.94,5.59,72.27
20201208,6.87,6.96,6.5,6.5,6.97,-0.47,-6.7432,1801693.95,1204718.825,1.56,24.0,3.98,4.2,4.86,6.84,8.16,5.51,74.04
20201207,7.0,7.3,6.97,6.97,7.74,-0.77,-9.9483,1979447.13,1392269.251,1.56,24.0,3.98,4.2,4.86,7.06,8.16,5.4,84.92
20201204,8.3,8.6,7.74,7.74,8.6,-0.86,-10.0,1284884.67,1042013.433,1.56,24.0,3.98,4.2,4.64,6.4,8.16,5.24,91.99
20201203,8.6,8.6,8.6,8.6,7.82,0.78,9.9744,175193.97,150666.814,1.56,24.0,3.98,4.2,4.64,5.52,7.06,5.07,97.12
20201202,7.82,7.82,7.82,7.82,7.11,0.71,9.9859,112834.35,88236.462,1.56,24.0,3.98,4.2,4.64,5.52,6.84,5.05,97.49
20201201,6.63,7.11,6.5,7.11,6.46,0.65,10.0619,1186055.67,826124.525,1.56,24.0,3.98,4.2,4.64,5.52,6.84,5.03,97.23
20201130,6.26,6.46,6.06,6.46,5.87,0.59,10.0511,1100032.98,696169.938,1.56,24.0,3.98,4.2,4.64,5.08,6.18,4.93,96.89
20201127,5.6,5.87,5.35,5.87,5.34,0.53,9.9251,915249.62,521367.76,1.56,24.0,3.98,4.2,4.64,5.08,5.52,4.86,96.56
20201126,5.0,5.34,4.78,5.34,4.85,0.49,10.1031,1105808.58,560420.981,1.56,24.0,3.98,4.2,4.64,4.86,5.3,4.82,95.75
20201125,4.42,4.85,4.42,4.85,4.41,0.44,9.9773,574526.18,273833.941,1.56,24.0,3.98,4.2,4.64,4.86,5.3,4.8,65.1
20201124,4.44,4.48,4.39,4.41,4.45,-0.04,-0.8989,88094.04,39028.62,1.56,24.0,3.98,4.2,4.64,4.86,5.3,4.8,23.47
20201123,4.44,4.49,4.4,4.45,4.44,0.01,0.2252,109746.65,48740.202,1.56,24.0,3.98,4.2,4.64,4.86,5.3,4.8,43.53
20201120,4.39,4.46,4.34,4.44,4.4,0.04,0.9091,129713.24,57085.519,1.56,24.0,3.98,4.2,4.64,4.86,5.3,4.8,43.35
20201119,4.36,4.45,4.33,4.4,4.45,-0.05,-1.1236,162132.64,71070.262,1.56,24.0,3.98,4.2,4.64,4.86,5.3,4.8,23.44
20201118,4.25,4.68,4.23,4.45,4.25,0.2,4.7059,282101.86,126767.402,1.56,24.0,3.98,4.2,4.64,4.86,5.3,4.8,42.75
20201117,4.28,4.3,4.22,4.25,4.29,-0.04,-0.9324,56518.99,24021.462,1.56,24.0,3.98,4.2,4.64,4.86,5.3,4.8,23.48
20201116,4.27,4.32,4.23,4.29,4.23,0.06,1.4184,73004.13,31258.024,1.56,24.0,3.98,4.2,4.64,4.86,5.3,4.81,23.36
20201113,4.27,4.28,4.2,4.23,4.25,-0.02,-0.4706,85521.16,36210.99,1.56,24.0,3.98,4.2,4.64,4.86,5.3,4.81,23.21
20201112,4.25,4.34,4.21,4.25,4.23,0.02,0.4728,78576.95,33570.689,1.56,24.0,3.98,4.2,4.64,4.86,5.3,4.81,23.04
20201111,4.32,4.36,4.22,4.23,4.4,-0.17,-3.8636,138728.73,59282.264,1.56,24.0,3.98,4.2,4.64,4.86,5.3,4.81,22.87
20201110,4.3,4.48,4.24,4.4,4.3,0.1,2.3256,134534.05,58119.34,1.56,24.0,3.98,4.2,4.64,4.86,5.3,4.81,22.57
20201109,4.26,4.35,4.25,4.3,4.24,0.06,1.4151,111209.9,47898.795,1.56,24.0,3.98,4.2,4.64,4.86,5.3,4.81,22.45
20201106,4.22,4.28,4.19,4.24,4.22,0.02,0.4739,68221.65,28856.023,1.56,24.0,3.98,4.2,4.64,4.86,5.3,4.81,22.21
20201105,4.2,4.24,4.16,4.22,4.18,0.04,0.9569,49306.0,20726.771,1.56,24.0,3.98,4.2,4.64,4.86,5.3,4.81,22.04
20201104,4.23,4.25,4.15,4.18,4.21,-0.03,-0.7126,44559.01,18698.323,1.56,24.0,3.98,4.2,4.64,4.86,5.3,4.81,10.34
20201103,4.17,4.27,4.15,4.21,4.17,0.04,0.9592,78417.18,33096.809,1.56,24.0,3.98,4.2,4.64,4.86,5.3,4.82,21.78
20201102,4.05,4.18,4.05,4.17,4.05,0.12,2.963,84556.3,34867.349,1.56,24.0,3.98,4.2,4.64,4.86,5.3,4.82,10.32
20201030,4.14,4.19,4.04,4.05,4.11,-0.06,-1.4599,70969.84,29169.627,1.56,24.0,3.98,4.2,4.64,4.86,5.3,4.82,10.1
20201029,4.16,4.17,4.1,4.11,4.17,-0.06,-1.4388,41846.69,17303.03,1.56,24.0,3.98,4.2,4.64,4.86,5.3,4.82,9.91
20201028,4.18,4.21,4.07,4.17,4.17,0.0,0.0,42812.36,17733.667,1.56,24.0,3.98,4.2,4.64,4.86,5.3,4.82,9.79
20201027,4.19,4.23,4.13,4.17,4.2,-0.03,-0.7143,35411.0,14782.753,1.56,24.0,3.98,4.2,4.64,4.86,5.3,4.82,9.73
20201026,4.11,4.23,4.11,4.2,4.17,0.03,0.7194,44982.0,18843.423,1.56,24.0,3.98,4.2,4.64,4.86,5.3,4.82,9.68
20201023,4.2,4.25,4.17,4.17,4.18,-0.01,-0.2392,46306.84,19480.194,1.56,24.0,3.98,4.2,4.64,4.86,5.3,4.82,9.61
20201022,4.17,4.21,4.13,4.18,4.19,-0.01,-0.2387,38940.64,16286.661,1.56,24.0,3.98,4.2,4.64,4.86,5.3,4.82,9.6
20201021,4.15,4.25,4.12,4.19,4.13,0.06,1.4528,82059.51,34355.654,1.56,24.0,3.98,4.2,4.64,4.86,5.3,4.83,9.54
20201020,4.06,4.14,4.06,4.13,4.07,0.06,1.4742,65167.33,26736.478,1.56,24.0,3.98,4.2,4.64,4.86,5.3,4.83,9.43
20201019,4.16,4.16,4.06,4.07,4.08,-0.01,-0.2451,42363.0,17354.605,1.56,24.0,3.98,4.2,4.64,4.86,5.3,4.83,9.26
20201016,4.14,4.16,4.06,4.08,4.12,-0.04,-0.9709,55902.4,22840.897,1.56,24.0,3.98,4.2,4.64,4.86,5.3,4.83,9.14
20201015,4.17,4.19,4.11,4.12,4.19,-0.07,-1.6706,49779.0,20630.168,1.56,24.0,3.98,4.2,4.64,4.86,5.3,4.83,8.98
20201014,4.24,4.25,4.16,4.19,4.22,-0.03,-0.7109,46250.78,19381.898,1.56,24.0,3.98,4.2,4.64,4.86,5.3,4.83,8.84
20201013,4.24,4.27,4.2,4.22,4.26,-0.04,-0.939,71708.0,30255.435,1.56,24.0,3.98,4.2,4.64,4.86,5.3,4.83,19.22
20201012,4.25,4.27,4.18,4.26,4.18,0.08,1.9139,85078.5,36087.7,1.56,24.0,3.98,4.2,4.64,4.86,5.3,4.83,19.06
20201009,4.13,4.22,4.11,4.18,4.06,0.12,2.9557,60987.0,25538.484,1.56,24.0,3.98,4.2,4.64,4.86,5.3,4.84,8.76
20200930,4.08,4.11,4.03,4.06,4.06,0.0,0.0,42469.65,17250.668,1.56,24.0,3.98,4.2,4.64,4.86,5.3,4.84,8.59
20200929,4.02,4.13,4.02,4.06,4.01,0.05,1.2469,49460.59,20205.59,1.56,24.0,3.98,4.2,4.64,4.86,5.3,4.84,8.37
20200928,4.0,4.08,3.99,4.01,4.01,0.0,0.0,40640.86,16347.691,1.56,24.0,3.98,4.2,4.64,4.86,5.3,4.84,8.11
20200925,4.13,4.17,3.98,4.01,4.12,-0.11,-2.6699,87581.32,35386.189,1.56,24.0,3.98,4.2,4.64,4.86,5.3,4.84,7.9
20200924,4.26,4.27,4.1,4.12,4.29,-0.17,-3.9627,106898.52,44396.521,1.56,24.0,3.98,4.2,4.64,4.86,5.3,4.85,7.44
20200923,4.29,4.32,4.27,4.29,4.29,0.0,0.0,37968.0,16272.967,1.56,24.0,3.98,4.2,4.64,4.86,5.3,4.85,16.18
20200922,4.32,4.34,4.28,4.29,4.35,-0.06,-1.3793,51224.48,22030.734,1.56,24.0,3.98,4.2,4.64,4.86,5.3,4.85,16.0
20200921,4.37,4.39,4.33,4.35,4.37,-0.02,-0.4577,62525.0,27240.3,1.56,24.0,3.98,4.2,4.64,4.86,5.3,4.85,15.77
20200918,4.35,4.38,4.32,4.37,4.35,0.02,0.4598,59315.82,25815.979,1.56,24.0,3.98,4.2,4.64,4.86,5.3,4.86,15.48
20200917,4.39,4.4,4.31,4.35,4.38,-0.03,-0.6849,66788.66,29065.72,1.56,24.0,3.98,4.2,4.64,4.86,5.3,4.86,15.2
20200916,4.4,4.43,4.34,4.38,4.38,0.0,0.0,59128.01,25868.012,1.56,24.0,3.98,4.42,4.64,4.86,5.3,4.86,14.88
20200915,4.42,4.42,4.33,4.38,4.41,-0.03,-0.6803,46083.09,20146.863,1.56,24.0,3.98,4.42,4.64,4.86,5.3,4.86,14.74
20200914,4.45,4.47,4.37,4.41,4.45,-0.04,-0.8989,86231.58,37989.116,1.56,24.0,3.98,4.42,4.64,5.08,5.3,4.86,14.52
20200911,4.37,4.53,4.33,4.45,4.4,0.05,1.1364,93468.57,41304.95,1.56,24.0,3.98,4.42,4.64,5.08,5.3,4.86,33.91
20200910,4.39,4.42,4.31,4.4,4.38,0.02,0.4566,96566.55,42162.626,1.56,24.0,3.98,4.42,4.64,5.08,5.3,4.87,14.34
20200909,4.39,4.43,4.34,4.38,4.43,-0.05,-1.1287,102415.28,44947.522,1.56,24.0,3.98,4.42,4.64,5.08,5.3,4.87,13.89
20200908,4.38,4.45,4.34,4.43,4.4,0.03,0.6818,100335.46,44014.896,1.56,24.0,3.98,4.42,4.64,5.08,5.3,4.87,32.57
20200907,4.5,4.55,4.37,4.4,4.51,-0.11,-2.439,153180.85,68262.377,1.56,24.0,3.98,4.42,4.64,5.08,5.3,4.87,13.41
20200904,4.47,4.52,4.45,4.51,4.56,-0.05,-1.0965,88047.06,39533.639,1.56,24.0,3.98,4.42,4.64,5.08,5.3,4.88,31.44
20200903,4.5,4.58,4.44,4.56,4.52,0.04,0.885,141243.27,63481.495,1.56,24.0,3.98,4.42,4.64,5.08,5.3,4.88,31.15
20200902,4.5,4.56,4.45,4.52,4.49,0.03,0.6682,115817.0,52220.749,1.56,24.0,3.98,4.42,4.64,5.08,5.3,4.88,30.67
20200901,4.53,4.54,4.44,4.49,4.52,-0.03,-0.6637,89060.99,40010.325,1.56,24.0,3.98,4.42,4.64,5.08,5.3,4.88,30.27
20200831,4.56,4.66,4.51,4.52,4.53,-0.01,-0.2208,128529.0,58973.994,1.56,24.0,3.98,4.42,4.64,5.08,5.3,4.88,29.97
20200828,4.54,4.56,4.43,4.53,4.59,-0.06,-1.3072,170048.0,76356.916,1.56,24.0,3.98,4.42,4.64,5.08,5.3,4.88,29.83
20200827,4.56,4.61,4.51,4.59,4.58,0.01,0.2183,116035.54,52944.911,1.56,24.0,3.98,4.42,4.64,5.08,5.3,4.88,29.23
20200826,4.73,4.75,4.56,4.58,4.77,-0.19,-3.9832,207259.6,95879.948,1.56,24.0,3.98,4.42,4.64,5.08,5.3,4.89,28.81
20200825,4.84,4.88,4.75,4.77,4.86,-0.09,-1.8519,139270.04,66726.359,1.56,24.0,3.98,4.42,4.64,5.08,5.3,4.89,53.28
20200824,4.81,4.93,4.74,4.86,4.76,0.1,2.1008,174578.0,84466.216,1.56,24.0,3.98,4.42,4.64,5.08,5.3,4.89,53.4
20200821,4.86,4.88,4.72,4.76,4.78,-0.02,-0.4184,155414.86,74578.689,1.56,24.0,3.98,4.42,4.64,5.08,5.3,4.88,53.56
20200820,4.84,4.92,4.75,4.78,4.82,-0.04,-0.8299,177199.02,85575.193,1.56,24.0,3.98,4.2,4.64,5.08,5.3,4.88,53.7
20200819,5.01,5.03,4.82,4.82,5.01,-0.19,-3.7924,291857.24,143291.041,1.56,24.0,3.98,4.2,4.64,5.08,5.3,4.88,53.87
20200818,5.0,5.05,4.9,5.01,5.0,0.01,0.2,345497.28,172301.128,1.56,24.0,3.98,4.2,4.64,5.08,5.3,4.88,82.92
20200817,4.88,5.1,4.86,5.0,4.85,0.15,3.0928,438633.03,218994.419,1.56,24.0,3.98,4.2,4.64,5.08,5.3,4.87,83.23
20200814,4.82,4.92,4.73,4.85,4.8,0.05,1.0417,184451.82,89266.424,1.56,24.0,3.98,4.2,4.64,5.08,5.3,4.86,58.47
20200813,4.71,4.88,4.65,4.8,4.71,0.09,1.9108,199000.56,95732.871,1.56,24.0,3.98,4.2,4.64,5.08,5.3,4.85,58.7
20200812,4.68,4.72,4.57,4.71,4.68,0.03,0.641,165849.61,76990.563,1.56,24.0,3.98,4.2,4.64,5.08,5.3,4.85,58.96
20200811,4.89,4.91,4.65,4.68,4.87,-0.19,-3.9014,234904.24,112416.923,1.56,24.0,3.98,4.2,4.64,5.08,5.3,4.85,58.61
20200810,4.84,4.96,4.81,4.87,4.92,-0.05,-1.0163,249870.79,121761.454,1.56,24.0,3.98,4.2,4.64,5.08,5.3,4.85,84.24
20200807,4.98,4.98,4.73,4.92,4.99,-0.07,-1.4028,356702.4,172446.953,1.56,24.0,3.98,4.2,4.64,5.08,5.3,4.84,84.21
20200806,4.99,5.1,4.92,4.99,4.92,0.07,1.4228,471373.47,235621.579,1.56,24.0,3.98,4.2,4.64,5.08,5.3,4.84,84.04
20200805,4.79,4.94,4.71,4.92,4.79,0.13,2.714,319476.98,154413.768,1.56,24.0,3.98,4.2,4.64,4.86,5.3,4.82,85.67
20200804,4.83,4.86,4.72,4.79,4.86,-0.07,-1.4403,223241.77,106741.377,1.56,24.0,3.76,4.2,4.64,4.86,5.3,4.82,63.29
20200803,4.74,4.87,4.73,4.86,4.71,0.15,3.1847,247970.49,119233.272,1.56,24.0,3.76,4.2,4.64,4.86,5.3,4.82,63.1
20200731,4.68,4.77,4.63,4.71,4.67,0.04,0.8565,173324.28,81640.378,1.56,24.0,3.76,4.2,4.64,4.86,5.3,4.81,63.53
20200730,4.79,4.83,4.65,4.67,4.76,-0.09,-1.8908,178027.0,83918.722,1.56,24.0,3.76,4.2,4.64,4.86,5.3,4.81,63.22
20200729,4.62,4.76,4.55,4.76,4.62,0.14,3.0303,204931.26,96050.82,1.56,24.0,3.76,4.2,4.64,5.08,5.3,4.81,63.09
20200728,4.59,4.72,4.57,4.62,4.55,0.07,1.5385,165690.02,76927.636,1.56,24.0,3.76,4.2,4.64,5.08,5.3,4.81,41.86
20200727,4.55,4.62,4.49,4.55,4.55,0.0,0.0,178023.0,81082.288,1.56,24.0,3.76,4.2,4.64,5.08,5.3,4.81,42.26
20200724,4.9,4.94,4.55,4.55,4.9,-0.35,-7.1429,340483.35,160326.636,1.56,24.0,3.76,4.2,4.64,5.08,5.3,4.81,41.82
20200723,4.88,4.95,4.73,4.9,4.94,-0.04,-0.8097,352617.36,170754.186,1.56,24.0,3.76,4.2,4.64,5.08,5.3,4.81,84.14
20200722,5.1,5.13,4.75,4.94,5.04,-0.1,-1.9841,567832.52,282234.111,1.56,24.0,3.76,4.2,4.64,5.08,5.3,4.8,83.96
20200721,4.65,5.04,4.63,5.04,4.58,0.46,10.0437,354325.98,173075.402,1.56,24.0,3.76,4.2,4.64,4.86,5.52,4.78,85.05
20200720,4.5,4.58,4.42,4.58,4.44,0.14,3.1532,180576.54,81501.292,1.56,24.0,3.76,4.2,4.64,5.08,5.52,4.78,47.33
20200717,4.5,4.6,4.4,4.44,4.5,-0.06,-1.3333,200143.84,89720.533,1.56,24.0,3.76,4.2,4.64,5.08,5.52,4.78,46.96
20200716,4.81,4.85,4.47,4.5,4.8,-0.3,-6.25,311697.62,146236.018,1.56,24.0,3.76,4.2,4.64,5.08,5.52,4.78,46.33
20200715,4.98,5.07,4.77,4.8,4.99,-0.19,-3.8076,306944.29,150276.035,1.56,24.0,3.76,3.98,4.64,5.08,5.52,4.78,64.5
20200714,5.25,5.27,4.88,4.99,5.08,-0.09,-1.7717,537150.97,271898.999,1.56,24.0,3.76,3.98,4.64,5.08,5.52,4.77,84.28
20200713,4.84,5.1,4.82,5.08,4.82,0.26,5.3942,442650.76,221236.523,1.56,24.0,3.76,3.98,4.42,4.86,5.52,4.75,86.13
20200710,4.95,5.02,4.8,4.82,5.04,-0.22,-4.3651,385649.33,189316.04,1.56,24.0,3.76,3.98,4.42,4.86,5.52,4.73,70.97
20200709,4.9,5.18,4.87,5.04,4.93,0.11,2.2312,508950.62,253665.438,1.56,24.0,3.76,3.98,4.42,4.86,5.52,4.72,87.12
20200708,4.97,5.0,4.77,4.93,4.86,0.07,1.4403,380128.25,185658.125,1.56,24.0,3.76,3.98,4.42,4.86,5.52,4.7,89.0
20200707,4.88,5.07,4.77,4.86,4.77,0.09,1.8868,543004.38,267809.435,1.56,24.0,3.76,3.98,4.42,4.86,5.52,4.69,77.91
20200706,4.55,4.84,4.54,4.77,4.53,0.24,5.298,476597.65,225272.52,1.56,24.0,3.76,3.98,4.42,4.86,5.52,4.67,80.89
20200703,4.5,4.59,4.44,4.53,4.51,0.02,0.4435,271759.16,122834.069,1.56,24.0,3.76,3.98,4.42,4.86,5.52,4.67,62.64
20200702,4.44,4.53,4.4,4.51,4.46,0.05,1.1211,260476.57,116501.983,1.56,24.0,3.76,3.98,4.42,4.86,5.52,4.67,62.41
20200701,4.54,4.56,4.44,4.46,4.56,-0.1,-2.193,209839.99,94013.716,1.56,24.0,3.76,3.98,4.42,4.86,5.52,4.67,61.94
20200630,4.51,4.58,4.49,4.56,4.53,0.03,0.6623,243374.96,110238.516,1.56,24.0,3.76,3.98,4.42,4.86,5.52,4.66,61.77
20200629,4.45,4.63,4.34,4.53,4.46,0.07,1.5695,280576.88,126151.743,1.56,24.0,3.76,3.98,4.42,4.86,5.52,4.66,61.57
20200624,4.53,4.59,4.42,4.46,4.54,-0.08,-1.7621,220380.26,98597.061,1.56,24.0,3.76,3.98,4.42,4.86,5.52,4.66,61.04
20200623,4.4,4.65,4.38,4.54,4.37,0.17,3.8902,349853.5,158222.997,1.56,24.0,3.76,3.98,4.42,4.86,5.52,4.66,60.85
20200622,4.49,4.54,4.35,4.37,4.49,-0.12,-2.6726,223102.82,98923.884,1.56,24.0,3.76,3.98,4.42,4.86,5.52,4.66,40.07
20200619,4.49,4.55,4.42,4.49,4.55,-0.06,-1.3187,272499.99,121871.557,1.56,24.0,3.76,3.98,4.42,4.86,5.52,4.66,60.43
20200618,4.32,4.58,4.3,4.55,4.37,0.18,4.119,387953.59,173347.558,1.56,24.0,3.76,3.98,4.42,4.86,5.52,4.66,60.17
20200617,4.31,4.46,4.23,4.37,4.32,0.05,1.1574,305471.86,132870.908,1.56,24.0,3.76,3.98,4.42,4.86,5.52,4.66,42.43
20200616,4.31,4.4,4.27,4.32,4.26,0.06,1.4085,254644.53,110259.63,1.56,24.0,3.76,3.98,4.42,4.86,5.52,4.66,42.42
20200615,4.3,4.41,4.25,4.26,4.42,-0.16,-3.6199,367917.01,158534.831,1.56,24.0,3.76,3.98,4.42,4.86,5.52,4.66,41.8
20200612,4.44,4.55,4.35,4.42,4.58,-0.16,-3.4934,370281.63,164174.156,1.56,24.0,3.76,3.98,4.42,4.86,5.52,4.67,40.84
20200611,4.77,4.8,4.57,4.58,4.87,-0.29,-5.9548,521737.56,244067.201,1.56,24.0,3.76,3.98,4.42,4.86,5.52,4.67,55.69
20200610,4.61,4.87,4.51,4.87,4.66,0.21,4.5064,758535.55,356044.293,1.56,24.0,3.76,3.98,4.42,4.86,5.52,4.66,85.59
20200609,4.76,4.88,4.53,4.66,4.65,0.01,0.2151,915818.73,432202.114,1.56,24.0,3.76,3.98,4.42,4.86,5.74,4.65,75.1
20200608,4.38,4.65,4.31,4.65,4.23,0.42,9.9291,306208.47,139122.762,1.56,24.0,3.76,3.98,4.42,5.08,5.74,4.62,76.16
20200605,4.42,4.47,4.19,4.23,4.36,-0.13,-2.9817,314212.37,134490.488,1.56,24.0,3.76,3.98,4.2,5.08,5.74,4.62,50.89
20200604,4.45,4.58,4.33,4.36,4.45,-0.09,-2.0225,485984.35,216703.544,1.56,24.0,3.76,3.76,4.2,5.08,5.74,4.62,50.62
20200603,4.64,4.77,4.4,4.45,4.4,0.05,1.1364,704086.7,321146.865,1.56,24.0,3.76,3.76,4.2,5.08,5.74,4.62,63.32
20200602,4.01,4.4,4.01,4.4,4.0,0.4,10.0,332277.56,139735.284,1.56,24.0,3.76,3.76,4.2,5.08,5.74,4.62,54.77
20200601,3.91,4.02,3.9,4.0,3.91,0.09,2.3018,174070.83,69297.921,1.56,24.0,3.54,3.76,4.2,5.08,5.74,4.62,38.96
20200529,3.8,4.09,3.75,3.91,3.83,0.08,2.0888,160420.44,63481.922,1.56,24.0,3.54,3.76,4.2,5.08,5.74,4.63,17.29
20200528,3.82,3.86,3.72,3.83,3.83,0.0,0.0,81613.23,31018.238,1.56,24.0,3.54,3.76,4.2,5.08,5.74,4.64,16.73
20200527,3.89,3.94,3.82,3.83,3.9,-0.07,-1.7949,66887.21,25754.569,1.56,24.0,3.54,3.76,4.2,5.08,5.74,4.64,16.28
20200526,3.8,3.92,3.8,3.9,3.8,0.1,2.6316,66958.95,25963.437,1.56,24.0,3.54,3.76,4.2,5.08,5.74,4.64,15.97
20200525,3.74,3.81,3.73,3.8,3.77,0.03,0.7958,67224.34,25435.823,1.56,24.0,3.54,3.76,4.2,5.08,5.74,4.65,15.67
20200522,3.84,3.89,3.75,3.77,3.85,-0.08,-2.0779,110701.91,42096.392,1.56,24.0,3.54,3.76,4.2,5.08,5.74,4.65,15.29
20200521,3.99,4.01,3.83,3.85,3.99,-0.14,-3.5088,130601.82,51089.033,1.56,24.0,3.76,3.98,4.2,5.08,5.74,4.65,14.68
20200520,4.03,4.06,3.98,3.99,4.03,-0.04,-0.9926,109682.46,43951.655,1.56,24.0,3.54,3.98,4.2,5.08,5.74,4.66,35.15
20200519,4.02,4.07,3.98,4.03,3.99,0.04,1.0025,100594.3,40442.785,1.56,24.0,3.54,3.98,4.2,5.08,5.74,4.66,34.82
20200518,4.14,4.24,3.99,3.99,4.13,-0.14,-3.3898,196130.79,79394.854,1.56,24.0,3.54,3.98,4.2,5.08,5.74,4.66,34.51
20200515,4.1,4.2,4.08,4.13,4.09,0.04,0.978,176694.88,73177.948,1.56,24.0,3.54,3.98,4.42,5.08,5.74,4.67,34.37
20200514,4.07,4.13,4.02,4.09,4.08,0.01,0.2451,113347.08,46217.381,1.56,24.0,3.54,3.76,4.42,5.08,5.74,4.67,33.82
20200513,4.08,4.15,4.06,4.08,4.1,-0.02,-0.4878,98241.26,40188.691,1.56,24.0,3.54,3.76,4.42,5.08,5.74,4.68,33.49
20200512,4.08,4.12,4.0,4.1,4.1,0.0,0.0,150273.12,61112.999,1.56,24.0,3.54,3.76,4.42,5.08,5.74,4.68,33.18
20200511,4.11,4.21,4.08,4.1,4.06,0.04,0.9852,199614.58,82710.325,1.56,24.0,3.54,3.76,4.42,5.3,5.74,4.68,32.71
20200508,4.04,4.1,4.03,4.06,4.02,0.04,0.995,152803.51,62059.021,1.56,24.0,3.54,3.76,4.42,5.3,5.74,4.69,32.55
20200507,4.09,4.15,4.0,4.02,4.17,-0.15,-3.5971,214024.52,86889.032,1.56,24.0,3.54,3.76,4.42,5.3,5.74,4.69,32.06
20200506,4.03,4.27,3.94,4.17,4.11,0.06,1.4599,380328.28,155095.354,1.56,24.0,3.54,3.76,4.42,5.3,5.74,4.7,31.35
20200430,3.73,4.11,3.7,4.11,3.74,0.37,9.893,295839.5,117357.979,1.56,24.0,3.54,3.76,4.42,5.3,5.74,4.71,30.43
20200429,3.61,3.83,3.59,3.74,3.6,0.14,3.8889,137149.0,51322.041,1.56,24.0,3.54,3.76,4.42,5.3,5.74,4.73,5.72
20200428,3.65,3.68,3.46,3.6,3.64,-0.04,-1.0989,98346.97,35093.695,1.56,24.0,3.54,3.98,4.42,5.3,5.74,4.74,5.31
20200427,3.65,3.69,3.63,3.64,3.66,-0.02,-0.5464,68271.14,24998.476,1.56,24.0,3.76,3.98,4.42,5.3,5.74,4.74,4.68
20200424,3.85,3.85,3.66,3.66,3.85,-0.19,-4.9351,160159.61,59718.819,1.56,24.0,3.76,3.98,4.42,5.3,5.74,4.75,4.3
20200423,3.88,3.91,3.84,3.85,3.85,0.0,0.0,102322.45,39550.362,1.56,24.0,3.76,3.98,4.42,5.3,5.74,4.76,12.45
20200422,3.81,3.87,3.77,3.85,3.84,0.01,0.2604,73104.07,28019.712,1.56,24.0,3.76,3.98,4.42,5.3,5.74,4.76,11.95
20200421,3.9,3.9,3.8,3.84,3.91,-0.07,-1.7903,109082.19,41830.598,1.56,24.0,3.76,3.98,4.42,5.3,5.74,4.77,11.59
20200420,3.91,3.93,3.88,3.91,3.93,-0.02,-0.5089,94304.0,36737.348,1.56,24.0,3.76,3.98,4.42,5.3,5.74,4.77,11.05
20200417,3.96,4.03,3.92,3.93,3.92,0.01,0.2551,107148.8,42404.203,1.56,24.0,3.76,3.98,4.42,5.3,5.74,4.78,10.59
20200416,3.97,3.97,3.9,3.92,3.97,-0.05,-1.2594,94407.0,37099.779,1.56,24.0,3.76,3.98,4.64,5.3,5.74,4.78,10.31
20200415,4.05,4.07,3.96,3.97,4.02,-0.05,-1.2438,121656.73,48854.9,1.56,24.0,3.76,3.98,4.64,5.3,5.74,4.79,9.83
20200414,4.0,4.02,3.96,4.02,3.96,0.06,1.5152,94688.96,37793.775,1.56,24.0,3.76,3.98,4.64,5.3,5.74,4.79,22.43
20200413,4.07,4.09,3.95,3.96,4.04,-0.08,-1.9802,95601.69,38352.159,1.56,24.0,3.76,3.98,4.64,5.3,5.74,4.8,9.79
20200410,4.16,4.19,4.01,4.04,4.16,-0.12,-2.8846,146374.59,59771.74,1.56,24.0,3.76,3.98,4.64,5.3,5.74,4.8,21.47
20200409,4.1,4.23,4.07,4.16,4.09,0.07,1.7115,160672.99,66688.942,1.56,24.0,3.76,3.98,4.64,5.3,5.74,4.81,20.86
20200408,4.07,4.13,4.02,4.09,4.05,0.04,0.9877,122108.38,49835.854,1.56,24.0,3.76,3.98,4.64,5.3,5.74,4.81,20.58
20200407,3.98,4.09,3.98,4.05,3.92,0.13,3.3163,159516.74,64461.218,1.56,24.0,3.76,3.98,4.64,5.3,5.74,4.82,20.07
20200403,3.95,3.99,3.88,3.92,3.97,-0.05,-1.2594,111983.52,43978.481,1.56,24.0,3.76,3.98,4.64,5.3,5.74,4.83,10.22
20200402,3.82,3.98,3.82,3.97,3.86,0.11,2.8497,149080.46,58257.046,1.56,24.0,3.76,3.98,4.64,5.3,5.74,4.83,9.93
20200401,3.86,4.05,3.83,3.86,3.84,0.02,0.5208,177683.03,69656.23,1.56,24.0,3.76,3.98,4.64,5.3,5.74,4.84,9.17
20200331,3.96,3.98,3.83,3.84,3.92,-0.08,-2.0408,134155.05,52260.93,1.56,24.0,3.76,3.98,4.64,5.3,5.74,4.85,8.68
20200330,4.05,4.05,3.87,3.92,4.1,-0.18,-4.3902,203188.38,79902.646,1.56,24.0,3.76,3.98,4.64,5.3,5.74,4.86,7.98
20200327,4.15,4.19,4.08,4.1,4.1,0.0,0.0,117829.99,48672.237,1.56,24.0,3.76,4.2,4.64,5.3,5.74,4.87,14.6
20200326,4.23,4.23,4.1,4.1,4.26,-0.16,-3.7559,149330.0,61955.236,1.56,24.0,3.76,4.2,4.64,5.3,5.74,4.87,14.04
20200325,4.18,4.35,4.15,4.26,4.09,0.17,4.1565,210740.83,88868.003,1.56,24.0,3.76,4.2,4.64,5.3,5.96,4.88,27.95
20200324,4.12,4.16,3.95,4.09,4.05,0.04,0.9877,205354.53,83423.29,1.56,24.0,3.76,4.2,4.64,5.3,5.96,4.89,13.7
20200323,4.12,4.18,4.03,4.05,4.27,-0.22,-5.1522,183502.64,75151.75,1.56,24.0,3.76,4.2,4.64,5.3,5.96,4.9,12.51
20200320,4.3,4.33,4.17,4.27,4.24,0.03,0.7075,153587.54,65338.496,1.56,24.0,3.76,4.2,4.64,5.3,5.96,4.91,24.73
20200319,4.16,4.28,4.12,4.24,4.14,0.1,2.4155,195027.21,81771.521,1.56,24.0,3.76,4.2,4.64,5.3,5.96,4.91,23.97
20200318,4.35,4.39,4.13,4.14,4.28,-0.14,-3.271,226863.0,97156.866,1.56,24.0,3.76,4.2,4.64,5.3,5.96,4.92,11.1
20200317,4.39,4.44,4.12,4.28,4.31,-0.03,-0.6961,266985.21,114637.855,1.56,24.0,3.54,4.2,4.64,5.3,5.96,4.93,21.75
20200316,4.65,4.68,4.2,4.31,4.6,-0.29,-6.3043,267719.94,119595.736,1.56,24.0,3.54,4.2,4.64,5.3,5.96,4.94,20.89
20200313,4.3,4.68,4.3,4.6,4.61,-0.01,-0.2169,268555.53,121324.944,1.56,24.0,3.54,4.2,4.64,5.3,5.96,4.95,34.04
20200312,4.62,4.76,4.57,4.61,4.76,-0.15,-3.1513,243216.78,112699.664,1.56,24.0,3.54,4.2,4.64,5.3,5.96,4.95,33.44
20200311,4.93,5.02,4.76,4.76,4.88,-0.12,-2.459,273207.68,133073.355,1.56,24.0,3.54,4.2,4.64,5.3,5.96,4.95,50.36
20200310,4.62,4.91,4.56,4.88,4.73,0.15,3.1712,371408.25,176704.537,1.56,24.0,3.54,4.2,4.64,5.3,5.96,4.95,68.17
20200309,4.91,5.01,4.7,4.73,5.07,-0.34,-6.7061,458253.82,222654.388,1.56,24.0,3.54,4.2,4.64,5.3,5.96,4.95,50.91
20200306,4.85,5.15,4.81,5.07,4.94,0.13,2.6316,574303.4,286358.382,1.56,24.0,3.54,4.2,4.64,5.52,5.96,4.95,66.7
20200305,4.9,5.16,4.69,4.94,4.78,0.16,3.3473,695056.36,341045.546,1.56,24.0,3.54,4.2,4.64,5.52,6.18,4.94,67.01
20200304,4.55,4.89,4.52,4.78,4.66,0.12,2.5751,512127.14,243351.648,1.56,24.0,3.54,4.2,4.64,5.52,6.18,4.93,57.19
20200303,4.75,4.89,4.61,4.66,4.71,-0.05,-1.0616,469133.08,223358.901,1.56,24.0,3.54,4.2,4.64,5.52,6.18,4.92,57.05
20200302,4.55,4.81,4.49,4.71,4.5,0.21,4.6667,553918.48,257584.789,1.56,24.0,3.54,3.98,4.64,5.52,6.18,4.92,56.93
20200228,4.73,4.8,4.5,4.5,5.0,-0.5,-10.0,723020.66,332945.84,1.56,24.0,3.54,3.98,4.64,5.52,6.18,4.93,44.09
20200227,5.17,5.4,4.82,5.0,5.21,-0.21,-4.0307,676376.84,342252.9,1.56,24.0,3.54,3.98,4.64,5.52,6.18,4.94,61.6
20200226,5.51,5.63,5.21,5.21,5.79,-0.58,-10.0173,972136.84,523477.312,1.56,24.0,3.54,3.98,4.64,5.52,6.4,4.92,67.74
20200225,5.2,5.95,5.2,5.79,5.46,0.33,6.044,1737930.52,964877.71,1.56,24.0,3.54,3.98,4.42,5.52,6.4,4.87,92.61
20200224,5.11,5.46,5.0,5.46,4.96,0.5,10.0806,998877.23,539078.567,1.56,24.0,3.54,3.76,4.42,5.3,6.62,4.76,89.3
20200221,4.65,4.96,4.61,4.96,4.51,0.45,9.9778,1277579.46,624685.012,1.56,24.0,3.54,3.76,4.42,5.08,6.62,4.7,84.53
20200220,4.11,4.51,4.05,4.51,4.1,0.41,10.0,595018.31,256510.414,1.56,24.0,3.54,3.76,4.2,5.08,6.62,4.67,70.0
20200219,4.29,4.41,4.09,4.1,4.2,-0.1,-2.381,527086.25,224063.965,1.56,24.0,3.54,3.76,4.2,5.08,6.62,4.68,28.18
20200218,3.84,4.2,3.83,4.2,3.82,0.38,9.9476,324312.91,129590.055,1.56,24.0,3.54,3.76,4.42,5.08,6.84,4.69,28.88
20200217,3.72,3.88,3.71,3.82,3.7,0.12,3.2432,193631.5,73602.522,1.56,24.0,3.54,3.76,4.42,5.3,6.84,4.7,22.27
20200214,3.7,3.76,3.66,3.7,3.7,0.0,0.0,121926.8,45364.758,1.56,24.0,3.54,3.76,4.42,5.3,6.84,4.71,13.95
20200213,3.76,3.8,3.69,3.7,3.79,-0.09,-2.3747,188665.89,70668.52,1.56,24.0,3.54,3.76,4.42,5.3,6.84,4.72,13.37
20200212,3.66,3.85,3.64,3.79,3.67,0.12,3.2698,209492.07,78250.602,1.56,24.0,3.54,3.76,4.42,5.3,6.84,4.73,19.48
20200211,3.66,3.71,3.61,3.67,3.66,0.01,0.2732,144203.41,52859.242,1.56,24.0,3.54,3.76,4.42,5.3,6.84,4.74,12.42
20200210,3.58,3.7,3.55,3.66,3.57,0.09,2.521,160189.16,58179.388,1.56,24.0,3.54,3.76,4.42,5.3,6.84,4.75,11.72
20200207,3.54,3.64,3.51,3.57,3.57,0.0,0.0,172045.38,61325.307,1.56,24.0,3.54,3.76,4.42,5.3,6.84,4.76,10.93
20200206,3.45,3.65,3.44,3.57,3.45,0.12,3.4783,221617.76,79059.19,1.56,24.0,3.54,3.76,4.42,5.3,6.84,4.78,9.89
20200205,3.42,3.55,3.41,3.45,3.43,0.02,0.5831,183048.16,63818.94,1.56,24.0,3.54,3.98,4.42,5.3,6.84,4.79,3.34
20200204,3.16,3.47,3.16,3.43,3.51,-0.08,-2.2792,246092.79,82956.045,1.56,24.0,3.54,3.98,4.42,5.3,6.84,4.81,2.75
20200203,3.51,3.51,3.51,3.51,3.9,-0.39,-10.0,32658.0,11462.958,1.56,24.0,3.54,3.98,4.42,5.3,6.84,4.83,1.09
20200123,4.01,4.12,3.86,3.9,4.03,-0.13,-3.2258,172473.0,68457.487,1.56,24.0,3.54,3.98,4.42,5.3,6.84,4.83,10.57
20200122,4.09,4.09,3.86,4.03,4.12,-0.09,-2.1845,213468.78,84906.67,1.56,24.0,3.54,3.98,4.42,5.3,6.84,4.84,15.06
20200121,4.25,4.25,4.12,4.12,4.26,-0.14,-3.2864,170036.59,70904.661,1.56,24.0,3.54,4.2,4.42,5.3,6.84,4.85,13.85
20200120,4.19,4.26,4.19,4.26,4.19,0.07,1.6706,137886.21,58327.229,1.56,24.0,3.54,4.2,4.42,5.3,6.84,4.86,36.94
20200117,4.21,4.25,4.17,4.19,4.18,0.01,0.2392,109306.68,46019.348,1.56,24.0,3.54,4.2,4.42,5.3,6.84,4.86,13.47
20200116,4.2,4.26,4.16,4.18,4.19,-0.01,-0.2387,116501.0,48975.672,1.56,24.0,3.54,4.2,4.42,5.3,6.84,4.86,13.48
20200115,4.28,4.28,4.19,4.19,4.27,-0.08,-1.8735,158731.76,66887.084,1.56,24.0,3.54,4.2,4.42,5.3,6.84,4.87,13.48
20200114,4.27,4.33,4.26,4.27,4.29,-0.02,-0.4662,150299.95,64400.591,1.56,24.0,3.54,4.2,4.42,5.52,6.84,4.87,34.9
20200113,4.35,4.35,4.23,4.29,4.35,-0.06,-1.3793,194232.08,82975.346,1.56,24.0,3.54,4.2,4.42,5.52,6.84,4.87,34.44
20200110,4.36,4.38,4.29,4.35,4.39,-0.04,-0.9112,234815.3,101738.679,1.56,24.0,3.54,4.2,4.42,5.52,6.84,4.88,33.86
20200109,4.41,4.47,4.32,4.39,4.39,0.0,0.0,393017.37,172216.711,1.56,24.0,3.54,4.2,4.42,5.52,6.84,4.88,33.11
20200108,4.35,4.55,4.34,4.39,4.31,0.08,1.8561,697440.39,310352.699,1.56,24.0,3.54,4.2,4.42,5.52,6.84,4.89,32.79
20200107,4.31,4.34,4.27,4.31,4.3,0.01,0.2326,220495.88,94730.421,1.56,24.0,3.54,3.98,4.42,5.52,6.84,4.91,33.99
20200106,4.3,4.38,4.22,4.3,4.32,-0.02,-0.463,272246.81,117227.166,1.56,24.0,3.54,3.98,4.42,5.52,6.84,4.91,33.32
20200103,4.37,4.44,4.3,4.32,4.36,-0.04,-0.9174,288353.41,125248.171,1.56,24.0,3.54,3.98,4.42,5.74,6.84,4.92,32.42
20200102,4.23,4.36,4.21,4.36,4.2,0.16,3.8095,345336.2,148329.745,1.56,24.0,3.54,3.98,4.42,5.74,6.84,4.93,32.18
20191231,4.3,4.32,4.18,4.2,4.3,-0.1,-2.3256,269414.57,113910.262,1.56,24.0,3.54,3.98,4.42,5.74,7.06,4.94,16.86
20191230,4.21,4.31,4.17,4.3,4.24,0.06,1.4151,271348.05,115797.796,1.56,24.0,3.54,3.98,4.64,5.74,7.06,4.96,29.83
20191227,4.4,4.42,4.23,4.24,4.42,-0.18,-4.0724,450766.22,194537.468,1.56,24.0,3.54,3.98,4.64,5.74,7.06,4.97,28.6
20191226,4.39,4.52,4.34,4.42,4.4,0.02,0.4545,522288.95,231271.857,1.56,24.0,3.54,3.98,4.64,5.74,7.06,4.98,26.94
20191225,4.28,4.46,4.23,4.4,4.34,0.06,1.3825,589413.56,256157.746,1.56,24.0,3.54,3.76,4.64,5.96,7.06,5.0,27.57
20191224,4.25,4.36,4.11,4.34,4.36,-0.02,-0.4587,595014.49,251517.964,1.56,24.0,3.54,3.76,4.64,5.96,7.28,5.02,26.82
20191223,4.54,4.65,4.33,4.36,4.35,0.01,0.2299,810932.16,363635.914,1.56,24.0,3.54,3.76,4.64,5.96,7.5,5.05,23.91
20191220,4.43,4.58,4.31,4.35,4.47,-0.12,-2.6846,758514.2,336999.927,1.56,24.0,3.54,3.76,4.64,6.18,7.72,5.07,24.97
20191219,4.7,4.75,4.46,4.47,4.76,-0.29,-6.0924,1141446.77,520702.961,1.56,24.0,3.54,3.76,4.64,6.18,7.72,5.11,35.68
20191218,4.51,4.76,4.42,4.76,4.33,0.43,9.9307,1535972.68,713053.6,1.56,24.0,3.54,3.76,4.64,6.18,7.94,5.15,52.81
20191217,4.33,4.33,4.33,4.33,3.94,0.39,9.8985,75375.0,32637.375,1.56,24.0,3.54,3.76,4.86,6.4,8.16,5.21,32.1
20191216,3.59,3.94,3.58,3.94,3.58,0.36,10.0559,212861.16,80553.365,1.56,24.0,3.54,3.76,4.86,6.4,8.16,5.21,23.61
20191213,3.58,3.59,3.52,3.58,3.56,0.02,0.5618,175712.01,62490.762,1.56,24.0,3.54,3.76,4.86,6.4,8.16,5.23,12.6
20191212,3.57,3.59,3.54,3.56,3.58,-0.02,-0.5587,124079.35,44181.403,1.56,24.0,3.54,3.76,4.86,6.4,8.16,5.25,11.57
20191211,3.62,3.65,3.56,3.58,3.63,-0.05,-1.3774,145928.63,52382.714,1.56,24.0,3.54,3.76,4.86,6.4,8.38,5.26,10.97
20191210,3.63,3.67,3.58,3.63,3.62,0.01,0.2762,220147.86,79715.887,1.56,24.0,3.54,3.76,4.86,6.4,8.38,5.28,10.24
20191209,3.51,3.63,3.47,3.62,3.5,0.12,3.4286,340926.29,121689.345,1.56,24.0,3.54,3.76,4.86,6.4,8.38,5.3,9.12
20191206,3.56,3.58,3.47,3.5,3.59,-0.09,-2.507,430888.94,150946.041,1.56,24.0,3.54,3.76,4.86,6.4,8.38,5.34,1.64
20191205,3.71,3.71,3.55,3.59,3.71,-0.12,-3.2345,405472.37,146128.283,1.56,24.0,3.76,3.98,5.08,6.4,8.38,5.4,4.01
20191204,3.77,3.84,3.65,3.71,3.8,-0.09,-2.3684,291098.69,108827.235,1.56,24.0,3.76,3.98,5.08,6.4,8.38,5.45,1.7
20191203,3.79,3.85,3.71,3.8,3.82,-0.02,-0.5236,182789.59,68989.661,1.56,24.0,3.76,4.2,5.08,6.4,8.38,5.49,8.66
20191202,3.78,3.87,3.77,3.82,3.77,0.05,1.3263,84559.64,32335.261,1.56,24.0,3.76,4.2,5.08,6.4,8.38,5.51,7.52
20191129,3.75,3.79,3.71,3.77,3.73,0.04,1.0724,72514.7,27258.136,1.56,24.0,3.76,4.2,5.08,6.4,8.38,5.52,7.08
20191128,3.8,3.82,3.71,3.73,3.8,-0.07,-1.8421,81093.0,30443.215,1.56,24.0,3.76,4.2,5.08,6.4,8.38,5.52,0.48
20191127,3.82,3.84,3.77,3.8,3.91,-0.11,-2.8133,135682.99,51526.351,1.56,24.0,3.76,4.2,5.08,6.4,8.38,5.53,6.07
20191126,3.86,4.0,3.84,3.91,3.85,0.06,1.5584,153555.05,60405.943,1.56,24.0,3.76,4.42,5.08,6.4,8.38,5.55,5.33
20191125,3.85,3.92,3.82,3.85,3.84,0.01,0.2604,93596.21,36157.415,1.56,24.0,3.98,4.42,5.08,6.62,8.38,5.56,4.86
20191122,3.94,3.97,3.81,3.84,3.91,-0.07,-1.7903,85204.02,33052.247,1.56,24.0,3.98,4.42,5.08,6.62,8.38,5.57,4.35
20191121,3.84,3.92,3.84,3.91,3.87,0.04,1.0336,58458.8,22774.217,1.56,24.0,3.98,4.42,5.08,6.62,8.38,5.58,3.88
20191120,3.94,3.96,3.86,3.87,3.93,-0.06,-1.5267,57881.04,22594.117,1.56,24.0,3.98,4.42,5.08,6.62,8.38,5.59,3.55
20191119,3.88,3.94,3.84,3.93,3.87,0.06,1.5504,76233.98,29744.631,1.56,24.0,3.98,4.42,5.08,6.62,8.38,5.6,3.23
20191118,3.81,3.94,3.8,3.87,3.8,0.07,1.8421,108790.15,42139.837,1.56,24.0,3.98,4.42,5.08,6.62,8.38,5.6,2.8
20191115,3.85,3.89,3.79,3.8,3.84,-0.04,-1.0417,69516.69,26676.094,1.56,24.0,3.98,4.42,5.08,6.62,8.38,5.62,2.18
20191114,3.88,3.9,3.82,3.84,3.87,-0.03,-0.7752,78328.46,30248.478,1.56,24.0,4.2,4.42,5.08,6.62,8.38,5.62,1.78
20191113,3.95,3.96,3.83,3.87,3.94,-0.07,-1.7766,104066.44,40348.241,1.56,24.0,4.2,4.42,5.08,6.62,8.38,5.63,1.33
20191112,3.99,4.01,3.87,3.94,4.02,-0.08,-1.99,108063.86,42516.023,1.56,24.0,4.2,4.42,5.08,6.62,8.38,5.65,0.73
20191111,4.11,4.13,3.94,4.02,4.13,-0.11,-2.6634,144716.89,58189.091,1.56,24.0,4.2,4.42,5.08,6.62,8.38,5.66,2.67
20191108,4.17,4.24,4.11,4.13,4.14,-0.01,-0.2415,70046.83,29155.923,1.56,24.0,4.2,4.64,5.08,6.62,8.38,5.68,1.7
20191107,4.1,4.21,4.1,4.14,4.1,0.04,0.9756,71768.23,29777.77,1.56,24.0,4.2,4.64,5.08,6.62,8.38,5.68,1.47
20191106,4.18,4.22,4.08,4.1,4.18,-0.08,-1.9139,118572.22,49279.849,1.56,24.0,4.2,4.64,5.08,6.62,8.38,5.69,1.23
20191105,4.29,4.29,4.16,4.18,4.34,-0.16,-3.6866,126088.0,53079.993,1.56,24.0,4.42,4.64,5.3,6.62,8.38,5.7,0.83
20191104,4.34,4.37,4.19,4.34,4.32,0.02,0.463,163163.26,69579.034,1.56,24.0,4.42,4.64,5.3,6.62,8.38,5.71,4.02
20191101,4.3,4.37,4.28,4.32,4.34,-0.02,-0.4608,86866.2,37559.165,1.56,24.0,4.42,4.64,5.3,6.62,8.38,5.73,2.95
20191031,4.37,4.42,4.31,4.34,4.38,-0.04,-0.9132,71574.27,31298.455,1.56,24.0,4.42,4.64,5.3,6.62,8.38,5.74,2.46
20191030,4.55,4.55,4.35,4.38,4.64,-0.26,-5.6034,178790.23,79249.155,1.56,24.0,4.42,4.64,5.3,6.62,8.38,5.74,2.05
20191029,4.69,4.72,4.63,4.64,4.7,-0.06,-1.2766,66758.25,31181.799,1.56,24.0,4.42,4.64,5.3,6.62,8.6,5.76,8.71
20191028,4.6,4.72,4.6,4.7,4.58,0.12,2.6201,100847.82,47186.9,1.56,24.0,4.42,4.64,5.3,6.62,8.38,5.76,23.71
20191025,4.55,4.6,4.48,4.58,4.55,0.03,0.6593,89803.11,40900.459,1.56,24.0,4.42,4.64,5.3,6.62,8.6,5.77,8.67
20191024,4.54,4.63,4.5,4.55,4.56,-0.01,-0.2193,62279.57,28407.835,1.56,24.0,4.42,4.64,5.3,6.62,8.6,5.78,8.2
20191023,4.65,4.69,4.53,4.56,4.63,-0.07,-1.5119,75401.15,34671.27,1.56,24.0,4.42,4.64,5.3,6.62,8.6,5.78,7.88
20191022,4.56,4.67,4.54,4.63,4.54,0.09,1.9824,66172.53,30492.178,1.56,24.0,4.42,4.64,5.3,6.62,8.6,5.78,7.67
20191021,4.6,4.6,4.46,4.54,4.58,-0.04,-0.8734,85743.37,38734.402,1.56,24.0,4.42,4.64,5.3,6.62,8.6,5.79,7.49
20191018,4.7,4.7,4.54,4.58,4.68,-0.1,-2.1368,84247.64,38741.511,1.56,24.0,4.42,4.64,5.3,6.62,8.6,5.8,7.03
20191017,4.69,4.76,4.65,4.68,4.71,-0.03,-0.6369,64485.91,30314.504,1.56,24.0,4.42,4.64,5.3,6.62,8.6,5.8,20.58
20191016,4.82,4.85,4.71,4.71,4.81,-0.1,-2.079,60112.01,28621.958,1.56,24.0,4.42,4.64,5.3,6.62,8.6,5.8,20.31
20191015,4.88,4.93,4.77,4.81,4.89,-0.08,-1.636,113081.26,54576.091,1.56,24.0,4.42,4.64,5.3,6.62,8.6,5.81,20.06
20191014,4.81,4.94,4.78,4.89,4.78,0.11,2.3013,87699.01,42862.093,1.56,24.0,4.42,4.64,5.3,6.62,8.6,5.82,31.44
20191011,4.82,4.94,4.74,4.78,4.84,-0.06,-1.2397,89954.47,43227.296,1.56,24.0,4.42,4.64,5.3,6.62,8.6,5.82,19.89
20191010,4.66,4.86,4.63,4.84,4.65,0.19,4.086,108208.41,51599.432,1.56,24.0,4.42,4.64,5.3,6.62,8.6,5.83,19.71
20191009,4.55,4.68,4.42,4.65,4.56,0.09,1.9737,107136.3,49070.742,1.56,24.0,4.42,4.64,5.3,6.62,8.6,5.83,19.14
20191008,4.56,4.65,4.54,4.56,4.52,0.04,0.885,90416.31,41518.141,1.56,24.0,4.42,4.64,5.3,6.62,8.6,5.84,6.61
20190930,4.66,4.67,4.51,4.52,4.65,-0.13,-2.7957,126831.2,58003.098,1.56,24.0,4.42,4.64,5.3,6.62,8.6,5.85,6.34
20190927,4.69,4.74,4.54,4.65,4.65,0.0,0.0,150326.5,69883.412,1.56,24.0,4.42,4.64,5.3,6.62,8.6,5.86,17.22
20190926,4.7,4.87,4.63,4.65,4.83,-0.18,-3.7267,169624.77,80066.392,1.56,24.0,4.42,4.64,5.3,6.62,8.6,5.87,16.39
20190925,4.96,5.12,4.77,4.83,4.96,-0.13,-2.621,216675.5,106948.24,1.56,24.0,4.42,4.64,5.52,6.62,8.6,5.88,15.78
20190924,5.2,5.2,4.95,4.96,5.22,-0.26,-4.9808,182393.78,92306.409,1.56,24.0,4.42,4.64,5.52,6.62,8.6,5.9,25.89
20190923,5.22,5.3,5.09,5.22,5.22,0.0,0.0,77869.48,40213.678,1.56,24.0,4.42,4.64,5.52,6.62,8.6,5.91,38.28
20190920,5.23,5.27,5.17,5.22,5.13,0.09,1.7544,86265.11,44969.315,1.56,24.0,4.42,4.64,5.52,6.62,8.6,5.91,38.06
20190919,5.13,5.15,5.06,5.13,5.08,0.05,0.9843,62235.68,31788.248,1.56,24.0,4.42,4.64,5.52,6.62,8.6,5.91,37.83
20190918,5.14,5.17,5.07,5.08,5.1,-0.02,-0.3922,76234.89,38992.201,1.56,24.0,4.42,4.64,5.52,6.62,8.6,5.91,26.06
20190917,5.22,5.29,5.07,5.1,5.25,-0.15,-2.8571,89649.28,46234.664,1.56,24.0,4.42,4.64,5.52,6.62,8.6,5.92,37.3
20190916,5.22,5.32,5.18,5.25,5.19,0.06,1.1561,93261.87,49066.838,1.56,24.0,4.42,4.64,5.52,6.62,8.6,5.92,36.97
20190912,5.22,5.25,5.1,5.19,5.17,0.02,0.3868,70338.14,36418.898,1.56,24.0,4.42,4.64,5.52,6.62,8.6,5.93,36.94
20190911,5.26,5.41,5.14,5.17,5.21,-0.04,-0.7678,124848.94,65359.806,1.56,24.0,4.42,4.64,5.52,6.62,8.6,5.93,36.73
20190910,5.28,5.28,5.12,5.21,5.24,-0.03,-0.5725,109262.11,56765.101,1.56,24.0,4.42,4.64,5.52,6.62,8.6,5.93,36.69
20190909,5.1,5.27,5.07,5.24,5.07,0.17,3.3531,138918.58,71976.032,1.56,24.0,4.42,4.64,5.52,6.62,8.6,5.94,36.34
20190906,5.01,5.11,4.98,5.07,5.0,0.07,1.4,122987.0,62159.804,1.56,24.0,4.42,4.64,5.52,6.62,8.6,5.95,27.24
20190905,4.94,5.14,4.94,5.0,4.93,0.07,1.4199,178430.5,89983.651,1.56,24.0,4.42,4.64,5.52,6.62,8.6,5.95,27.09
20190904,4.87,4.98,4.83,4.93,4.85,0.08,1.6495,135946.18,66852.167,1.56,24.0,4.42,4.64,5.52,6.84,8.6,5.96,26.87
20190903,4.79,4.99,4.78,4.85,4.76,0.09,1.8908,171877.48,83603.258,1.56,24.0,4.42,4.64,5.52,6.84,8.6,5.97,17.85
20190902,4.52,4.83,4.52,4.76,4.56,0.2,4.386,169519.5,80225.135,1.56,24.0,4.42,4.64,5.52,6.84,8.6,5.98,17.92
20190830,4.66,4.74,4.54,4.56,4.61,-0.05,-1.0846,103567.25,48052.717,1.56,24.0,4.42,4.64,5.74,6.84,8.6,6.0,6.62
20190829,4.71,4.73,4.6,4.61,4.68,-0.07,-1.4957,68325.72,31718.452,1.56,24.0,4.42,4.64,5.74,6.84,8.6,6.01,6.56
20190828,4.75,4.76,4.68,4.68,4.72,-0.04,-0.8475,56560.0,26615.442,1.56,24.0,4.42,4.64,5.74,6.84,8.6,6.01,16.03
20190827,4.61,4.78,4.58,4.72,4.58,0.14,3.0568,106977.93,50397.018,1.56,24.0,4.42,4.64,5.74,6.84,8.6,6.02,15.78
20190826,4.56,4.62,4.5,4.58,4.68,-0.1,-2.1368,71803.93,32828.414,1.56,24.0,4.42,4.64,5.74,6.84,8.6,6.03,6.51
20190823,4.72,4.72,4.57,4.68,4.72,-0.04,-0.8475,91823.8,42825.717,1.56,24.0,4.42,4.86,5.74,6.84,8.6,6.03,14.7
20190822,4.77,4.78,4.65,4.72,4.7,0.02,0.4255,94022.79,44374.546,1.56,24.0,4.42,4.86,5.74,6.84,8.6,6.04,14.18
20190821,4.8,4.81,4.68,4.7,4.75,-0.05,-1.0526,76016.03,35889.539,1.56,24.0,4.42,4.86,5.74,6.84,8.6,6.05,13.73
20190820,4.73,4.84,4.69,4.75,4.72,0.03,0.6356,132368.88,63279.391,1.56,24.0,4.42,4.86,5.74,6.84,8.6,6.06,13.36
20190819,4.63,4.74,4.61,4.72,4.59,0.13,2.8322,115215.58,53996.094,1.56,24.0,4.42,4.86,5.74,6.84,8.6,6.07,12.73
20190816,4.59,4.67,4.58,4.59,4.58,0.01,0.2183,121385.73,56085.019,1.56,24.0,4.42,4.86,5.74,6.84,8.6,6.08,6.14
20190815,4.49,4.63,4.25,4.58,4.72,-0.14,-2.9661,208326.01,93941.17,1.56,24.0,4.42,4.86,5.74,6.84,8.6,6.09,5.78
20190814,4.73,4.91,4.68,4.72,4.66,0.06,1.2876,247403.21,117204.505,1.56,24.0,4.64,4.86,5.74,6.84,8.6,6.12,9.81
20190813,4.74,4.74,4.62,4.66,4.79,-0.13,-2.714,120955.95,56323.606,1.56,24.0,4.64,4.86,5.74,6.84,8.6,6.14,9.15
20190812,4.71,4.8,4.68,4.79,4.66,0.13,2.7897,56967.88,27004.723,1.56,24.0,4.64,5.08,5.74,6.84,8.6,6.15,8.4
20190809,4.85,4.86,4.65,4.66,4.78,-0.12,-2.5105,70692.0,33468.447,1.56,24.0,4.64,5.08,5.74,6.84,8.6,6.16,8.1
20190808,4.77,4.82,4.72,4.78,4.75,0.03,0.6316,62548.05,29891.71,1.56,24.0,4.64,5.08,5.74,6.84,8.6,6.16,7.73
20190807,4.88,4.91,4.67,4.75,4.86,-0.11,-2.2634,139089.04,66158.963,1.56,24.0,4.64,5.08,5.74,6.84,8.6,6.17,7.4
20190806,4.95,5.02,4.7,4.86,5.08,-0.22,-4.3307,174949.21,84806.129,1.56,24.0,4.64,5.08,5.96,6.84,8.6,6.18,6.99
20190805,5.31,5.37,5.06,5.08,5.35,-0.27,-5.0467,161331.66,83583.265,1.56,24.0,4.64,5.08,5.96,6.84,8.6,6.2,11.12
20190802,5.38,5.46,5.31,5.35,5.62,-0.27,-4.8043,146629.17,78816.183,1.56,24.0,4.64,5.08,5.96,6.84,8.6,6.21,30.15
20190801,5.74,5.88,5.53,5.62,5.5,0.12,2.1818,155273.58,88047.385,1.56,24.0,4.64,5.08,5.96,6.84,8.6,6.21,39.77
20190731,5.5,5.55,5.42,5.5,5.5,0.0,0.0,75045.71,41170.027,1.56,24.0,4.64,5.08,5.96,6.84,8.6,6.22,29.98
20190730,5.6,5.68,5.49,5.5,5.62,-0.12,-2.1352,103659.02,57641.125,1.56,24.0,4.64,5.08,5.96,6.84,8.6,6.22,29.91
20190729,5.65,5.71,5.52,5.62,5.68,-0.06,-1.0563,108885.61,61007.541,1.56,24.0,4.64,5.08,5.96,6.84,8.6,6.23,39.05
20190726,5.8,5.81,5.65,5.68,5.87,-0.19,-3.2368,141315.75,80736.968,1.56,24.0,4.64,5.08,5.96,6.84,8.6,6.23,38.75
20190725,5.7,5.9,5.64,5.87,5.75,0.12,2.087,215355.44,125080.415,1.56,24.0,4.64,5.08,5.96,6.84,8.6,6.23,45.81
20190724,5.75,5.87,5.61,5.75,5.76,-0.01,-0.1736,190578.35,109514.961,1.56,24.0,4.64,5.08,5.96,6.84,8.6,6.24,45.13
20190723,5.55,5.96,5.55,5.76,5.68,0.08,1.4085,248919.07,143783.309,1.56,24.0,4.42,5.08,5.96,6.84,8.6,6.24,44.52
20190722,5.5,5.76,5.31,5.68,5.52,0.16,2.8986,225311.45,125046.796,1.56,24.0,4.42,5.08,6.18,6.84,8.6,6.25,40.15
20190719,5.51,5.69,5.51,5.52,5.64,-0.12,-2.1277,196384.01,109578.727,1.56,24.0,4.42,5.08,6.18,7.06,8.6,6.25,32.75
20190718,5.85,5.85,5.49,5.64,5.8,-0.16,-2.7586,395336.36,223231.516,1.56,24.0,4.42,5.08,6.18,7.06,8.82,6.26,39.06
20190717,5.25,5.8,5.21,5.8,5.27,0.53,10.0569,241923.82,137521.655,1.56,24.0,4.42,5.08,6.18,7.06,8.82,6.28,40.27
20190716,5.15,5.33,5.13,5.27,5.16,0.11,2.1318,76886.5,40253.06,1.56,24.0,4.42,5.08,6.18,7.06,8.82,6.29,23.3
20190715,5.09,5.2,4.91,5.16,5.1,0.06,1.1765,70991.92,36206.428,1.56,24.0,4.42,5.08,6.18,7.06,8.82,6.29,23.17
20190712,5.06,5.19,5.06,5.1,5.06,0.04,0.7905,50485.0,25853.044,1.56,24.0,4.42,5.08,6.18,7.06,8.82,6.3,22.8
20190711,5.06,5.17,5.02,5.06,5.12,-0.06,-1.1719,41632.58,21190.928,1.56,24.0,4.42,5.08,6.18,7.06,8.82,6.3,13.48
20190710,5.14,5.2,5.06,5.12,5.14,-0.02,-0.3891,66160.16,33918.497,1.56,24.0,4.42,5.08,6.18,7.06,8.82,6.31,22.34
20190709,5.06,5.16,5.01,5.14,5.07,0.07,1.3807,54391.71,27782.824,1.56,24.0,4.42,5.08,6.18,7.06,8.82,6.31,21.99
20190708,5.33,5.34,5.06,5.07,5.3,-0.23,-4.3396,89947.67,46106.988,1.56,24.0,4.42,5.08,6.18,7.06,8.82,6.32,13.48
20190705,5.24,5.35,5.2,5.3,5.21,0.09,1.7274,80550.0,42585.708,1.56,24.0,4.42,5.08,6.18,7.06,8.82,6.32,21.43
20190704,5.37,5.38,5.19,5.21,5.36,-0.15,-2.7985,90237.32,47511.957,1.56,24.0,4.42,5.08,6.18,7.06,8.82,6.33,21.28
20190703,5.42,5.44,5.27,5.36,5.42,-0.06,-1.107,116493.48,62205.824,1.56,24.0,4.42,5.08,6.18,7.06,8.82,6.33,30.89
20190702,5.58,5.67,5.39,5.42,5.51,-0.09,-1.6334,226310.25,124472.058,1.56,24.0,4.42,5.08,6.18,7.28,8.82,6.34,30.36
20190701,5.12,5.51,5.1,5.51,5.01,0.5,9.98,231861.78,125265.362,1.56,24.0,4.42,5.08,6.18,7.28,8.82,6.35,30.13
20190628,5.25,5.25,4.89,5.01,5.19,-0.18,-3.4682,94738.33,47558.55,1.56,24.0,4.42,5.08,6.18,7.28,8.82,6.37,14.3
20190627,5.19,5.3,5.15,5.19,5.21,-0.02,-0.3839,59347.18,30980.694,1.56,24.0,4.42,5.08,6.18,7.28,8.82,6.38,21.21
20190626,5.14,5.24,5.14,5.21,5.2,0.01,0.1923,35508.03,18491.408,1.56,24.0,4.42,5.08,6.18,7.28,8.82,6.38,20.96
20190625,5.26,5.31,5.16,5.2,5.27,-0.07,-1.3283,60669.29,31563.799,1.56,24.0,4.42,5.08,6.18,7.28,8.82,6.38,20.82
20190624,5.32,5.33,5.2,5.27,5.32,-0.05,-0.9398,66631.02,34911.884,1.56,24.0,4.42,5.08,6.18,7.28,8.82,6.39,20.7
20190621,5.29,5.37,5.24,5.32,5.28,0.04,0.7576,96869.77,51284.698,1.56,24.0,4.42,5.08,6.18,7.28,8.82,6.39,27.39
20190620,5.24,5.42,5.22,5.28,5.22,0.06,1.1494,138620.12,73196.651,1.56,24.0,4.42,5.08,6.18,7.28,8.82,6.4,20.39
20190619,5.45,5.5,5.16,5.22,5.33,-0.11,-2.0638,126646.26,67506.393,1.56,24.0,4.42,5.08,6.18,7.28,8.82,6.41,20.14
20190618,5.51,5.53,5.28,5.33,5.59,-0.26,-4.6512,135166.13,72573.812,1.56,24.0,4.42,5.08,6.18,7.28,8.82,6.42,25.56
20190617,5.21,5.65,5.16,5.59,5.14,0.45,8.7549,216245.49,118417.985,1.56,24.0,4.42,5.08,6.18,7.5,8.82,6.43,27.31
20190614,5.33,5.43,5.12,5.14,5.33,-0.19,-3.5647,90091.44,47308.166,1.56,24.0,4.42,4.86,6.4,7.5,8.82,6.44,20.57
20190613,5.17,5.37,5.17,5.33,5.2,0.13,2.5,110118.23,58458.736,1.56,24.0,4.42,4.86,6.4,7.5,8.82,6.45,24.05
20190612,5.23,5.44,5.16,5.2,5.32,-0.12,-2.2556,122518.22,64341.746,1.56,24.0,4.42,4.86,6.4,7.5,8.82,6.46,20.46
20190611,5.13,5.58,4.99,5.32,5.07,0.25,4.931,215037.78,114620.481,1.56,24.0,4.42,4.86,6.4,7.5,8.82,6.47,22.83
20190610,4.63,5.07,4.63,5.07,4.61,0.46,9.9783,109632.98,53999.224,1.56,24.0,4.42,4.86,6.4,7.5,8.82,6.49,15.74
20190606,4.97,4.97,4.61,4.61,4.93,-0.32,-6.4909,70514.11,33734.463,1.56,24.0,4.42,4.86,6.4,7.5,8.82,6.5,6.86
20190605,4.89,4.96,4.89,4.93,4.86,0.07,1.4403,39837.34,19643.991,1.56,24.0,4.42,5.08,6.4,7.72,8.82,6.51,14.65
20190604,4.88,4.93,4.83,4.86,4.89,-0.03,-0.6135,37580.43,18321.446,1.56,24.0,4.42,5.08,6.4,7.72,8.82,6.51,9.17
20190603,4.97,4.97,4.84,4.89,4.93,-0.04,-0.8114,53823.19,26357.813,1.56,24.0,4.42,5.08,6.4,7.72,8.82,6.52,14.25
20190531,4.96,4.98,4.9,4.93,4.95,-0.02,-0.404,33338.49,16502.707,1.56,24.0,4.42,5.08,6.4,7.72,8.82,6.52,13.94
20190530,5.01,5.02,4.86,4.95,4.98,-0.03,-0.6024,53398.61,26298.926,1.56,24.0,4.42,5.08,6.4,7.72,8.82,6.53,13.79
20190529,4.96,5.03,4.94,4.98,4.99,-0.01,-0.2004,42913.44,21433.06,1.56,24.0,4.42,5.08,6.4,7.72,8.82,6.53,13.53
20190528,5.02,5.1,4.94,4.99,5.02,-0.03,-0.5976,42132.92,21133.315,1.56,24.0,4.42,5.08,6.4,7.72,8.82,6.54,13.32
20190527,4.93,5.04,4.84,5.02,4.9,0.12,2.449,63003.67,31228.582,1.56,24.0,4.42,5.08,6.4,7.72,8.82,6.54,13.22
20190524,4.93,5.04,4.88,4.9,4.95,-0.05,-1.0101,46936.37,23222.6,1.56,24.0,4.42,5.08,6.4,7.72,8.82,6.55,12.85
20190523,5.03,5.08,4.93,4.95,5.01,-0.06,-1.1976,47331.5,23668.025,1.56,24.0,4.42,5.08,6.4,7.72,8.82,6.55,12.62
20190522,5.1,5.13,4.98,5.01,5.1,-0.09,-1.7647,44260.37,22319.079,1.56,24.0,4.42,5.08,6.4,7.72,8.82,6.56,12.39
20190521,5.08,5.13,4.99,5.1,5.03,0.07,1.3917,58690.13,29801.13,1.56,24.0,4.42,5.08,6.4,7.72,8.82,6.56,15.8
20190520,4.99,5.05,4.92,5.03,4.94,0.09,1.8219,53533.17,26757.774,1.56,24.0,4.42,5.08,6.4,7.72,8.82,6.57,12.27
20190517,5.15,5.23,4.91,4.94,5.16,-0.22,-4.2636,86695.44,43926.867,1.56,24.0,4.42,5.08,6.4,7.72,8.82,6.57,12.0
20190516,5.23,5.23,5.14,5.16,5.23,-0.07,-1.3384,69610.12,36035.323,1.56,24.0,4.42,5.3,6.4,7.72,8.82,6.58,14.56
20190515,5.16,5.23,5.16,5.23,5.15,0.08,1.5534,36946.08,19249.785,1.56,24.0,4.42,5.3,6.4,7.72,8.82,6.59,14.23
20190514,5.1,5.22,5.09,5.15,5.19,-0.04,-0.7707,43592.17,22548.055,1.56,24.0,4.42,5.3,6.4,7.72,8.82,6.59,14.06
20190513,5.16,5.27,5.13,5.19,5.15,0.04,0.7767,58498.21,30482.166,1.56,24.0,4.42,5.3,6.4,7.72,8.82,6.6,13.85
20190510,5.03,5.18,4.99,5.15,4.99,0.16,3.2064,60812.48,31120.342,1.56,24.0,4.42,5.3,6.4,7.72,8.82,6.6,13.57
20190509,5.0,5.08,4.95,4.99,5.03,-0.04,-0.7952,38499.37,19348.133,1.56,24.0,4.42,5.52,6.4,7.72,8.82,6.61,11.97
20190508,4.9,5.13,4.81,5.03,5.0,0.03,0.6,60424.01,30334.352,1.56,24.0,4.42,5.52,6.4,7.72,8.82,6.62,11.78
20190507,4.89,5.06,4.87,5.0,4.85,0.15,3.0928,77510.04,38397.481,1.56,24.0,4.42,5.52,6.4,7.72,8.82,6.62,11.54
20190506,5.25,5.25,4.8,4.85,5.33,-0.48,-9.0056,120203.19,59635.007,1.56,24.0,4.42,5.74,6.4,7.72,8.82,6.63,9.74
20190430,5.38,5.46,5.25,5.33,5.4,-0.07,-1.2963,69360.0,37264.171,1.56,24.0,4.42,5.74,6.4,7.94,8.82,6.64,12.67
20190429,5.9,5.95,5.4,5.4,6.0,-0.6,-10.0,173980.88,95823.702,1.56,24.0,4.42,5.74,6.4,7.94,8.82,6.65,12.26
20190426,6.05,6.14,5.97,6.0,6.07,-0.07,-1.1532,91306.01,55306.28,1.56,24.0,4.42,5.96,6.4,7.94,8.82,6.66,22.52
20190425,6.39,6.46,6.0,6.07,6.5,-0.43,-6.6154,165750.98,103294.78,1.56,24.0,4.42,5.96,6.4,7.94,8.82,6.67,22.14
20190424,6.2,6.6,6.13,6.5,6.17,0.33,5.3485,198969.17,127803.325,1.56,24.0,4.42,5.96,6.4,7.94,8.82,6.67,58.23
20190423,6.39,6.39,6.16,6.17,6.33,-0.16,-2.5276,86435.58,53739.705,1.56,24.0,4.42,5.96,6.4,7.94,8.82,6.67,22.62
20190422,6.36,6.53,6.31,6.33,6.36,-0.03,-0.4717,102028.92,65567.265,1.56,24.0,4.42,5.96,6.4,7.94,8.82,6.67,39.62
20190419,6.33,6.41,6.25,6.36,6.31,0.05,0.7924,76428.92,48417.318,1.56,24.0,4.42,5.96,6.4,7.94,8.82,6.67,39.84
20190418,6.41,6.46,6.27,6.31,6.43,-0.12,-1.8663,87820.37,55828.109,1.56,24.0,4.42,5.96,6.4,7.94,8.82,6.67,39.81
20190417,6.35,6.53,6.3,6.43,6.32,0.11,1.7405,121667.0,78353.026,1.56,24.0,4.42,5.96,6.4,7.94,8.82,6.68,56.79
20190416,6.14,6.32,6.03,6.32,6.12,0.2,3.268,90048.94,55994.942,1.56,24.0,4.42,5.96,6.4,7.94,8.82,6.68,40.07
20190415,6.26,6.3,6.11,6.12,6.2,-0.08,-1.2903,94361.38,58823.903,1.56,24.0,4.42,5.74,6.4,7.94,8.82,6.68,23.4
20190412,6.39,6.4,6.12,6.2,6.36,-0.16,-2.5157,170693.12,106239.268,1.56,24.0,4.42,5.74,6.4,7.94,8.82,6.68,39.38
20190411,6.8,6.84,6.33,6.36,6.75,-0.39,-5.7778,248299.58,163998.195,1.56,24.0,4.42,5.74,6.4,7.94,8.82,6.69,38.76
20190410,6.9,7.0,6.65,6.75,6.88,-0.13,-1.8895,265366.31,180622.294,1.56,24.0,4.42,5.74,6.4,7.94,8.82,6.69,67.74
20190409,6.7,6.95,6.52,6.88,6.78,0.1,1.4749,334502.59,225919.945,1.56,24.0,4.42,5.74,6.4,7.94,8.82,6.68,75.85
20190408,6.65,6.89,6.55,6.78,6.64,0.14,2.1084,255852.36,172088.614,1.56,24.0,4.42,5.74,6.4,8.16,8.82,6.67,68.53
20190404,6.7,6.77,6.51,6.64,6.64,0.0,0.0,228706.01,152006.992,1.56,24.0,4.42,5.74,6.4,8.16,8.82,6.67,68.68
20190403,6.36,6.85,6.28,6.64,6.38,0.26,4.0752,298272.68,197337.618,1.56,24.0,4.42,5.52,6.4,8.16,8.82,6.67,68.38
20190402,6.46,6.52,6.33,6.38,6.45,-0.07,-1.0853,185335.1,118474.006,1.56,24.0,4.2,5.52,6.4,8.16,8.82,6.66,43.94
20190401,6.33,6.5,6.33,6.45,6.31,0.14,2.2187,205223.45,131954.111,1.56,24.0,4.2,5.3,6.4,8.16,8.82,6.66,60.02
20190329,6.19,6.33,6.03,6.31,6.21,0.1,1.6103,167180.7,104202.605,1.56,24.0,4.2,5.3,6.4,8.16,8.82,6.66,44.49
20190328,6.05,6.28,5.99,6.21,6.1,0.11,1.8033,153611.41,95167.556,1.56,24.0,4.2,5.3,6.4,8.16,8.82,6.67,43.96
20190327,6.05,6.13,5.91,6.1,6.03,0.07,1.1609,103079.28,62269.635,1.56,24.0,4.2,5.08,6.4,8.16,8.82,6.67,28.14
20190326,6.2,6.32,5.95,6.03,6.2,-0.17,-2.7419,153856.61,94476.271,1.56,24.0,4.2,5.08,6.4,8.16,8.82,6.67,27.68
20190325,6.22,6.37,6.2,6.2,6.41,-0.21,-3.2761,142769.85,89625.817,1.56,24.0,4.2,5.08,6.4,8.16,8.82,6.68,42.42
20190322,6.24,6.5,6.22,6.41,6.26,0.15,2.3962,227849.35,146004.083,1.56,24.0,4.2,5.08,6.4,8.16,8.82,6.68,57.46
20190321,6.2,6.34,6.15,6.26,6.23,0.03,0.4815,149164.91,93601.32,1.56,24.0,4.2,4.86,6.4,8.16,8.82,6.68,42.63
20190320,6.25,6.31,6.1,6.23,6.29,-0.06,-0.9539,106898.39,66196.519,1.56,24.0,4.2,4.86,6.4,8.16,8.82,6.69,42.13
20190319,6.27,6.44,6.23,6.29,6.26,0.03,0.4792,123628.64,78146.2,1.56,24.0,4.2,4.86,6.4,8.16,8.82,6.69,41.77
20190318,6.22,6.28,6.1,6.26,6.24,0.02,0.3205,119909.58,74328.977,1.56,24.0,4.2,4.86,6.4,8.16,8.82,6.69,41.78
20190315,6.05,6.24,6.02,6.24,6.0,0.24,4.0,135229.45,82553.933,1.56,24.0,4.2,4.86,6.4,8.16,8.82,6.69,41.37
20190314,6.27,6.32,5.92,6.0,6.34,-0.34,-5.3628,212619.45,129567.097,1.56,24.0,4.2,4.86,6.4,8.16,8.82,6.7,28.75
20190313,6.44,6.56,6.28,6.34,6.43,-0.09,-1.3997,218447.01,140668.281,1.56,24.0,4.2,4.86,6.4,8.16,8.82,6.7,39.93
20190312,6.4,6.53,6.26,6.43,6.39,0.04,0.626,249924.98,159929.624,1.56,24.0,4.2,4.86,6.4,8.16,8.82,6.71,53.7
20190311,6.27,6.47,6.03,6.39,6.33,0.06,0.9479,272498.81,171070.934,1.56,24.0,4.2,4.64,6.4,8.16,8.82,6.71,40.99
20190308,6.62,6.79,6.31,6.33,6.85,-0.52,-7.5912,319482.47,208297.946,1.56,24.0,4.2,4.64,6.4,8.38,8.82,6.71,40.54
20190307,6.82,7.24,6.73,6.85,6.93,-0.08,-1.1544,368328.62,256996.856,1.56,24.0,4.2,4.64,6.4,8.38,8.82,6.71,67.58
20190306,6.9,7.0,6.67,6.93,6.94,-0.01,-0.1441,416415.1,282883.548,1.56,24.0,4.2,4.64,6.4,8.38,8.82,6.7,67.8
20190305,6.42,6.95,6.37,6.94,6.53,0.41,6.2787,491371.4,327980.099,1.56,24.0,4.2,4.64,6.4,8.38,8.82,6.69,66.99
20190304,6.73,6.95,6.4,6.53,6.49,0.04,0.6163,419616.38,276264.432,1.56,24.0,4.2,4.64,6.4,8.38,8.82,6.69,56.51
20190301,6.18,6.77,6.03,6.49,6.18,0.31,5.0162,413176.99,264009.665,1.56,24.0,4.2,4.64,6.4,8.38,8.82,6.68,57.43
20190228,6.03,6.27,6.03,6.18,6.05,0.13,2.1488,180820.24,111629.86,1.56,24.0,4.2,4.64,6.4,8.38,8.82,6.69,35.99
20190227,6.1,6.22,5.9,6.05,6.18,-0.13,-2.1036,245315.04,149216.935,1.56,24.0,4.2,4.64,6.4,8.38,8.82,6.69,35.91
20190226,6.4,6.45,6.13,6.18,6.53,-0.35,-5.3599,439763.25,276342.389,1.56,24.0,4.2,4.42,6.4,8.38,9.04,6.7,35.41
20190225,6.25,6.57,6.21,6.53,6.17,0.36,5.8347,534902.24,343431.121,1.56,24.0,4.2,4.42,6.4,8.38,9.04,6.71,53.95
20190222,6.03,6.25,6.03,6.17,6.1,0.07,1.1475,311402.86,191291.089,1.56,24.0,4.2,4.42,6.4,8.38,9.04,6.72,37.99
20190221,6.26,6.32,5.9,6.1,6.33,-0.23,-3.6335,428375.66,262308.475,1.56,24.0,4.2,4.42,6.4,8.38,9.04,6.72,37.86
20190220,6.4,6.65,6.29,6.33,6.56,-0.23,-3.5061,477797.89,306524.091,1.56,24.0,4.2,4.42,6.62,8.6,9.04,6.74,43.94
20190219,6.19,6.87,6.05,6.56,6.36,0.2,3.1447,736224.27,469365.006,1.56,24.0,4.2,4.42,6.62,8.6,9.04,6.74,49.33
20190218,5.95,6.55,5.85,6.36,6.28,0.08,1.2739,808779.78,497537.714,1.56,24.0,4.2,4.42,6.84,8.6,9.04,6.76,45.77
20190215,5.85,6.42,5.56,6.28,5.84,0.44,7.5342,914686.4,564133.047,1.56,24.0,4.2,4.42,6.84,8.6,9.04,6.79,43.44
20190214,5.84,5.84,5.84,5.84,5.31,0.53,9.9812,47592.14,27793.81,1.56,24.0,4.2,4.42,7.28,8.6,9.04,6.85,36.78
20190213,5.31,5.31,5.31,5.31,4.83,0.48,9.9379,22895.49,12157.505,1.56,24.0,4.2,4.42,7.28,8.6,9.04,6.85,34.76
20190212,4.39,4.83,4.37,4.83,4.39,0.44,10.0228,137358.72,65238.348,1.56,24.0,4.2,4.42,7.28,8.6,9.04,6.85,28.85
20190211,4.3,4.4,4.28,4.39,4.26,0.13,3.0516,42374.44,18481.409,1.56,24.0,4.2,4.42,7.28,8.6,9.04,6.87,11.69
20190201,4.19,4.29,4.19,4.26,4.2,0.06,1.4286,20366.5,8664.416,1.56,24.0,4.2,4.42,7.28,8.6,9.04,6.88,11.48
20190131,4.26,4.31,4.2,4.2,4.26,-0.06,-1.4085,32236.0,13729.377,1.56,24.0,4.2,4.42,7.28,8.6,9.04,6.88,1.83
20190130,4.34,4.34,4.25,4.26,4.36,-0.1,-2.2936,31259.39,13463.264,1.56,24.0,4.2,4.42,7.28,8.6,9.04,6.89,11.21
20190129,4.29,4.36,4.16,4.36,4.29,0.07,1.6317,61622.0,26218.273,1.56,24.0,4.2,4.42,7.28,8.6,9.04,6.9,11.06
20190128,4.31,4.39,4.29,4.29,4.29,0.0,0.0,30618.0,13257.869,1.56,24.0,4.2,4.42,7.28,8.6,9.04,6.91,10.69
20190125,4.28,4.33,4.27,4.29,4.29,0.0,0.0,30875.97,13253.532,1.56,24.0,4.2,4.42,7.28,8.6,9.04,6.91,10.54
20190124,4.27,4.34,4.23,4.29,4.28,0.01,0.2336,37965.02,16247.449,1.56,24.0,4.2,4.42,7.28,8.6,9.04,6.92,10.39
20190123,4.31,4.33,4.26,4.28,4.3,-0.02,-0.4651,22456.0,9630.42,1.56,24.0,4.2,4.42,7.28,8.6,9.04,6.92,10.19
20190122,4.38,4.4,4.3,4.3,4.39,-0.09,-2.0501,28568.0,12392.713,1.56,24.0,4.2,4.42,7.28,8.6,9.04,6.93,10.08
20190121,4.33,4.45,4.32,4.39,4.31,0.08,1.8561,63895.99,27965.142,1.56,24.0,4.2,4.42,7.28,8.6,9.04,6.94,9.93
20190118,4.32,4.4,4.29,4.31,4.36,-0.05,-1.1468,73255.97,31759.887,1.56,24.0,4.2,4.42,7.28,8.6,9.04,6.95,9.77
20190117,4.32,4.57,4.31,4.36,4.3,0.06,1.3953,120925.98,53444.728,1.56,24.0,4.2,4.42,7.28,8.6,9.04,6.96,9.4
20190116,4.33,4.33,4.26,4.3,4.3,0.0,0.0,38173.1,16395.687,1.56,24.0,4.2,4.42,7.28,8.6,9.04,6.98,9.36
20190115,4.28,4.32,4.27,4.3,4.28,0.02,0.4673,33135.08,14252.083,1.56,24.0,4.2,4.42,7.28,8.6,9.04,6.99,9.17
20190114,4.34,4.37,4.28,4.28,4.33,-0.05,-1.1547,29867.0,12896.97,1.56,24.0,4.2,4.42,7.28,8.6,9.04,7.0,9.0
20190111,4.27,4.34,4.26,4.33,4.27,0.06,1.4052,49159.23,21158.926,1.56,24.0,4.2,4.42,7.28,8.6,9.04,7.0,8.84
20190110,4.3,4.35,4.27,4.27,4.27,0.0,0.0,35201.0,15178.175,1.56,24.0,4.2,4.42,7.28,8.6,9.04,7.01,8.59
20190109,4.32,4.38,4.27,4.27,4.3,-0.03,-0.6977,49558.22,21426.113,1.56,24.0,4.2,4.42,7.5,8.6,9.04,7.02,8.41
20190108,4.2,4.31,4.2,4.3,4.23,0.07,1.6548,49875.93,21206.066,1.56,24.0,4.2,4.42,7.5,8.6,9.04,7.03,8.16
20190107,4.18,4.25,4.15,4.23,4.17,0.06,1.4388,53308.93,22421.913,1.56,24.0,4.2,4.42,7.5,8.6,9.04,7.04,7.9
20190104,4.07,4.19,4.07,4.17,4.07,0.1,2.457,42190.93,17483.278,1.56,24.0,4.2,4.42,7.5,8.6,9.04,7.05,1.79
20190103,4.14,4.15,4.07,4.07,4.11,-0.04,-0.9732,30093.0,12345.674,1.56,24.0,4.2,4.42,7.5,8.6,9.04,7.06,1.55
20190102,4.12,4.17,4.08,4.11,4.13,-0.02,-0.4843,21122.0,8685.174,1.56,24.0,4.2,4.42,7.5,8.6,9.04,7.07,1.38
20181228,4.1,4.14,4.0,4.13,4.07,0.06,1.4742,52873.2,21595.683,1.56,24.0,4.2,4.42,7.5,8.6,9.04,7.07,1.26
20181227,4.22,4.23,4.07,4.07,4.16,-0.09,-2.1635,37187.0,15452.214,1.56,24.0,4.2,4.42,7.5,8.6,9.04,7.08,0.96
20181226,4.21,4.24,4.15,4.16,4.21,-0.05,-1.1876,19521.2,8161.286,1.56,24.0,4.2,4.42,7.5,8.6,9.04,7.09,0.84
20181225,4.25,4.25,4.1,4.21,4.27,-0.06,-1.4052,48801.45,20293.004,1.56,24.0,4.2,4.42,7.5,8.6,9.04,7.1,6.12
20181224,4.26,4.31,4.24,4.27,4.33,-0.06,-1.3857,29611.35,12682.061,1.56,24.0,4.2,4.64,7.5,8.6,9.04,7.11,5.79
20181221,4.21,4.38,4.1,4.33,4.22,0.11,2.6066,66398.19,27988.539,1.56,24.0,4.2,4.64,7.5,8.6,9.04,7.11,5.63
20181220,4.21,4.27,4.2,4.22,4.24,-0.02,-0.4717,21406.0,9065.128,1.56,24.0,4.2,4.64,7.5,8.6,9.04,7.12,5.21
20181219,4.3,4.34,4.23,4.24,4.3,-0.06,-1.3953,17376.47,7428.356,1.56,24.0,4.2,4.64,7.5,8.6,9.04,7.13,5.09
20181218,4.36,4.38,4.27,4.3,4.36,-0.06,-1.3761,24604.59,10627.312,1.56,24.0,4.42,4.64,7.5,8.6,9.04,7.13,4.99
20181217,4.35,4.39,4.33,4.36,4.4,-0.04,-0.9091,21031.53,9164.238,1.56,24.0,4.42,4.64,7.5,8.6,9.04,7.14,4.85
20181214,4.49,4.49,4.36,4.4,4.49,-0.09,-2.0045,49766.43,21920.315,1.56,24.0,4.42,4.64,7.5,8.6,9.04,7.14,4.73
20181213,4.49,4.55,4.43,4.49,4.49,0.0,0.0,43524.0,19564.898,1.56,24.0,4.42,4.64,7.5,8.6,9.04,7.15,13.22
20181212,4.51,4.53,4.42,4.49,4.5,-0.01,-0.2222,43131.82,19264.303,1.56,24.0,4.42,4.64,7.5,8.6,9.04,7.16,13.01
20181211,4.52,4.56,4.48,4.5,4.5,0.0,0.0,27263.14,12283.023,1.56,24.0,4.42,4.64,7.5,8.6,9.04,7.17,12.81
20181210,4.57,4.6,4.49,4.5,4.67,-0.17,-3.6403,68489.55,31041.422,1.56,24.0,4.42,4.64,7.5,8.6,9.04,7.17,12.68
20181207,4.56,4.88,4.53,4.67,4.48,0.19,4.2411,133765.81,62929.43,1.56,24.0,4.42,4.64,7.5,8.6,9.04,7.19,19.03
20181206,4.64,4.64,4.48,4.48,4.62,-0.14,-3.0303,52370.01,23723.402,1.56,24.0,4.42,4.64,7.72,8.6,9.04,7.21,12.39
20181205,4.61,4.67,4.59,4.62,4.7,-0.08,-1.7021,35544.62,16429.093,1.56,24.0,4.42,4.64,7.72,8.6,9.04,7.22,12.14
20181204,4.68,4.73,4.64,4.7,4.67,0.03,0.6424,42832.02,20071.983,1.56,24.0,4.42,4.64,7.72,8.6,9.04,7.23,18.04
20181203,4.63,4.71,4.57,4.67,4.54,0.13,2.8634,56684.71,26373.948,1.56,24.0,4.42,4.64,7.72,8.6,9.04,7.24,17.84
20181130,4.5,4.6,4.38,4.54,4.52,0.02,0.4425,46314.0,20721.17,1.56,24.0,4.42,4.64,7.72,8.6,9.04,7.25,12.08
20181129,4.61,4.69,4.52,4.52,4.59,-0.07,-1.5251,49213.82,22701.032,1.56,24.0,4.42,4.64,7.72,8.6,9.04,7.26,11.81
20181128,4.55,4.62,4.47,4.59,4.57,0.02,0.4376,35637.01,16240.244,1.56,24.0,4.42,4.64,7.72,8.6,9.04,7.27,11.69
20181127,4.58,4.63,4.53,4.57,4.58,-0.01,-0.2183,23818.0,10901.73,1.56,24.0,4.42,4.64,7.72,8.6,9.04,7.27,11.51
20181126,4.64,4.64,4.55,4.58,4.64,-0.06,-1.2931,34615.6,15876.85,1.56,24.0,4.42,4.64,7.72,8.6,9.04,7.28,11.4
20181123,4.76,4.76,4.53,4.64,4.76,-0.12,-2.521,71181.81,32959.196,1.56,24.0,4.42,4.64,7.72,8.6,9.04,7.29,11.23
20181122,4.79,4.83,4.7,4.76,4.8,-0.04,-0.8333,59528.92,28348.907,1.56,24.0,4.42,4.64,7.72,8.6,9.04,7.3,15.9
20181121,4.71,4.82,4.67,4.8,4.81,-0.01,-0.2079,65382.6,30959.964,1.56,24.0,4.42,4.64,7.72,8.6,9.04,7.31,15.62
20181120,4.9,4.9,4.7,4.81,4.92,-0.11,-2.2358,86742.89,41522.258,1.56,24.0,4.42,4.64,7.72,8.6,9.04,7.33,15.32
20181119,4.88,4.94,4.81,4.92,4.84,0.08,1.6529,64280.56,31396.337,1.56,24.0,4.42,4.64,7.72,8.6,9.04,7.34,17.1
20181116,4.81,4.87,4.77,4.84,4.79,0.05,1.0438,62949.57,30413.803,1.56,24.0,4.42,4.64,7.72,8.6,9.04,7.35,15.13
20181115,4.72,4.87,4.68,4.79,4.74,0.05,1.0549,92205.23,44190.16,1.56,24.0,4.42,4.86,7.72,8.6,9.04,7.36,14.98
20181114,4.73,4.81,4.68,4.74,4.75,-0.01,-0.2105,92904.52,43955.435,1.56,24.0,4.42,4.86,7.72,8.6,9.04,7.38,14.77
20181113,4.56,4.78,4.52,4.75,4.58,0.17,3.7118,174432.86,81640.515,1.56,24.0,4.42,4.86,7.72,8.6,9.04,7.4,14.33
20181112,4.47,4.6,4.45,4.58,4.5,0.08,1.7778,113096.45,51369.401,1.56,24.0,4.2,5.08,7.72,8.6,9.04,7.44,11.47
20181109,4.42,4.52,4.36,4.5,4.43,0.07,1.5801,74950.06,33360.123,1.56,24.0,4.2,5.3,7.94,8.6,9.04,7.46,10.9
20181108,4.46,4.49,4.4,4.43,4.42,0.01,0.2262,50873.01,22580.497,1.56,24.0,4.42,5.3,7.94,8.6,9.04,7.48,10.45
20181107,4.45,4.54,4.42,4.42,4.44,-0.02,-0.4505,97445.8,43548.72,1.56,24.0,4.42,5.3,7.94,8.6,9.04,7.49,4.96
20181106,4.54,4.54,4.39,4.44,4.5,-0.06,-1.3333,70494.0,31294.804,1.56,24.0,4.42,5.3,7.94,8.82,9.04,7.51,9.64
20181105,4.44,4.54,4.42,4.5,4.45,0.05,1.1236,76181.19,34021.719,1.56,24.0,4.42,5.3,7.94,8.82,9.04,7.53,9.21
20181102,4.39,4.46,4.36,4.45,4.35,0.1,2.2989,90242.85,39824.162,1.56,24.0,4.42,5.52,7.94,8.82,9.04,7.55,8.82
20181101,4.38,4.44,4.35,4.35,4.38,-0.03,-0.6849,69074.62,30273.362,1.56,24.0,4.42,5.52,7.94,8.82,9.04,7.57,4.7
20181031,4.28,4.41,4.28,4.38,4.32,0.06,1.3889,54712.0,23805.72,1.56,24.0,4.42,5.74,7.94,8.82,9.04,7.58,4.49
20181030,4.33,4.36,4.25,4.32,4.35,-0.03,-0.6897,32862.1,14175.373,1.56,24.0,4.42,5.74,7.94,8.82,9.04,7.6,4.19
20181029,4.37,4.39,4.26,4.35,4.42,-0.07,-1.5837,34842.0,15085.905,1.56,24.0,4.42,5.74,7.94,8.82,9.04,7.61,4.01
20181026,4.37,4.42,4.3,4.42,4.37,0.05,1.1442,49102.41,21442.589,1.56,24.0,4.42,5.96,7.94,8.82,9.04,7.61,3.82
20181025,4.2,4.38,4.17,4.37,4.39,-0.02,-0.4556,39802.6,16988.136,1.56,24.0,4.42,5.96,7.94,8.82,9.04,7.63,3.55
20181024,4.36,4.41,4.32,4.39,4.38,0.01,0.2283,51917.94,22648.132,1.56,24.0,4.42,5.96,7.94,8.82,9.04,7.64,3.29
20181023,4.52,4.59,4.3,4.38,4.5,-0.12,-2.6667,93191.65,41133.277,1.56,24.0,4.42,5.96,7.94,8.82,9.04,7.65,3.0
20181022,4.37,4.61,4.37,4.5,4.42,0.08,1.81,147945.52,66553.559,1.56,24.0,4.42,5.96,7.94,8.82,9.04,7.67,5.21
20181019,4.26,4.42,4.16,4.42,4.27,0.15,3.5129,60740.1,26161.89,1.56,24.0,4.64,6.18,7.94,8.82,9.04,7.71,2.58
20181018,4.28,4.35,4.18,4.27,4.3,-0.03,-0.6977,41558.01,17699.922,1.56,24.0,4.86,6.18,7.94,8.82,9.04,7.72,2.17
20181017,4.18,4.51,4.0,4.3,4.17,0.13,3.1175,92656.51,39310.873,1.56,24.0,4.86,6.18,7.94,8.82,9.04,7.74,1.89
20181016,4.46,4.46,4.14,4.17,4.47,-0.3,-6.7114,62884.48,26719.129,1.56,24.0,5.08,6.18,7.94,8.82,9.04,7.76,0.35
20181015,4.55,4.55,4.28,4.47,4.75,-0.28,-5.8947,99936.82,43874.336,1.56,24.0,5.08,6.18,7.94,8.82,9.04,7.77,2.34
20181012,4.18,4.75,4.0,4.75,4.44,0.31,6.982,85113.56,36619.772,1.56,24.0,5.08,6.4,7.94,8.82,9.04,7.8,2.47
20181011,4.84,4.84,4.44,4.44,4.93,-0.49,-9.9391,69319.61,31918.151,1.56,24.0,5.3,6.62,7.94,8.82,9.04,7.84,0.69
20181010,4.95,4.98,4.73,4.93,4.95,-0.02,-0.404,30779.0,14894.251,1.56,24.0,5.3,6.62,7.94,8.82,9.04,7.87,1.16
20181009,5.0,5.07,4.93,4.95,4.97,-0.02,-0.4024,19783.0,9918.22,1.56,24.0,5.3,6.62,7.94,8.82,9.04,7.88,0.77
20181008,5.14,5.14,4.97,4.97,5.16,-0.19,-3.6822,27117.11,13723.771,1.56,24.0,5.52,6.62,7.94,8.82,9.04,7.89,0.57
20180928,5.19,5.25,5.16,5.16,5.15,0.01,0.1942,16450.0,8543.181,1.56,24.0,5.52,6.62,7.94,8.82,9.04,7.9,2.04
20180927,5.34,5.34,5.15,5.15,5.27,-0.12,-2.277,19356.0,10102.707,1.56,24.0,5.52,6.84,7.94,8.82,9.04,7.9,1.88
20180926,5.32,5.34,5.27,5.27,5.27,0.0,0.0,13604.7,7219.965,1.56,24.0,5.52,6.84,7.94,8.82,9.04,7.91,1.77
20180925,5.31,5.32,5.25,5.27,5.28,-0.01,-0.1894,16112.0,8508.723,1.56,24.0,5.52,6.84,7.94,8.82,9.04,7.91,1.75
20180921,5.25,5.33,5.16,5.28,5.2,0.08,1.5385,33613.69,17694.306,1.56,24.0,5.52,6.84,7.94,8.82,9.04,7.92,1.66
20180920,5.21,5.25,5.19,5.2,5.19,0.01,0.1927,18048.02,9412.68,1.56,24.0,5.74,6.84,8.16,8.82,9.04,7.93,1.46
20180919,5.13,5.24,5.11,5.19,5.13,0.06,1.1696,31117.0,16123.113,1.56,24.0,5.74,6.84,8.16,8.82,9.04,7.94,1.28
20180918,5.02,5.15,5.01,5.13,5.02,0.11,2.1912,24550.72,12481.642,1.56,24.0,5.74,6.84,8.16,8.82,9.04,7.95,0.97
20180917,5.31,5.31,4.98,5.02,5.33,-0.31,-5.8161,39888.03,20300.798,1.56,24.0,5.96,6.84,8.16,8.82,9.04,7.96,0.37
20180914,5.37,5.41,5.33,5.33,5.35,-0.02,-0.3738,21125.0,11336.299,1.56,24.0,5.96,6.84,8.16,8.82,9.04,7.97,1.81
20180913,5.4,5.4,5.32,5.35,5.35,0.0,0.0,15572.06,8341.121,1.56,24.0,5.96,6.84,8.16,8.82,9.04,7.98,1.6
20180912,5.42,5.44,5.34,5.35,5.39,-0.04,-0.7421,14782.0,7980.003,1.56,24.0,5.96,6.84,8.16,8.82,9.04,7.99,1.44
20180911,5.46,5.48,5.37,5.39,5.47,-0.08,-1.4625,14144.18,7669.934,1.56,24.0,5.96,6.84,8.16,8.82,9.04,7.99,1.29
20180910,5.45,5.5,5.32,5.47,5.52,-0.05,-0.9058,21862.0,11873.993,1.56,24.0,5.96,6.84,8.16,8.82,9.04,8.0,1.15
20180907,5.48,5.57,5.47,5.52,5.52,0.0,0.0,18112.33,10003.16,1.56,24.0,5.96,6.84,8.16,8.82,9.04,8.0,0.93
20180906,5.54,5.56,5.46,5.52,5.53,-0.01,-0.1808,20942.0,11515.231,1.56,24.0,5.96,6.84,8.16,8.82,9.04,8.01,0.9
20180905,5.5,5.56,5.46,5.53,5.51,0.02,0.363,22745.28,12583.955,1.56,24.0,5.96,6.84,8.16,8.82,9.04,8.02,1.64
20180904,5.49,5.57,5.44,5.51,5.49,0.02,0.3643,23273.83,12809.296,1.56,24.0,5.96,6.84,8.16,8.82,9.04,8.02,0.74
20180903,5.66,5.68,5.38,5.49,5.65,-0.16,-2.8319,40678.06,22137.31,1.56,24.0,6.18,6.84,8.16,8.82,9.04,8.03,0.6
20180831,5.88,5.88,5.62,5.65,5.88,-0.23,-3.9116,29188.98,16707.98,1.56,24.0,6.18,6.84,8.16,8.82,9.04,8.04,0.55
20180830,5.97,5.97,5.88,5.88,5.95,-0.07,-1.1765,15013.54,8882.655,1.56,24.0,6.18,6.84,8.16,8.82,9.04,8.05,0.97
20180829,6.03,6.03,5.93,5.95,6.01,-0.06,-0.9983,18295.0,10902.453,1.56,24.0,6.18,6.84,8.16,8.82,9.04,8.06,0.88
20180828,6.03,6.09,5.94,6.01,6.05,-0.04,-0.6612,23431.69,14065.863,1.56,24.0,6.18,6.84,8.16,8.82,9.04,8.06,3.46
20180827,5.97,6.07,5.95,6.05,5.98,0.07,1.1706,20618.0,12417.56,1.56,24.0,6.18,6.84,8.16,8.82,9.04,8.07,3.19
20180824,6.0,6.03,5.95,5.98,5.97,0.01,0.1675,14020.0,8412.767,1.56,24.0,6.18,6.84,8.16,8.82,9.04,8.07,2.96
20180823,5.94,6.05,5.94,5.97,5.94,0.03,0.5051,15959.75,9565.356,1.56,24.0,6.18,7.06,8.16,8.82,9.04,8.08,2.8
20180822,6.06,6.07,5.94,5.94,6.06,-0.12,-1.9802,19649.0,11743.687,1.56,24.0,6.4,7.06,8.16,8.82,9.04,8.08,0.73
20180821,6.07,6.08,6.0,6.06,6.05,0.01,0.1653,20215.33,12231.96,1.56,24.0,6.4,7.06,8.16,8.82,9.04,8.09,2.38
20180820,6.01,6.12,6.0,6.05,6.06,-0.01,-0.165,12774.01,7726.57,1.56,24.0,6.4,7.06,8.16,8.82,9.04,8.09,2.18
20180817,6.01,6.11,6.0,6.06,6.07,-0.01,-0.1647,19898.4,12053.822,1.56,24.0,6.62,7.06,8.16,8.82,9.04,8.1,2.05
20180816,6.0,6.13,5.8,6.07,6.0,0.07,1.1667,43302.0,25699.542,1.56,24.0,6.62,7.06,8.16,8.82,9.04,8.1,1.85
20180815,6.16,6.21,6.0,6.0,6.21,-0.21,-3.3816,23779.0,14486.141,1.56,24.0,6.62,7.06,8.16,8.82,9.04,8.11,1.3
20180814,6.24,6.27,6.19,6.21,6.28,-0.07,-1.1146,13587.9,8453.645,1.56,24.0,6.62,7.06,8.16,8.82,9.04,8.12,3.16
20180813,6.23,6.29,6.13,6.28,6.27,0.01,0.1595,23929.0,14855.533,1.56,24.0,6.62,7.06,8.16,8.82,9.04,8.12,3.02
20180810,6.24,6.33,6.19,6.27,6.22,0.05,0.8039,28690.25,17928.381,1.56,24.0,6.62,7.06,8.16,8.82,9.04,8.13,2.74
20180809,6.14,6.27,6.08,6.22,6.15,0.07,1.1382,24430.01,15159.289,1.56,24.0,6.62,7.06,8.16,8.82,9.04,8.13,2.45
20180808,6.22,6.22,6.14,6.15,6.24,-0.09,-1.4423,13219.0,8168.873,1.56,24.0,6.62,7.06,8.16,8.82,9.04,8.14,1.08
20180807,6.14,6.27,6.1,6.24,6.16,0.08,1.2987,22627.84,13982.147,1.56,24.0,6.62,7.06,8.16,8.82,9.04,8.14,2.01
20180806,6.11,6.19,5.88,6.16,6.11,0.05,0.8183,38605.62,23247.613,1.56,24.0,6.84,7.06,8.16,8.82,9.04,8.15,1.02
20180803,6.23,6.32,6.0,6.11,6.27,-0.16,-2.5518,40093.7,24625.544,1.56,24.0,6.84,7.06,8.16,8.82,9.04,8.16,0.7
20180802,6.69,6.7,6.15,6.27,6.69,-0.42,-6.278,46331.74,29609.751,1.56,24.0,6.84,7.06,8.16,8.82,9.04,8.17,0.74
20180801,6.84,6.86,6.68,6.69,6.84,-0.15,-2.193,26738.48,18082.817,1.56,24.0,6.84,7.06,8.16,8.82,9.04,8.18,3.22
20180731,6.83,6.89,6.82,6.84,6.83,0.01,0.1464,10519.0,7217.033,1.56,24.0,6.84,7.06,8.16,8.82,9.04,8.19,3.07
20180730,6.9,6.94,6.83,6.83,6.9,-0.07,-1.0145,21325.0,14651.626,1.56,24.0,6.84,7.06,8.16,8.82,9.04,8.19,3.06
20180727,6.89,6.98,6.88,6.9,6.89,0.01,0.1451,22725.5,15743.636,1.56,24.0,6.84,7.28,8.16,8.82,9.04,8.19,9.28
20180726,6.85,6.94,6.85,6.89,6.9,-0.01,-0.1449,20225.0,13925.55,1.56,24.0,6.84,7.28,8.16,8.82,9.04,8.19,9.08
20180725,6.88,6.95,6.85,6.9,6.87,0.03,0.4367,24248.1,16725.59,1.56,24.0,6.84,7.28,8.16,8.82,9.04,8.2,8.9
20180724,6.79,6.91,6.75,6.87,6.79,0.08,1.1782,26373.42,18090.015,1.56,24.0,6.84,7.28,8.16,8.82,9.04,8.2,8.68
20180723,6.72,6.81,6.68,6.79,6.72,0.07,1.0417,22600.0,15231.863,1.56,24.0,6.84,7.28,8.16,8.82,9.04,8.2,3.02
20180720,6.7,6.76,6.65,6.72,6.68,0.04,0.5988,14223.71,9552.98,1.56,24.0,6.84,7.28,8.16,8.82,9.04,8.21,2.8
20180719,6.74,6.77,6.67,6.68,6.79,-0.11,-1.62,19019.1,12761.226,1.56,24.0,6.84,7.28,8.16,8.82,9.04,8.21,2.66
20180718,6.72,6.93,6.7,6.79,6.73,0.06,0.89,31150.1,21270.153,1.56,24.0,6.84,7.28,8.16,8.82,9.04,8.22,2.47
20180717,6.73,6.75,6.68,6.73,6.72,0.01,0.15,12563.4,8442.165,1.56,24.0,6.84,7.28,8.16,8.82,9.04,8.22,2.29
20180716,6.77,6.79,6.69,6.72,6.74,-0.02,-0.3,14782.54,9954.235,1.56,24.0,6.84,7.28,8.16,8.82,9.04,8.22,2.16
20180713,6.89,6.89,6.74,6.74,6.89,-0.15,-2.18,40582.0,27535.683,1.56,24.0,6.84,7.28,8.16,8.82,9.04,8.23,2.01
20180712,6.75,6.94,6.75,6.89,6.81,0.08,1.17,27850.0,19190.523,1.56,24.0,6.84,7.28,8.16,8.82,9.04,8.23,6.49
20180711,6.86,6.87,6.76,6.81,6.95,-0.14,-2.01,14937.0,10190.048,1.56,24.0,6.84,7.28,8.16,8.82,9.04,8.24,1.74
20180710,7.07,7.07,6.91,6.95,6.92,0.03,0.43,23885.0,16634.223,1.56,24.0,6.84,7.28,8.16,8.82,9.04,8.24,6.0
20180709,6.77,6.95,6.73,6.92,6.77,0.15,2.22,26083.48,17857.441,1.56,24.0,6.84,7.28,8.16,8.82,9.04,8.24,5.87
20180706,6.88,6.88,6.68,6.77,6.84,-0.07,-1.02,27734.77,18815.161,1.56,24.0,6.84,7.28,8.16,8.82,9.04,8.25,1.61
20180705,6.8,6.92,6.68,6.84,6.82,0.02,0.29,44286.09,30026.323,1.56,24.0,6.84,7.28,8.16,8.82,9.04,8.25,1.45
20180704,6.91,6.98,6.8,6.82,6.91,-0.09,-1.3,12846.03,8803.964,1.56,24.0,7.06,7.28,8.16,8.82,9.04,8.26,1.19
20180703,6.93,6.98,6.79,6.91,6.9,0.01,0.14,23495.01,16107.678,1.56,24.0,7.06,7.28,8.16,8.82,9.04,8.26,4.57
20180702,7.02,7.05,6.84,6.9,7.06,-0.16,-2.27,23531.1,16405.576,1.56,24.0,7.06,7.28,8.16,8.82,9.04,8.27,4.3
20180629,6.82,7.08,6.74,7.06,6.82,0.24,3.52,28473.0,19715.697,1.56,24.0,7.06,7.28,8.16,8.82,9.04,8.27,4.07
20180628,6.91,7.01,6.8,6.82,6.99,-0.17,-2.43,17067.0,11784.137,1.56,24.0,7.06,7.28,8.16,8.82,9.04,8.28,1.1
20180627,7.0,7.04,6.92,6.99,7.0,-0.01,-0.14,18846.0,13143.697,1.56,24.0,7.06,7.28,8.16,8.82,9.04,8.28,3.64
20180626,6.94,7.03,6.6,7.0,7.01,-0.01,-0.14,14793.0,10289.088,1.56,24.0,7.06,7.28,8.16,8.82,9.04,8.28,3.45
20180625,7.09,7.15,6.95,7.01,7.08,-0.07,-0.99,20175.0,14196.134,1.56,24.0,7.06,7.28,8.16,8.82,9.04,8.29,3.27
20180622,7.06,7.09,6.95,7.08,7.06,0.02,0.28,21392.04,15034.752,1.56,24.0,7.06,7.5,8.16,8.82,9.04,8.29,8.01
20180621,7.08,7.15,6.94,7.06,7.09,-0.03,-0.42,26999.0,19004.571,1.56,24.0,7.06,7.5,8.16,8.82,9.04,8.29,3.04
20180620,6.9,7.11,6.85,7.09,7.0,0.09,1.29,38245.28,26687.155,1.56,24.0,7.06,7.5,8.16,8.82,9.04,8.3,7.44
20180619,7.15,7.15,6.5,7.0,7.17,-0.17,-2.37,85492.72,58787.101,1.56,24.0,7.06,7.5,8.16,8.82,9.04,8.3,2.67
20180615,7.28,7.6,7.11,7.17,7.3,-0.13,-1.78,41972.84,30622.143,1.56,24.0,7.06,7.5,8.16,8.82,9.04,8.32,5.92
20180614,7.2,7.31,7.17,7.3,7.24,0.06,0.83,20576.72,14892.059,1.56,24.0,7.06,7.5,8.16,8.82,9.04,8.32,12.58
20180613,7.38,7.38,7.22,7.24,7.4,-0.16,-2.16,13548.0,9911.591,1.56,24.0,7.06,7.5,8.16,8.82,9.04,8.33,5.8
20180612,7.2,7.43,7.15,7.4,7.23,0.17,2.35,24913.64,18111.163,1.56,24.0,7.06,7.5,8.16,8.82,9.04,8.33,12.2
20180611,7.3,7.35,7.22,7.23,7.3,-0.07,-0.96,17634.53,12840.95,1.56,24.0,7.06,7.5,8.16,8.82,9.04,8.33,5.64
20180608,7.33,7.37,7.26,7.3,7.37,-0.07,-0.95,14993.57,10960.787,1.56,24.0,7.06,7.5,8.16,8.82,9.04,8.33,11.72
20180607,7.5,7.54,7.33,7.37,7.5,-0.13,-1.73,23748.22,17651.863,1.56,24.0,7.06,7.5,8.16,8.82,9.04,8.34,11.56
20180606,7.58,7.62,7.42,7.5,7.58,-0.08,-1.06,22478.4,16882.193,1.56,24.0,7.06,7.5,8.16,8.82,9.04,8.34,11.45
20180605,7.47,7.62,7.47,7.58,7.47,0.11,1.47,19414.46,14709.234,1.56,24.0,7.06,7.5,8.16,8.82,9.04,8.34,16.83
20180604,7.53,7.59,7.46,7.47,7.52,-0.05,-0.66,18908.0,14223.307,1.56,24.0,7.06,7.5,8.16,8.82,9.04,8.34,11.43
20180601,7.61,7.64,7.5,7.52,7.6,-0.08,-1.05,16539.39,12490.655,1.56,24.0,7.06,7.5,8.16,8.82,9.04,8.34,16.45
20180531,7.64,7.67,7.55,7.6,7.52,0.08,1.06,17294.0,13163.828,1.56,24.0,7.06,7.5,8.16,8.82,9.04,8.34,16.31
20180530,7.71,7.76,7.5,7.52,7.81,-0.29,-3.71,30841.0,23512.026,1.56,24.0,7.06,7.5,8.16,8.82,9.04,8.34,16.16
20180529,7.89,7.92,7.79,7.81,7.9,-0.09,-1.14,22942.01,17962.9,1.56,24.0,7.06,7.5,8.16,8.82,9.04,8.35,23.07
20180528,7.89,7.98,7.7,7.9,7.92,-0.02,-0.25,89373.99,70033.256,1.56,24.0,7.06,7.5,8.16,8.82,9.04,8.35,22.9
20180525,7.92,8.09,7.79,7.92,7.95,-0.03,-0.38,60775.72,48048.182,1.56,24.0,7.06,7.5,8.16,8.82,9.04,8.35,22.41
20180524,7.97,8.02,7.87,7.95,8.02,-0.07,-0.87,29954.21,23780.915,1.56,24.0,7.06,7.5,8.38,8.82,9.04,8.36,33.31
20180523,8.01,8.09,7.92,8.02,8.03,-0.01,-0.12,29403.11,23543.231,1.56,24.0,7.06,7.5,8.38,8.82,9.04,8.36,33.09
20180522,8.1,8.1,7.96,8.03,8.06,-0.03,-0.37,28637.21,22982.96,1.56,24.0,7.06,7.5,8.38,8.82,9.04,8.36,32.86
20180521,8.05,8.1,8.03,8.06,8.02,0.04,0.5,28499.0,22982.992,1.56,24.0,7.06,7.5,8.38,8.82,9.04,8.36,32.69
20180518,8.01,8.1,7.9,8.02,8.02,0.0,0.0,26724.72,21340.227,1.56,24.0,7.06,7.5,8.38,8.82,9.04,8.36,32.52
20180517,7.96,8.03,7.81,8.02,8.0,0.02,0.25,52542.8,41492.415,1.56,24.0,7.06,7.5,8.38,8.82,9.04,8.36,32.31
20180516,8.1,8.11,7.99,8.0,8.11,-0.11,-1.36,25368.1,20421.139,1.56,24.0,7.06,7.5,8.38,8.82,9.04,8.36,31.86
20180515,8.14,8.24,8.02,8.11,8.05,0.06,0.75,38954.65,31557.825,1.56,24.0,7.06,7.5,8.38,8.82,9.04,8.36,31.7
20180514,8.14,8.27,8.03,8.05,8.11,-0.06,-0.74,37637.58,30560.942,1.56,24.0,7.06,7.5,8.38,8.82,9.04,8.37,31.63
20180511,8.11,8.35,8.01,8.11,8.14,-0.03,-0.37,57966.8,47251.836,1.56,24.0,7.06,7.5,8.38,8.82,9.04,8.37,31.56
20180510,8.13,8.35,8.06,8.14,8.08,0.06,0.74,51279.02,41915.605,1.56,24.0,7.06,7.5,8.38,8.82,9.04,8.37,31.47
20180509,8.24,8.28,8.06,8.08,8.2,-0.12,-1.46,32364.01,26445.673,1.56,24.0,7.06,7.5,8.38,8.82,9.04,8.37,31.59
20180508,8.17,8.28,8.13,8.2,8.15,0.05,0.61,29387.0,24162.09,1.56,24.0,7.06,7.5,8.38,8.82,9.04,8.37,47.08
20180507,8.14,8.21,8.11,8.15,8.13,0.02,0.25,20923.0,17070.349,1.56,24.0,7.06,7.5,8.38,8.82,9.04,8.37,31.76
20180504,8.15,8.22,8.09,8.13,8.19,-0.06,-0.73,18285.0,14940.693,1.56,24.0,7.06,7.5,8.38,8.82,9.04,8.37,31.81
20180503,8.09,8.25,8.03,8.19,8.08,0.11,1.36,33234.02,27139.175,1.56,24.0,7.06,7.5,8.38,8.82,9.04,8.37,46.71
20180502,8.11,8.18,8.02,8.08,8.1,-0.02,-0.25,28527.01,23139.571,1.56,24.0,7.06,7.5,8.38,8.82,9.04,8.37,31.94
20180427,8.16,8.24,8.08,8.1,8.32,-0.22,-2.64,43224.79,35272.678,1.56,24.0,7.06,7.5,8.38,8.82,9.04,8.37,31.89
20180426,8.05,8.37,7.99,8.32,8.14,0.18,2.21,94306.73,77297.888,1.56,24.0,7.06,7.5,8.38,8.82,9.04,8.37,46.12
20180425,7.95,8.17,7.88,8.14,8.02,0.12,1.5,60359.01,48434.37,1.56,24.0,7.06,7.5,8.38,8.82,9.04,8.37,32.28
20180424,7.54,8.05,7.47,8.02,7.47,0.55,7.36,64619.27,50127.073,1.56,24.0,7.06,7.5,8.38,8.82,9.04,8.37,32.03
20180423,7.66,7.73,7.41,7.47,7.66,-0.19,-2.48,30434.78,23091.304,1.56,24.0,7.06,7.5,8.38,8.82,9.04,8.38,13.07
20180420,7.89,7.92,7.65,7.66,7.83,-0.17,-2.17,28007.5,21844.119,1.56,24.0,7.06,7.5,8.38,8.82,9.04,8.38,17.74
20180419,7.84,7.92,7.77,7.83,7.83,0.0,0.0,24512.02,19226.972,1.56,24.0,7.06,7.5,8.38,8.82,9.04,8.38,23.08
20180418,7.81,7.92,7.64,7.83,7.78,0.05,0.64,34906.0,27091.975,1.56,24.0,7.06,7.5,8.38,8.82,9.04,8.38,22.9
20180417,7.97,7.98,7.7,7.78,7.91,-0.13,-1.64,31252.52,24443.913,1.56,24.0,7.06,7.5,8.38,8.82,9.04,8.38,22.59
20180416,8.05,8.05,7.85,7.91,8.07,-0.16,-1.98,29197.37,23136.174,1.56,24.0,7.06,7.5,8.38,8.82,9.04,8.39,22.42
20180413,8.08,8.15,7.95,8.07,8.13,-0.06,-0.74,46949.28,37740.659,1.56,24.0,7.06,7.5,8.38,8.82,9.04,8.39,29.82
20180412,8.19,8.2,7.83,8.13,8.19,-0.06,-0.73,124229.81,99248.052,1.56,24.0,7.06,7.5,8.38,8.82,9.04,8.39,29.53
20180411,8.25,8.3,8.17,8.19,8.21,-0.02,-0.24,30620.78,25181.15,1.56,24.0,7.06,7.5,8.38,8.82,9.04,8.39,42.13
20180410,8.18,8.23,8.1,8.21,8.18,0.03,0.37,28368.8,23182.445,1.56,24.0,7.06,7.5,8.38,8.82,9.04,8.39,42.0
20180409,8.21,8.3,8.08,8.18,8.21,-0.03,-0.37,25492.0,20860.793,1.56,24.0,7.06,7.5,8.38,8.82,9.04,8.39,41.84
20180404,8.42,8.45,8.16,8.21,8.35,-0.14,-1.68,38763.2,32172.66,1.56,24.0,7.06,7.5,8.38,8.82,9.04,8.39,41.69
20180403,8.52,8.53,8.3,8.35,8.58,-0.23,-2.68,46164.02,38782.303,1.56,24.0,7.06,7.5,8.38,8.82,9.04,8.39,41.67
20180402,8.67,8.74,8.57,8.58,8.66,-0.08,-0.92,48424.09,41797.646,1.56,24.0,7.06,7.5,8.38,8.82,9.04,8.39,57.34
20180330,8.4,8.73,8.4,8.66,8.46,0.2,2.36,83410.94,71886.401,1.56,24.0,7.06,7.5,8.38,8.82,9.04,8.39,74.8
20180329,8.4,8.6,8.4,8.46,8.39,0.07,0.83,48592.0,41325.971,1.56,24.0,7.06,7.5,8.38,8.82,9.04,8.39,58.16
20180328,8.31,8.51,8.25,8.39,8.36,0.03,0.36,45865.79,38520.71,1.56,24.0,7.06,7.5,8.38,8.82,9.04,8.39,58.05
20180327,8.28,8.48,8.28,8.36,8.27,0.09,1.09,42294.35,35419.478,1.56,24.0,7.06,7.5,8.38,8.82,9.04,8.39,43.07
20180326,8.12,8.29,8.11,8.27,8.24,0.03,0.36,35788.02,29441.281,1.56,24.0,7.06,7.5,8.38,8.82,9.26,8.38,43.07
20180323,8.28,8.41,7.96,8.24,8.52,-0.28,-3.29,74990.01,61589.605,1.56,24.0,7.06,7.5,8.38,8.82,9.26,8.38,42.84
20180322,8.28,8.53,8.2,8.52,8.26,0.26,3.15,48718.02,40936.962,1.56,24.0,7.06,7.5,8.38,8.82,9.26,8.39,57.1
20180321,8.31,8.45,8.25,8.26,8.31,-0.05,-0.6,27724.18,23148.111,1.56,24.0,7.06,7.5,8.38,8.82,9.26,8.38,42.83
20180320,8.36,8.39,8.22,8.31,8.41,-0.1,-1.19,31278.29,25934.79,1.56,24.0,7.06,7.5,8.38,8.82,9.26,8.38,42.83
20180319,8.45,8.51,8.36,8.41,8.41,0.0,0.0,23071.0,19457.816,1.56,24.0,7.06,7.5,8.38,8.82,9.26,8.38,56.6
20180316,8.51,8.59,8.38,8.41,8.54,-0.13,-1.52,34296.0,28982.709,1.56,24.0,7.06,7.5,8.38,8.82,9.26,8.38,56.51
20180315,8.57,8.63,8.49,8.54,8.65,-0.11,-1.27,35956.0,30759.06,1.56,24.0,7.06,7.28,8.38,8.82,9.26,8.38,56.43
20180314,8.63,8.68,8.29,8.65,8.64,0.01,0.12,110770.32,93978.753,1.56,24.0,7.06,7.28,8.38,8.82,9.26,8.38,73.25
20180313,8.85,8.87,8.62,8.64,8.83,-0.19,-2.15,60612.11,53231.951,1.56,24.0,7.06,7.28,8.38,8.82,9.26,8.38,72.95
20180312,8.73,8.86,8.66,8.83,8.76,0.07,0.8,71275.51,62439.485,1.56,24.0,7.06,7.28,8.38,8.82,9.26,8.37,89.06
20180309,8.71,8.99,8.71,8.76,8.69,0.07,0.81,78148.61,69033.438,1.56,24.0,7.06,7.28,8.38,8.82,9.26,8.37,73.51
20180308,8.66,8.73,8.64,8.69,8.71,-0.02,-0.23,29830.0,25908.045,1.56,24.0,7.06,7.28,8.38,8.82,9.26,8.36,74.2
20180307,8.65,8.8,8.63,8.71,8.7,0.01,0.11,42040.75,36677.372,1.56,24.0,7.06,7.28,8.38,8.82,9.26,8.36,74.19
20180306,8.75,8.75,8.62,8.7,8.75,-0.05,-0.57,52454.82,45524.465,1.56,24.0,7.06,7.28,8.38,8.82,9.26,8.36,74.2
20180305,8.78,8.87,8.61,8.75,8.79,-0.04,-0.46,75475.21,65955.178,1.56,24.0,7.06,7.28,8.38,8.82,9.26,8.35,74.21
20180302,8.75,8.88,8.7,8.79,8.77,0.02,0.23,56790.39,49900.645,1.56,24.0,7.06,7.28,8.38,8.82,9.26,8.35,74.55
20180301,8.74,8.84,8.73,8.77,8.8,-0.03,-0.34,73341.62,64431.625,1.56,24.0,7.06,7.28,8.38,8.82,9.26,8.34,74.81
20180228,8.8,8.89,8.66,8.8,8.89,-0.09,-1.01,119376.43,104579.755,1.56,24.0,7.06,7.28,8.38,8.82,9.26,8.34,75.15
20180227,8.28,8.98,8.22,8.89,8.28,0.61,7.37,205998.86,180741.984,1.56,24.0,7.06,7.28,8.38,8.82,9.26,8.33,88.89
20180226,8.17,8.3,8.1,8.28,8.16,0.12,1.47,52416.73,43120.011,1.56,24.0,7.06,7.28,8.38,8.82,9.26,8.32,49.4
20180223,8.29,8.35,8.13,8.16,8.34,-0.18,-2.16,41789.0,34364.44,1.56,24.0,7.06,7.28,8.38,8.82,9.26,8.32,36.5
20180222,8.4,8.49,8.33,8.34,8.29,0.05,0.6,45492.63,38182.479,1.56,24.0,7.06,7.28,8.38,8.82,9.26,8.32,48.91
20180214,8.4,8.4,8.24,8.29,8.29,0.0,0.0,26256.0,21784.634,1.56,24.0,7.06,7.28,8.38,8.82,9.26,8.32,49.14
20180213,8.27,8.4,8.23,8.29,8.29,0.0,0.0,33614.7,27834.859,1.56,24.0,7.06,7.28,8.38,8.82,9.26,8.32,49.16
20180212,8.15,8.33,8.12,8.29,8.26,0.03,0.36,43663.0,36124.052,1.56,24.0,7.06,7.28,8.38,8.82,9.26,8.31,49.2
20180209,8.09,8.43,7.63,8.26,8.31,-0.05,-0.6,111431.24,89429.757,1.56,24.0,7.06,7.28,8.38,8.82,9.26,8.32,48.97
20180208,8.26,8.41,8.22,8.31,8.38,-0.07,-0.84,65334.95,54548.589,1.56,24.0,7.06,7.28,8.38,8.82,9.26,8.32,48.44
20180207,8.41,8.46,8.1,8.38,8.38,0.0,0.0,89235.77,74229.417,1.56,24.0,7.06,7.28,8.38,8.82,9.26,8.32,48.48
20180206,8.48,8.53,8.02,8.38,8.61,-0.23,-2.67,130854.14,108830.852,1.56,24.0,7.06,7.28,8.38,8.82,9.26,8.32,48.31
20180205,8.4,8.63,8.31,8.61,8.54,0.07,0.82,94380.73,80331.589,1.56,24.0,7.06,7.28,8.38,8.82,9.26,8.31,73.87
20180202,8.26,8.56,8.1,8.54,8.48,0.06,0.71,115974.42,96797.407,1.56,24.0,7.06,7.28,8.38,8.82,9.26,8.31,60.0
20180201,8.6,8.6,8.08,8.48,8.57,-0.09,-1.05,141029.91,118153.885,1.56,24.0,7.06,7.28,8.38,8.82,9.26,8.31,59.42
20180131,8.61,8.69,8.31,8.57,8.69,-0.12,-1.38,134270.13,113505.288,1.56,24.0,7.06,7.28,8.38,8.82,9.26,8.31,58.84
20180130,8.42,8.7,8.37,8.69,8.47,0.22,2.6,180060.96,154601.633,1.56,24.0,7.06,7.28,8.38,8.82,9.26,8.3,72.36
20180129,8.19,8.55,8.05,8.47,8.27,0.2,2.42,162324.55,135666.243,1.56,24.0,7.06,7.28,8.16,8.82,9.26,8.29,58.76
20180126,7.97,8.61,7.96,8.27,7.93,0.34,4.29,135116.27,112130.611,1.56,24.0,7.06,7.28,8.16,8.82,9.26,8.29,50.2
20180125,7.79,8.08,7.73,7.93,7.85,0.08,1.02,134996.95,107439.463,1.56,24.0,7.06,7.28,8.16,8.82,9.26,8.29,35.38
20180124,7.76,7.87,7.57,7.85,7.79,0.06,0.77,101107.74,78144.083,1.56,24.0,7.06,7.28,8.38,8.82,9.26,8.29,35.81
20180123,7.68,7.89,7.58,7.79,7.71,0.08,1.04,120173.96,93070.67,1.56,24.0,7.06,7.28,8.38,8.82,9.26,8.3,35.1
20180122,7.21,7.77,7.21,7.71,7.27,0.44,6.05,206126.12,156574.708,1.56,24.0,7.06,7.28,8.38,8.82,9.26,8.3,29.97
20180119,7.09,7.33,7.06,7.27,7.12,0.15,2.11,54883.07,39285.207,1.56,24.0,7.06,7.28,8.38,8.82,9.26,8.32,11.1
20180118,7.17,7.19,7.12,7.12,7.15,-0.03,-0.42,22691.13,16218.567,1.56,24.0,7.06,7.28,8.38,8.82,9.26,8.33,10.85
20180117,7.13,7.18,7.06,7.15,7.16,-0.01,-0.14,38458.58,27427.031,1.56,24.0,7.06,7.28,8.38,8.82,9.26,8.34,10.65
20180116,7.22,7.23,7.14,7.16,7.19,-0.03,-0.42,31223.21,22424.278,1.56,24.0,7.06,7.28,8.38,8.82,9.26,8.34,10.3
20180115,7.32,7.34,7.16,7.19,7.32,-0.13,-1.78,49811.86,35959.207,1.56,24.0,7.06,7.28,8.38,8.82,9.26,8.34,10.02
20180112,7.37,7.49,7.3,7.32,7.33,-0.01,-0.14,48997.45,36310.681,1.56,24.0,7.06,7.28,8.38,8.82,9.26,8.35,20.37
20180111,7.38,7.43,7.28,7.33,7.4,-0.07,-0.95,50743.2,37262.433,1.56,24.0,7.06,7.28,8.38,8.82,9.26,8.36,20.0
20180110,7.41,7.49,7.36,7.4,7.47,-0.07,-0.94,42711.14,31715.667,1.56,24.0,7.06,7.28,8.38,8.82,9.26,8.36,19.62
20180109,7.39,7.49,7.3,7.47,7.42,0.05,0.67,62855.59,46459.628,1.56,24.0,7.06,7.28,8.38,8.82,9.26,8.37,19.3
20180108,7.5,7.52,7.41,7.42,7.5,-0.08,-1.07,35917.79,26711.35,1.56,24.0,7.06,7.28,8.38,8.82,9.26,8.37,18.81
20180105,7.48,7.52,7.43,7.5,7.5,0.0,0.0,61589.03,46044.233,1.56,24.0,7.06,7.28,8.38,8.82,9.26,8.38,18.69
20180104,7.46,7.5,7.41,7.5,7.49,0.01,0.13,73654.87,54922.317,1.56,24.0,7.06,7.28,8.38,8.82,9.26,8.39,18.47
20180103,7.48,7.55,7.4,7.49,7.49,0.0,0.0,71996.0,53729.306,1.56,24.0,7.06,7.28,8.38,9.04,9.26,8.4,17.9
20180102,7.37,7.54,7.35,7.49,7.39,0.1,1.35,52869.32,39326.495,1.56,24.0,7.06,7.28,8.38,9.04,9.26,8.4,17.64
20171229,7.38,7.48,7.35,7.39,7.4,-0.01,-0.14,43535.0,32218.796,1.56,24.0,7.06,7.28,8.6,9.04,9.26,8.41,17.46
20171228,7.39,7.56,7.33,7.4,7.46,-0.06,-0.8,74413.31,55354.856,1.56,24.0,7.06,7.28,8.6,9.04,9.26,8.42,17.12
20171227,7.33,7.54,7.24,7.46,7.41,0.05,0.67,88519.72,65461.227,1.56,24.0,7.06,7.28,8.6,9.04,9.26,8.42,16.84
20171226,7.4,7.46,7.27,7.41,7.39,0.02,0.27,60911.56,44863.506,1.56,24.0,7.06,7.28,8.6,9.04,9.26,8.43,16.27
20171225,7.3,7.42,7.25,7.39,7.37,0.02,0.27,57264.05,41929.41,1.56,24.0,7.06,7.28,8.6,9.04,9.26,8.44,15.67
20171222,7.28,7.4,7.15,7.37,7.28,0.09,1.24,99156.91,72126.081,1.56,24.0,7.06,7.28,8.6,9.04,9.26,8.45,15.1
20171221,6.99,7.34,6.81,7.28,6.93,0.35,5.05,122820.62,87868.654,1.56,24.0,7.06,7.5,8.6,9.04,9.26,8.47,10.12
20171220,7.02,7.04,6.9,6.93,7.02,-0.09,-1.28,26314.0,18260.596,1.56,24.0,7.06,7.5,8.6,9.04,9.26,8.49,3.24
20171219,6.96,7.04,6.96,7.02,7.0,0.02,0.29,18182.0,12739.822,1.56,24.0,7.06,7.5,8.6,9.04,9.26,8.49,2.98
20171218,7.01,7.06,6.98,7.0,7.07,-0.07,-0.99,24876.0,17448.519,1.56,24.0,7.06,7.5,8.6,9.04,9.26,8.5,2.8
20171215,7.08,7.15,7.0,7.07,7.0,0.07,1.0,46175.1,32665.777,1.56,24.0,7.06,7.5,8.6,9.04,9.26,8.5,8.19
20171214,7.06,7.08,6.92,7.0,7.07,-0.07,-0.99,42761.07,29826.791,1.56,24.0,7.06,7.72,8.6,9.04,9.26,8.51,2.48
20171213,7.04,7.12,7.02,7.07,7.06,0.01,0.14,24112.03,17032.266,1.56,24.0,7.06,7.72,8.6,9.04,9.26,8.52,7.17
20171212,7.14,7.14,7.01,7.06,7.15,-0.09,-1.26,31757.9,22428.508,1.56,24.0,7.06,7.72,8.6,9.04,9.26,8.52,2.19
20171211,7.15,7.16,7.04,7.15,7.17,-0.02,-0.28,35058.31,24914.421,1.56,24.0,7.06,7.72,8.6,9.04,9.26,8.53,6.55
20171208,6.99,7.21,6.96,7.17,7.02,0.15,2.14,51015.01,36489.398,1.56,24.0,7.06,7.72,8.6,9.04,9.26,8.54,6.16
20171207,6.97,7.07,6.96,7.02,6.97,0.05,0.72,35874.75,25170.076,1.56,24.0,7.06,7.72,8.6,9.04,9.26,8.54,2.01
20171206,6.89,6.98,6.82,6.97,6.88,0.09,1.31,34361.57,23763.197,1.56,24.0,7.06,7.72,8.6,9.04,9.26,8.55,1.8
20171205,7.03,7.09,6.78,6.88,7.03,-0.15,-2.13,44310.51,30715.72,1.56,24.0,7.28,7.72,8.6,9.04,9.26,8.56,1.39
20171204,7.11,7.17,6.97,7.03,7.15,-0.12,-1.68,48172.16,34031.962,1.56,24.0,7.28,7.72,8.6,9.04,9.26,8.57,1.02
20171201,7.06,7.18,7.06,7.15,7.05,0.1,1.42,34299.51,24477.732,1.56,24.0,7.28,7.94,8.6,9.04,9.26,8.58,3.59
20171130,7.19,7.2,7.04,7.05,7.17,-0.12,-1.67,39945.99,28454.617,1.56,24.0,7.28,7.94,8.6,9.04,9.26,8.58,0.94
20171129,7.28,7.28,7.05,7.17,7.28,-0.11,-1.51,40644.96,29095.424,1.56,24.0,7.28,7.94,8.6,9.04,9.26,8.59,2.78
20171128,7.13,7.29,7.11,7.28,7.16,0.12,1.68,46341.01,33404.436,1.56,24.0,7.28,7.94,8.6,9.04,9.26,8.6,2.3
20171127,7.2,7.29,7.14,7.16,7.2,-0.04,-0.56,22984.0,16562.168,1.56,24.0,7.5,7.94,8.6,9.04,9.26,8.61,2.03
20171124,7.25,7.26,7.16,7.2,7.21,-0.01,-0.14,26479.71,19099.463,1.56,24.0,7.5,7.94,8.6,9.04,9.26,8.61,1.9
20171123,7.41,7.52,7.16,7.21,7.43,-0.22,-2.96,51093.88,37285.179,1.56,24.0,7.5,7.94,8.6,9.04,9.26,8.61,1.63
20171122,7.55,7.57,7.32,7.43,7.58,-0.15,-1.98,63565.73,47407.375,1.56,24.0,7.5,7.94,8.6,9.04,9.26,8.62,3.75
20171121,7.61,7.68,7.43,7.58,7.47,0.11,1.47,56740.26,42727.436,1.56,24.0,7.5,7.94,8.6,9.04,9.26,8.63,6.3
20171120,7.33,7.71,6.91,7.47,7.31,0.16,2.19,90016.54,66289.909,1.56,24.0,7.5,7.94,8.6,9.04,9.26,8.64,3.33
20171117,7.72,7.79,7.22,7.31,7.73,-0.42,-5.43,108963.32,80390.463,1.56,24.0,7.72,7.94,8.6,9.04,9.26,8.65,2.47
20171116,7.91,7.91,7.72,7.73,7.92,-0.19,-2.4,61255.01,47626.06,1.56,24.0,7.72,7.94,8.6,9.04,9.26,8.67,7.54
20171115,7.87,7.97,7.87,7.92,7.9,0.02,0.25,44483.29,35227.059,1.56,24.0,7.72,7.94,8.6,9.04,9.26,8.68,6.97
20171114,8.14,8.16,7.83,7.9,8.1,-0.2,-2.47,73586.0,58617.355,1.56,24.0,7.72,7.94,8.6,9.04,9.26,8.68,6.74
20171113,8.16,8.18,8.06,8.1,8.16,-0.06,-0.74,52296.0,42362.791,1.56,24.0,7.72,8.16,8.6,9.04,9.26,8.69,14.48
20171110,8.07,8.18,8.02,8.16,8.07,0.09,1.12,85385.0,69412.534,1.56,24.0,7.72,8.16,8.6,9.04,9.26,8.69,14.25
20171109,7.99,8.1,7.98,8.07,8.06,0.01,0.12,50090.0,40303.685,1.56,24.0,7.72,8.16,8.6,9.04,9.26,8.7,13.9
20171108,7.96,8.19,7.95,8.06,8.01,0.05,0.62,67397.0,54413.289,1.56,24.0,7.72,8.16,8.6,9.04,9.26,8.7,13.46
20171107,7.96,8.13,7.91,8.01,7.94,0.07,0.88,64423.83,51713.416,1.56,24.0,7.72,8.16,8.6,9.04,9.26,8.7,13.18
20171106,7.88,8.02,7.71,7.94,7.92,0.02,0.25,66018.35,52005.137,1.56,24.0,7.72,8.16,8.6,9.04,9.26,8.71,6.81
20171103,7.9,8.12,7.88,7.92,7.9,0.02,0.25,76436.68,61122.676,1.56,24.0,7.72,8.16,8.6,9.04,9.26,8.72,6.3
20171102,8.23,8.25,7.89,7.9,8.24,-0.34,-4.13,118482.02,94868.92,1.56,24.0,7.72,8.16,8.6,9.04,9.26,8.72,6.23
20171101,8.31,8.35,8.21,8.24,8.28,-0.04,-0.48,68877.0,57018.011,1.56,24.0,7.72,8.16,8.6,9.04,9.26,8.73,18.93
20171031,8.23,8.37,8.2,8.28,8.21,0.07,0.85,75540.06,62582.441,1.56,24.0,7.72,8.16,8.6,9.04,9.26,8.74,18.4
20171030,8.55,8.64,8.15,8.21,8.55,-0.34,-3.98,149239.49,124478.114,1.56,24.0,7.72,8.16,8.6,9.04,9.26,8.74,17.81
20171027,8.77,8.83,8.49,8.55,8.74,-0.19,-2.17,122405.07,105759.23,1.56,24.0,7.72,8.16,8.6,9.04,9.26,8.75,28.42
20171026,8.71,8.88,8.63,8.74,8.71,0.03,0.34,117733.25,103445.027,1.56,24.0,7.72,8.16,8.6,9.04,9.26,8.75,51.31
20171025,8.6,8.79,8.51,8.71,8.62,0.09,1.04,97288.25,84373.693,1.56,24.0,7.72,8.16,8.6,9.04,9.26,8.74,51.46
20171024,8.79,8.79,8.55,8.62,8.79,-0.17,-1.93,82808.55,71560.675,1.56,24.0,7.72,8.16,8.6,9.04,9.26,8.74,50.99
20171023,8.81,8.88,8.6,8.79,8.88,-0.09,-1.01,127842.84,111512.543,1.56,24.0,7.72,8.16,8.6,9.04,9.26,8.74,50.59
20171020,8.81,8.98,8.73,8.88,8.87,0.01,0.11,108862.34,96709.033,1.56,24.0,7.72,8.16,8.6,9.04,9.26,8.74,78.26
20171019,8.95,8.99,8.71,8.87,9.04,-0.17,-1.88,190551.61,168755.965,1.56,24.0,7.72,8.16,8.6,9.04,9.26,8.74,78.17
20171018,8.36,9.18,8.35,9.04,8.38,0.66,7.88,447305.97,395975.625,1.56,24.0,7.72,8.16,8.6,9.04,9.26,8.73,77.98
20171017,8.82,8.84,8.3,8.38,8.85,-0.47,-5.31,223711.55,189093.714,1.56,24.0,7.72,8.16,8.6,9.04,9.26,8.73,20.35
20171016,8.81,9.28,8.72,8.85,8.81,0.04,0.45,206976.27,185223.257,1.56,24.0,7.72,8.16,8.6,9.04,9.26,8.73,77.46
20171013,8.77,8.86,8.71,8.81,8.81,0.0,0.0,73713.0,64842.732,1.56,24.0,7.72,8.16,8.6,9.04,9.26,8.72,53.59
20171012,8.72,8.81,8.68,8.81,8.75,0.06,0.69,79035.77,69163.717,1.56,24.0,7.72,8.16,8.6,9.04,9.26,8.72,53.71
20171011,8.91,8.98,8.68,8.75,8.99,-0.24,-2.67,161123.84,141965.583,1.56,24.0,7.72,8.16,8.6,9.04,9.26,8.72,53.5
20171010,8.95,9.03,8.88,8.99,8.95,0.04,0.45,123791.65,110831.634,1.56,24.0,7.72,8.16,8.6,9.04,9.26,8.71,77.71
20171009,8.8,9.14,8.73,8.95,8.71,0.24,2.76,219809.83,197031.793,1.56,24.0,7.72,8.16,8.6,9.04,9.26,8.71,77.81
20170929,8.79,8.9,8.7,8.71,8.81,-0.1,-1.14,108488.27,95248.458,1.56,24.0,7.72,8.16,8.6,9.04,9.26,8.7,56.15
20170928,8.75,8.95,8.67,8.81,8.77,0.04,0.46,119588.34,105242.015,1.56,24.0,7.72,8.16,8.6,9.04,9.26,8.7,56.36
20170927,8.79,8.85,8.67,8.77,8.83,-0.06,-0.68,122929.63,107353.342,1.56,24.0,7.5,8.16,8.6,9.04,9.26,8.69,56.59
20170926,8.8,8.85,8.65,8.83,8.8,0.03,0.34,97329.1,85144.466,1.56,24.0,7.5,8.16,8.6,9.04,9.26,8.69,77.7
20170925,9.07,9.14,8.73,8.8,9.07,-0.27,-2.98,115092.68,102951.794,1.56,24.0,7.5,7.94,8.6,9.04,9.26,8.69,57.05
20170922,9.08,9.08,8.89,9.07,9.09,-0.02,-0.22,123687.22,111087.087,1.56,24.0,7.5,7.94,8.6,9.04,9.26,8.68,90.89
20170921,9.25,9.4,9.08,9.09,9.29,-0.2,-2.15,172854.48,158927.143,1.56,24.0,7.5,7.94,8.6,9.04,9.26,8.67,90.91
20170920,9.02,9.32,9.02,9.29,9.04,0.25,2.77,269045.44,247660.218,1.56,24.0,7.5,7.94,8.6,9.04,9.26,8.66,95.75
20170919,9.13,9.17,9.0,9.04,9.21,-0.17,-1.85,214207.2,194646.003,1.56,24.0,7.5,7.94,8.6,9.04,9.26,8.64,83.18
20170918,8.84,9.27,8.8,9.21,8.86,0.35,3.95,413535.85,376832.79,1.56,24.0,7.5,7.94,8.6,8.82,9.26,8.62,93.53
20170915,8.66,8.9,8.56,8.86,8.68,0.18,2.07,121126.09,105466.878,1.56,24.0,7.5,7.94,8.6,8.82,9.26,8.59,88.79
20170914,8.7,8.8,8.64,8.68,8.83,-0.15,-1.7,107681.89,93666.791,1.56,24.0,7.5,7.94,8.6,8.82,9.26,8.59,68.34
20170913,8.77,8.92,8.64,8.83,8.95,-0.12,-1.34,202576.01,177828.759,1.56,24.0,7.5,7.94,8.6,8.82,9.26,8.59,88.6
20170912,8.63,9.06,8.46,8.95,8.62,0.33,3.83,292174.58,256051.338,1.56,24.0,7.5,7.94,8.6,8.82,9.26,8.58,88.49
20170911,8.6,8.66,8.53,8.62,8.55,0.07,0.82,91223.81,78357.096,1.56,24.0,7.5,7.94,8.38,8.82,9.26,8.56,69.93
20170908,8.72,8.75,8.45,8.55,8.68,-0.13,-1.5,151924.7,130383.768,1.56,24.0,7.5,7.94,8.38,8.82,9.26,8.56,50.83
20170907,8.88,8.96,8.66,8.68,8.96,-0.28,-3.13,132818.17,117216.637,1.56,24.0,7.5,7.94,8.38,8.82,9.26,8.56,69.2
20170906,8.88,9.0,8.74,8.96,8.91,0.05,0.56,158728.0,140714.822,1.56,24.0,7.5,7.94,8.38,8.82,9.26,8.56,88.66
20170905,8.7,9.08,8.68,8.91,8.74,0.17,1.95,238400.83,212222.985,1.56,24.0,7.5,7.94,8.38,8.82,9.26,8.54,88.71
20170904,8.68,8.79,8.54,8.74,8.64,0.1,1.16,132627.44,115505.731,1.56,24.0,7.5,7.94,8.38,8.82,9.26,8.53,73.74
20170901,8.66,8.75,8.61,8.64,8.62,0.02,0.23,105650.23,91486.291,1.56,24.0,7.5,7.94,8.38,8.82,9.26,8.53,73.52
20170831,8.65,8.75,8.56,8.62,8.63,-0.01,-0.12,95810.68,82712.228,1.56,24.0,7.5,7.94,8.38,8.82,9.26,8.52,73.53
20170830,8.51,8.75,8.51,8.63,8.53,0.1,1.17,150180.83,130089.356,1.56,24.0,7.5,7.94,8.38,8.82,9.26,8.52,73.37
20170829,8.76,8.85,8.5,8.53,8.8,-0.27,-3.07,212193.0,183080.739,1.56,24.0,7.5,7.94,8.38,8.82,9.26,8.51,58.08
20170828,8.9,8.92,8.72,8.8,8.89,-0.09,-1.01,141697.9,125069.466,1.56,24.0,7.5,7.94,8.38,8.82,9.26,8.51,73.47
20170825,8.88,8.92,8.71,8.89,8.89,0.0,0.0,130491.53,115300.442,1.56,24.0,7.5,7.94,8.38,8.82,9.48,8.5,89.05
20170824,8.83,8.91,8.73,8.89,8.81,0.08,0.91,118438.65,104452.115,1.56,24.0,7.5,7.72,8.38,8.82,9.48,8.49,89.09
20170823,8.91,8.98,8.71,8.81,8.93,-0.12,-1.34,132748.86,117076.71,1.56,24.0,7.5,7.72,8.38,8.82,9.48,8.48,76.89
20170822,9.05,9.05,8.85,8.93,9.1,-0.17,-1.87,216053.41,193201.435,1.56,24.0,7.5,7.72,8.38,8.82,9.48,8.47,89.21
20170821,8.68,9.13,8.66,9.1,8.66,0.44,5.08,349673.93,313205.58,1.56,24.0,7.5,7.72,8.38,8.82,9.48,8.45,93.92
20170818,8.76,8.9,8.62,8.66,8.8,-0.14,-1.59,146463.38,127658.857,1.56,24.0,7.5,7.72,8.38,8.82,9.48,8.43,84.15
20170817,8.67,8.98,8.65,8.8,8.74,0.06,0.69,221023.48,195355.137,1.56,24.0,7.5,7.72,8.38,8.6,9.48,8.42,85.03
20170816,8.64,8.87,8.56,8.74,8.69,0.05,0.58,257822.34,224897.146,1.56,24.0,7.5,7.72,8.38,8.6,9.7,8.4,87.33
20170815,8.42,8.77,8.35,8.69,8.43,0.26,3.08,196582.3,168404.408,1.56,24.0,7.5,7.72,8.16,8.6,9.7,8.39,88.29
20170814,8.31,8.47,8.26,8.43,8.27,0.16,1.93,108244.65,90805.766,1.56,24.0,7.5,7.72,8.16,8.6,9.7,8.38,75.87
20170811,8.4,8.42,8.2,8.27,8.48,-0.21,-2.48,141461.01,117376.652,1.56,24.0,7.5,7.72,8.16,8.6,9.7,8.38,53.18
20170810,8.74,8.74,8.4,8.48,8.74,-0.26,-2.97,175752.17,150022.265,1.56,24.0,7.5,7.72,8.16,8.6,9.7,8.38,75.41
20170809,8.65,8.92,8.58,8.74,8.7,0.04,0.46,210076.62,184181.165,1.56,24.0,7.5,7.72,8.16,8.6,9.92,8.37,87.72
20170808,8.5,8.76,8.45,8.7,8.61,0.09,1.05,206243.8,177405.652,1.56,24.0,7.28,7.72,8.16,8.6,9.92,8.36,88.53
20170807,8.28,8.94,8.27,8.61,8.32,0.29,3.49,249896.51,216450.087,1.56,24.0,7.28,7.72,8.16,8.6,9.92,8.35,88.62
20170804,8.3,8.49,8.2,8.32,8.28,0.04,0.48,138875.85,116075.791,1.56,24.0,7.28,7.72,8.16,8.6,9.92,8.33,60.0
20170803,8.3,8.5,8.2,8.28,8.27,0.01,0.12,128265.8,107135.966,1.56,24.0,7.28,7.72,8.16,8.6,9.92,8.33,60.34
20170802,8.44,8.46,8.25,8.27,8.49,-0.22,-2.59,151435.01,125953.397,1.56,24.0,7.28,7.72,8.16,8.6,9.92,8.33,60.66
20170801,8.4,8.76,8.33,8.49,8.44,0.05,0.59,274674.25,235269.464,1.56,24.0,7.28,7.72,8.16,8.6,9.92,8.33,81.56
20170731,8.33,8.53,8.17,8.44,8.36,0.08,0.96,198917.83,166425.662,1.56,24.0,7.28,7.72,8.16,8.6,10.14,8.32,82.36
20170728,8.34,8.41,8.23,8.36,8.43,-0.07,-0.83,136022.57,113117.383,1.56,24.0,7.28,7.72,8.16,8.6,10.14,8.31,63.7
20170727,8.22,8.56,8.16,8.43,8.3,0.13,1.57,239209.18,200268.068,1.56,24.0,7.28,7.72,8.16,8.6,10.14,8.31,81.94
20170726,8.31,8.45,8.15,8.3,8.22,0.08,0.97,209639.3,173764.682,1.56,24.0,7.28,7.72,8.16,8.6,10.14,8.31,64.83
20170725,8.29,8.34,8.11,8.22,8.29,-0.07,-0.84,251995.93,207164.583,1.56,24.0,7.28,7.72,8.16,8.6,10.14,8.31,64.94
20170724,7.5,8.29,7.47,8.29,7.54,0.75,9.95,283526.32,227969.733,1.56,24.0,7.28,7.72,8.16,8.6,10.14,8.31,64.18
20170721,7.65,7.73,7.47,7.54,7.69,-0.15,-1.95,99371.11,75406.785,1.56,24.0,7.28,7.72,8.16,8.6,10.14,8.32,14.84
20170720,7.73,7.82,7.66,7.69,7.74,-0.05,-0.65,73748.05,57071.46,1.56,24.0,7.28,7.72,8.16,8.6,10.14,8.33,14.19
20170719,7.7,7.8,7.58,7.74,7.74,0.0,0.0,119558.86,92128.701,1.56,24.0,7.28,7.72,8.16,8.6,10.14,8.33,25.62
20170718,7.41,7.83,7.34,7.74,7.43,0.31,4.17,148489.6,113376.432,1.56,24.0,7.28,7.72,8.16,8.6,10.14,8.34,24.5
20170717,8.0,8.01,7.19,7.43,7.99,-0.56,-7.01,210710.98,159566.391,1.56,24.0,7.28,7.72,8.16,8.6,10.36,8.35,6.95
20170714,8.1,8.2,7.97,7.99,8.19,-0.2,-2.44,116944.19,94434.815,1.56,24.0,7.28,7.72,8.16,8.6,10.36,8.37,39.59
20170713,8.01,8.22,7.86,8.19,8.04,0.15,1.87,152115.05,122302.727,1.56,24.0,7.28,7.72,8.16,8.6,10.36,8.37,59.03
20170712,8.2,8.27,7.91,8.04,8.22,-0.18,-2.19,163504.21,131575.55,1.56,24.0,7.28,7.72,8.16,8.6,10.36,8.38,39.06
20170711,8.34,8.42,8.17,8.22,8.34,-0.12,-1.44,127991.17,106128.449,1.56,24.0,7.28,7.72,8.16,8.82,10.36,8.39,57.44
20170710,8.45,8.53,8.3,8.34,8.49,-0.15,-1.77,158017.52,132519.865,1.56,24.0,7.28,7.72,8.16,8.82,10.36,8.38,57.71
20170707,8.48,8.54,8.38,8.49,8.56,-0.07,-0.82,227547.32,192092.276,1.56,24.0,7.28,7.72,8.16,8.82,10.36,8.38,76.55
20170706,8.07,8.67,8.05,8.56,8.05,0.51,6.34,466434.38,391423.356,1.56,24.0,7.28,7.72,8.16,8.82,10.36,8.37,76.68
20170705,8.04,8.15,7.94,8.05,8.05,0.0,0.0,93155.43,74607.831,1.56,24.0,7.28,7.72,8.16,8.82,10.36,8.37,43.97
20170704,7.98,8.05,7.91,8.05,7.96,0.09,1.13,104125.63,83156.057,1.56,24.0,7.28,7.72,8.16,8.82,10.36,8.37,43.58
20170703,7.92,7.98,7.87,7.96,7.92,0.04,0.51,64231.61,50988.335,1.56,24.0,7.28,7.72,8.16,8.82,10.36,8.38,42.96
20170630,7.94,7.99,7.86,7.92,7.99,-0.07,-0.88,92567.37,73325.154,1.56,24.0,7.28,7.72,8.16,8.82,10.36,8.38,25.95
20170629,7.76,8.04,7.75,7.99,7.75,0.24,3.1,136006.73,108057.741,1.56,24.0,7.28,7.72,8.16,8.82,10.36,8.38,41.94
20170628,7.91,7.91,7.72,7.75,7.9,-0.15,-1.9,78057.0,60821.808,1.56,24.0,7.28,7.72,8.16,8.82,10.36,8.39,25.98
20170627,7.88,7.99,7.83,7.9,7.94,-0.04,-0.5,77855.09,61634.824,1.56,24.0,7.28,7.72,8.16,8.82,10.36,8.39,25.46
20170626,7.81,7.97,7.8,7.94,7.86,0.08,1.02,93769.58,74082.004,1.56,24.0,7.28,7.72,8.16,8.82,10.36,8.4,25.27
20170623,7.81,7.93,7.63,7.86,7.92,-0.06,-0.76,147932.27,115093.843,1.56,24.0,7.28,7.5,8.16,8.82,10.36,8.4,25.04
20170622,8.12,8.22,7.9,7.92,8.11,-0.19,-2.34,188801.01,152919.512,1.56,24.0,7.28,7.5,8.16,8.82,10.36,8.42,23.76
20170621,8.06,8.12,7.96,8.11,8.05,0.06,0.75,97885.48,78659.429,1.56,24.0,7.06,7.5,8.16,9.04,10.36,8.42,37.38
20170620,8.23,8.23,8.02,8.05,8.12,-0.07,-0.86,115719.02,93900.622,1.56,24.0,7.06,7.5,8.16,9.04,10.58,8.43,36.89
20170619,7.99,8.14,7.93,8.12,7.97,0.15,1.88,130982.01,105421.446,1.56,24.0,7.06,7.5,8.16,9.04,10.58,8.43,36.79
20170616,8.14,8.23,7.95,7.97,8.16,-0.19,-2.33,178681.1,143881.055,1.56,24.0,7.06,7.5,8.16,9.04,10.58,8.43,35.87
20170615,8.11,8.29,8.11,8.16,8.14,0.02,0.25,134745.17,110539.709,1.56,24.0,7.06,7.5,8.16,9.04,10.58,8.44,35.69
20170614,8.31,8.31,8.09,8.14,8.3,-0.16,-1.93,154789.34,126270.047,1.56,24.0,7.06,7.5,8.16,9.04,10.58,8.44,36.13
20170613,8.18,8.38,8.16,8.3,8.18,0.12,1.47,131330.18,108745.913,1.56,24.0,7.06,7.5,8.16,9.04,10.58,8.45,53.22
20170612,8.4,8.55,8.17,8.18,8.47,-0.29,-3.42,174868.28,145887.207,1.56,24.0,7.06,7.5,8.16,9.04,10.58,8.45,52.82
20170609,8.55,8.57,8.37,8.47,8.62,-0.15,-1.74,190732.55,161353.723,1.56,24.0,7.06,7.5,8.16,9.04,10.58,8.45,69.84
20170608,8.32,8.73,8.26,8.62,8.43,0.19,2.25,385366.25,328311.028,1.56,24.0,7.06,7.5,8.16,9.04,10.58,8.45,77.54
20170607,8.19,8.65,8.17,8.43,8.25,0.18,2.18,327896.38,277416.645,1.56,24.0,7.06,7.5,8.16,9.26,10.58,8.44,69.8
20170606,8.32,8.36,8.09,8.25,8.39,-0.14,-1.67,196773.37,161255.159,1.56,24.0,7.06,7.5,8.16,9.26,10.58,8.44,58.96
20170605,8.51,8.52,8.33,8.39,8.48,-0.09,-1.06,231532.83,194645.2,1.56,24.0,7.06,7.5,8.16,9.26,10.58,8.44,69.39
20170602,8.2,8.49,7.79,8.48,8.2,0.28,3.41,371876.92,302844.458,1.56,24.0,7.06,7.5,8.16,9.26,10.58,8.44,68.86
20170601,8.1,8.53,8.07,8.2,8.16,0.04,0.49,419451.22,349123.117,1.56,24.0,7.06,7.5,8.16,9.48,10.58,8.46,58.61
20170531,8.45,8.54,8.01,8.16,8.23,-0.07,-0.85,342268.73,280956.381,1.56,24.0,7.06,7.5,8.16,9.48,10.8,8.46,47.8
20170526,7.95,8.35,7.87,8.23,7.89,0.34,4.31,490585.24,399234.03,1.56,24.0,7.06,7.5,8.16,9.48,10.8,8.47,58.22
20170525,7.98,7.99,7.66,7.89,7.66,0.23,3.0,475218.32,374377.088,1.56,24.0,7.06,7.28,8.16,9.7,10.8,8.5,41.18
20170524,6.86,7.66,6.86,7.66,6.96,0.7,10.06,169883.06,125298.115,1.56,24.0,7.06,7.28,8.16,9.92,11.02,8.54,28.39
20170523,7.6,7.65,6.89,6.96,7.66,-0.7,-9.14,252834.24,183281.665,1.56,24.0,7.06,7.28,8.16,9.92,11.02,8.57,3.14
20170522,7.7,7.92,7.61,7.66,7.76,-0.1,-1.29,155799.01,121172.509,1.56,24.0,7.06,7.5,8.38,9.92,11.02,8.61,24.25
20170519,7.75,7.79,7.59,7.76,7.7,0.06,0.78,120175.95,92464.104,1.56,24.0,7.06,7.5,8.38,9.92,11.02,8.63,35.05
20170518,7.65,7.88,7.62,7.7,7.8,-0.1,-1.28,164632.48,127061.396,1.56,24.0,7.06,7.5,8.38,9.92,11.02,8.64,24.18
20170517,7.75,8.0,7.71,7.8,7.88,-0.08,-1.02,263494.5,206069.507,1.56,24.0,7.06,7.5,8.38,9.92,11.02,8.66,32.87
20170516,7.42,7.96,7.33,7.88,7.49,0.39,5.21,359188.86,278226.862,1.56,24.0,7.06,7.5,8.38,10.14,11.02,8.69,31.76
20170515,7.5,7.57,7.38,7.49,7.57,-0.08,-1.06,156246.13,116839.407,1.56,24.0,7.06,7.5,8.38,10.14,11.02,8.73,14.54
20170512,7.55,7.66,7.45,7.57,7.72,-0.15,-1.94,245635.14,185078.518,1.56,24.0,7.06,7.5,8.6,10.14,11.02,8.76,23.41
20170511,7.5,7.86,7.35,7.72,7.56,0.16,2.12,366010.97,280116.953,1.56,24.0,7.06,7.5,8.6,10.14,11.24,8.8,21.19
20170510,7.61,7.86,7.48,7.56,7.48,0.08,1.07,501148.13,384917.516,1.56,24.0,7.06,7.5,8.6,10.14,11.24,8.86,19.03
20170509,6.86,7.48,6.86,7.48,6.8,0.68,10.0,349153.14,255939.854,1.56,24.0,7.06,7.5,8.6,10.36,11.24,8.95,14.64
20170508,6.82,7.05,6.79,6.8,6.86,-0.06,-0.87,61997.26,42774.506,1.56,24.0,7.06,7.94,8.82,10.36,11.24,9.03,0.66
20170505,6.94,6.98,6.86,6.86,6.95,-0.09,-1.3,65072.0,44956.05,1.56,24.0,7.06,7.94,8.82,10.36,11.24,9.05,3.26
20170504,7.07,7.07,6.88,6.95,7.08,-0.13,-1.84,56422.42,39393.016,1.56,24.0,7.06,7.94,8.82,10.36,11.24,9.06,2.62
20170503,7.11,7.11,7.02,7.08,7.11,-0.03,-0.42,38296.5,27119.372,1.56,24.0,7.06,8.16,8.82,10.36,11.24,9.08,6.07
20170502,7.02,7.18,7.0,7.11,7.16,-0.05,-0.7,47473.04,33605.62,1.56,24.0,7.06,8.16,8.82,10.36,11.24,9.09,5.64
20170428,7.15,7.17,7.08,7.16,7.14,0.02,0.28,39870.71,28440.746,1.56,24.0,7.06,8.16,8.82,10.36,11.24,9.1,5.11
20170427,7.07,7.18,6.88,7.14,7.16,-0.02,-0.28,82672.72,58137.855,1.56,24.0,7.28,8.16,8.82,10.36,11.24,9.11,4.73
20170426,6.88,7.44,6.88,7.16,6.88,0.28,4.07,115164.51,83134.488,1.56,24.0,7.28,8.16,8.82,10.36,11.24,9.13,3.71
20170425,6.85,6.94,6.85,6.88,6.86,0.02,0.29,45278.0,31241.301,1.56,24.0,7.5,8.16,8.82,10.36,11.24,9.16,1.59
20170424,7.23,7.23,6.75,6.86,7.22,-0.36,-4.99,74710.32,51593.478,1.56,24.0,7.72,8.16,8.82,10.36,11.24,9.18,1.13
20170421,7.29,7.3,7.2,7.22,7.24,-0.02,-0.28,37940.0,27444.641,1.56,24.0,7.94,8.16,8.82,10.36,11.24,9.2,1.2
20170420,7.29,7.38,7.15,7.24,7.31,-0.07,-0.96,50991.01,36940.788,1.56,24.0,7.94,8.16,8.82,10.36,11.24,9.2,0.98
20170419,7.49,7.5,7.11,7.31,7.52,-0.21,-2.79,96475.41,70301.245,1.56,24.0,7.94,8.16,8.82,10.36,11.24,9.22,1.77
20170418,7.66,7.71,7.48,7.52,7.67,-0.15,-1.96,50709.01,38628.202,1.56,24.0,7.94,8.16,8.82,10.36,11.24,9.24,1.28
20170417,7.9,7.95,7.63,7.67,7.93,-0.26,-3.28,94110.15,72886.018,1.56,24.0,7.94,8.16,8.82,10.36,11.24,9.25,0.67
20170414,8.06,8.06,7.92,7.93,8.08,-0.15,-1.86,85184.09,68057.095,1.56,24.0,7.94,8.16,8.82,10.36,11.24,9.27,0.73
20170413,8.13,8.13,8.07,8.08,8.14,-0.06,-0.74,49770.01,40264.863,1.56,24.0,8.16,8.16,8.82,10.36,11.24,9.28,4.43
20170412,8.08,8.24,8.04,8.14,8.08,0.06,0.74,106822.95,87299.139,1.56,24.0,8.16,8.16,8.82,10.36,11.24,9.29,3.95
20170411,8.0,8.1,7.97,8.08,8.06,0.02,0.25,97288.89,77998.763,1.56,24.0,8.16,8.38,8.82,10.36,11.24,9.3,3.82
20170410,8.23,8.23,8.03,8.06,8.27,-0.21,-2.54,95296.48,77063.832,1.56,24.0,8.16,8.38,8.82,10.36,11.24,9.32,2.86
20170407,8.26,8.3,8.22,8.27,8.25,0.02,0.24,52872.77,43585.719,1.56,24.0,8.16,8.38,8.82,10.36,11.24,9.33,12.46
20170406,8.29,8.3,8.2,8.25,8.29,-0.04,-0.48,63083.03,51973.388,1.56,24.0,8.16,8.38,9.04,10.36,11.24,9.34,12.01
20170405,8.12,8.3,8.1,8.29,8.12,0.17,2.09,80215.96,65873.652,1.56,24.0,8.16,8.38,9.04,10.36,11.24,9.35,11.47
20170331,8.08,8.24,8.0,8.12,8.18,-0.06,-0.73,77783.17,63187.451,1.56,24.0,8.16,8.38,9.04,10.36,11.46,9.36,2.22
20170330,8.16,8.26,8.11,8.18,8.18,0.0,0.0,99151.49,81036.885,1.56,24.0,8.16,8.38,9.04,10.36,11.46,9.37,9.75
20170329,8.31,8.33,8.15,8.18,8.3,-0.12,-1.45,90448.56,74315.115,1.56,24.0,8.16,8.38,9.04,10.36,11.46,9.38,8.7
20170328,8.37,8.37,8.29,8.3,8.35,-0.05,-0.6,66928.65,55671.638,1.56,24.0,8.16,8.38,9.04,10.36,11.46,9.39,7.72
20170327,8.43,8.44,8.35,8.35,8.41,-0.06,-0.71,67593.11,56719.365,1.56,24.0,8.16,8.38,9.04,10.36,11.46,9.4,7.1
20170324,8.41,8.44,8.3,8.41,8.39,0.02,0.24,88757.51,74192.611,1.56,24.0,8.16,8.38,9.04,10.36,11.46,9.41,18.47
20170323,8.5,8.55,8.33,8.39,8.52,-0.13,-1.53,107856.84,91085.87,1.56,24.0,8.16,8.38,9.04,10.36,11.46,9.42,17.55
20170322,8.7,8.73,8.5,8.52,8.74,-0.22,-2.52,129700.92,111178.353,1.56,24.0,8.16,8.38,9.04,10.36,11.46,9.43,16.51
20170321,8.8,8.88,8.72,8.74,8.82,-0.08,-0.91,73313.0,64213.441,1.56,24.0,8.16,8.38,9.04,10.36,11.46,9.45,29.26
20170320,8.78,8.83,8.71,8.82,8.76,0.06,0.68,73029.77,64022.279,1.56,24.0,8.16,8.38,9.04,10.36,11.46,9.45,29.12
20170317,8.92,8.96,8.75,8.76,8.97,-0.21,-2.34,132920.08,117760.913,1.56,24.0,8.16,8.38,9.04,10.58,11.46,9.46,28.99
20170316,9.0,9.07,8.89,8.97,8.97,0.0,0.0,170173.01,152507.551,1.56,24.0,8.16,8.38,9.04,10.58,11.46,9.47,41.94
20170315,8.62,8.99,8.61,8.97,8.66,0.31,3.58,216747.36,191888.472,1.56,24.0,8.16,8.38,9.04,10.58,11.46,9.48,41.9
20170314,8.75,8.79,8.63,8.66,8.74,-0.08,-0.92,96307.28,83762.671,1.56,24.0,8.16,8.38,9.26,10.58,11.46,9.5,30.5
20170313,8.71,8.77,8.54,8.74,8.77,-0.03,-0.34,101908.15,88321.413,1.56,24.0,8.16,8.38,9.26,10.58,11.46,9.51,29.92
20170310,8.93,8.96,8.75,8.77,8.91,-0.14,-1.57,94154.23,83131.298,1.56,24.0,8.16,8.38,9.26,10.58,11.46,9.52,29.12
20170309,8.88,9.04,8.83,8.91,8.95,-0.04,-0.45,108698.66,96793.454,1.56,24.0,8.16,8.38,9.26,10.58,11.46,9.53,38.29
20170308,9.02,9.02,8.86,8.95,9.03,-0.08,-0.89,156224.23,139093.801,1.56,24.0,8.16,8.38,9.26,10.58,11.46,9.53,37.74
20170307,8.72,9.11,8.7,9.03,8.72,0.31,3.56,321828.78,288811.511,1.56,24.0,8.16,8.38,9.26,10.58,11.46,9.54,36.92
20170306,8.69,8.72,8.6,8.72,8.72,0.0,0.0,141433.02,122673.095,1.56,24.0,8.16,8.38,9.26,10.58,11.46,9.57,31.43
20170303,8.48,8.78,8.4,8.72,8.5,0.22,2.59,255030.02,221281.549,1.56,24.0,8.16,8.38,9.26,10.58,11.46,9.59,30.56
20170302,8.55,8.6,8.43,8.5,8.56,-0.06,-0.7,83224.67,70881.812,1.56,24.0,8.16,8.38,9.48,10.58,11.46,9.62,20.22
20170301,8.55,8.69,8.52,8.56,8.59,-0.03,-0.35,92256.79,79235.422,1.56,24.0,8.16,8.38,9.48,10.58,11.46,9.63,19.6
20170228,8.42,8.64,8.42,8.59,8.48,0.11,1.3,91555.73,78108.541,1.56,24.0,8.16,8.38,9.48,10.58,11.46,9.65,19.3
20170227,8.54,8.64,8.46,8.48,8.56,-0.08,-0.93,77957.35,66576.792,1.56,24.0,8.16,8.38,9.48,10.58,11.46,9.66,18.99
20170224,8.5,8.58,8.45,8.56,8.52,0.04,0.47,72980.07,62161.473,1.56,24.0,8.16,8.38,9.48,10.58,11.46,9.67,18.73
20170223,8.6,8.61,8.43,8.52,8.61,-0.09,-1.05,95299.66,80908.788,1.56,24.0,8.16,8.38,9.48,10.58,11.46,9.68,18.16
20170222,8.6,8.62,8.56,8.61,8.59,0.02,0.23,66305.38,56932.209,1.56,24.0,8.16,8.38,9.48,10.58,11.68,9.69,23.69
20170221,8.55,8.6,8.52,8.59,8.57,0.02,0.23,77712.36,66550.35,1.56,24.0,8.16,8.38,9.48,10.58,11.46,9.7,17.59
20170220,8.46,8.58,8.38,8.57,8.54,0.03,0.35,91298.0,77296.452,1.56,24.0,8.16,8.38,9.48,10.58,11.68,9.71,16.97
20170217,8.6,8.74,8.48,8.54,8.66,-0.12,-1.39,118218.05,101495.153,1.56,24.0,8.16,8.38,9.48,10.58,11.68,9.73,16.26
20170216,8.57,8.7,8.51,8.66,8.64,0.02,0.23,111923.45,96360.013,1.56,24.0,8.16,8.38,9.48,10.58,11.68,9.75,20.09
20170215,8.43,8.85,8.43,8.64,8.43,0.21,2.49,258460.26,223603.204,1.56,24.0,8.16,8.38,9.48,10.58,11.68,9.76,19.04
20170214,8.4,8.5,8.37,8.43,8.44,-0.01,-0.12,73804.87,62247.069,1.56,24.0,8.16,8.38,9.7,10.8,11.68,9.8,16.1
20170213,8.38,8.45,8.31,8.44,8.42,0.02,0.24,80261.09,67209.668,1.56,24.0,8.16,8.38,9.7,10.8,11.68,9.81,15.37
20170210,8.55,8.55,8.4,8.42,8.49,-0.07,-0.82,93849.18,79272.168,1.56,24.0,8.16,8.6,9.7,10.8,11.68,9.83,14.5
20170209,8.36,8.52,8.32,8.49,8.36,0.13,1.56,137345.28,115910.525,1.56,24.0,8.16,8.82,9.7,10.8,11.68,9.85,13.72
20170208,8.28,8.37,8.24,8.36,8.28,0.08,0.97,72715.75,60376.927,1.56,24.0,8.16,8.82,9.7,10.8,11.68,9.87,9.58
20170207,8.25,8.31,8.22,8.28,8.29,-0.01,-0.12,56000.72,46221.122,1.56,24.0,8.16,9.04,9.7,10.8,11.68,9.89,8.93
20170206,8.32,8.32,8.18,8.29,8.26,0.03,0.36,65313.48,53870.224,1.56,24.0,8.16,9.04,9.7,10.8,11.68,9.9,8.43
20170203,8.18,8.3,8.18,8.26,8.18,0.08,0.98,57817.45,47686.659,1.56,24.0,8.16,9.04,9.7,10.8,11.68,9.91,7.82
20170126,8.23,8.24,8.17,8.18,8.18,0.0,0.0,42820.58,35086.512,1.56,24.0,8.16,9.04,9.7,10.8,11.68,9.93,7.28
20170125,8.18,8.23,8.14,8.18,8.17,0.01,0.12,45611.66,37328.253,1.56,24.0,8.16,9.04,9.7,10.8,11.68,9.93,6.88
20170124,8.34,8.36,8.15,8.17,8.37,-0.2,-2.39,83289.15,68490.936,1.56,24.0,8.16,9.04,9.7,10.8,11.68,9.94,6.37
20170123,8.25,8.4,8.23,8.37,8.24,0.13,1.58,80349.43,66951.11,1.56,24.0,8.16,9.04,9.7,10.8,11.68,9.96,5.43
20170120,8.07,8.31,8.03,8.24,8.1,0.14,1.73,68156.17,55999.783,1.56,24.0,8.16,9.04,9.92,10.8,11.68,9.98,5.01
20170119,8.13,8.14,8.06,8.1,8.14,-0.04,-0.49,45352.66,36770.188,1.56,24.0,8.38,9.04,9.92,10.8,11.68,9.99,1.89
20170118,8.24,8.29,8.12,8.14,8.2,-0.06,-0.73,63295.86,51811.371,1.56,24.0,8.6,9.04,9.92,10.8,11.68,10.0,1.43
20170117,8.15,8.25,7.95,8.2,8.15,0.05,0.61,95447.15,77637.228,1.56,24.0,8.82,9.04,9.92,10.8,11.68,10.02,2.91
20170116,8.91,8.96,8.01,8.15,8.9,-0.75,-8.43,201220.81,168216.133,1.56,24.0,8.82,9.04,9.92,10.8,11.68,10.04,0.76
20170113,9.15,9.2,8.85,8.9,9.12,-0.22,-2.41,125363.0,113282.253,1.56,24.0,9.04,9.04,9.92,10.8,11.9,10.09,3.37
20170112,9.3,9.38,9.09,9.12,9.3,-0.18,-1.94,128926.97,119083.094,1.56,24.0,9.04,9.26,9.92,10.8,11.9,10.11,14.15
20170111,9.42,9.64,9.29,9.3,9.37,-0.07,-0.75,181588.88,171891.572,1.56,24.0,9.04,9.26,9.92,10.8,11.9,10.12,25.34
20170110,9.51,9.51,9.33,9.37,9.51,-0.14,-1.47,125830.81,118328.039,1.56,24.0,9.04,9.26,10.14,10.8,11.9,10.14,24.87
20170109,9.31,9.55,9.25,9.51,9.36,0.15,1.6,190653.61,179852.327,1.56,24.0,9.04,9.26,10.14,11.02,12.12,10.15,34.14
20170106,9.28,9.44,9.16,9.36,9.27,0.09,0.97,183576.27,170862.746,1.56,24.0,9.04,9.26,10.14,11.02,12.12,10.17,23.52
20170105,9.15,9.5,9.11,9.27,9.18,0.09,0.98,212120.68,197623.379,1.56,24.0,9.04,9.26,10.14,11.02,12.12,10.19,21.87
20170104,9.09,9.19,9.06,9.18,9.12,0.06,0.66,114425.63,104454.079,1.56,24.0,9.04,9.26,10.14,11.02,12.12,10.22,14.51
20170103,8.98,9.15,8.97,9.12,8.99,0.13,1.45,69791.51,63457.117,1.56,24.0,9.04,9.26,10.14,11.02,12.12,10.24,13.55
20161230,9.02,9.08,8.98,8.99,9.02,-0.03,-0.33,43422.55,39128.578,1.56,24.0,9.04,9.26,10.14,11.02,12.12,10.25,3.51
20161229,9.02,9.12,9.01,9.02,9.06,-0.04,-0.44,46351.5,41998.79,1.56,24.0,9.04,9.26,10.14,11.02,12.12,10.25,3.27
20161228,9.17,9.19,9.05,9.06,9.17,-0.11,-1.2,58049.01,52952.705,1.56,24.0,9.04,9.26,10.14,11.02,12.12,10.26,11.89
20161227,9.13,9.23,9.08,9.17,9.13,0.04,0.44,82340.0,75370.595,1.56,24.0,9.04,9.26,10.14,11.02,12.12,10.27,11.39
20161226,9.04,9.14,8.91,9.13,9.05,0.08,0.88,66026.8,59518.245,1.56,24.0,9.04,9.26,10.14,11.02,12.12,10.28,10.66
20161223,9.09,9.15,9.0,9.05,9.11,-0.06,-0.66,66533.83,60343.026,1.56,24.0,9.04,9.26,10.14,11.02,12.12,10.29,9.9
20161222,9.13,9.15,9.04,9.11,9.13,-0.02,-0.22,59200.0,53777.769,1.56,24.0,9.04,9.48,10.14,11.02,12.12,10.3,9.19
20161221,9.08,9.13,9.06,9.13,9.08,0.05,0.55,75591.84,68787.609,1.56,24.0,9.04,9.48,10.14,11.02,12.34,10.31,8.65
20161220,9.05,9.15,8.98,9.08,9.05,0.03,0.33,81963.0,74255.134,1.56,24.0,9.04,9.48,10.14,11.02,12.34,10.32,7.95
20161219,9.09,9.18,8.94,9.05,9.14,-0.09,-0.98,86278.47,77971.074,1.56,24.0,9.04,9.48,10.14,11.02,12.34,10.34,7.04
20161216,9.02,9.44,8.93,9.14,8.98,0.16,1.78,126977.06,116926.097,1.56,24.0,9.04,9.48,10.14,11.02,12.34,10.35,6.07
20161215,8.92,9.09,8.81,8.98,8.92,0.06,0.67,76940.49,69217.108,1.56,24.0,9.04,9.48,10.14,11.02,12.34,10.37,2.48
20161214,9.08,9.11,8.88,8.92,9.04,-0.12,-1.33,87347.6,78399.112,1.56,24.0,9.26,9.48,10.14,11.02,12.34,10.39,1.84
20161213,9.08,9.18,8.9,9.04,9.13,-0.09,-0.99,94621.71,85281.517,1.56,24.0,9.26,9.48,10.36,11.02,12.34,10.4,1.33
20161212,9.56,9.65,9.02,9.13,9.64,-0.51,-5.29,154364.66,143501.882,1.56,24.0,9.26,9.48,10.36,11.02,12.34,10.42,1.84
20161209,9.58,9.74,9.56,9.64,9.53,0.11,1.15,89739.68,86546.354,1.56,24.0,9.48,9.7,10.36,11.02,12.34,10.44,13.98
20161208,9.67,9.74,9.51,9.53,9.66,-0.13,-1.35,100235.16,96319.017,1.56,24.0,9.48,9.7,10.36,11.02,12.34,10.46,13.61
20161207,9.55,9.67,9.51,9.66,9.58,0.08,0.84,70000.0,67242.839,1.56,24.0,9.48,9.7,10.36,11.02,12.34,10.47,13.19
20161206,9.49,9.74,9.47,9.58,9.41,0.17,1.81,120450.44,116083.258,1.56,24.0,9.48,9.7,10.36,11.02,12.34,10.47,12.59
20161205,9.3,9.47,9.23,9.41,9.41,0.0,0.0,68267.74,64017.193,1.56,24.0,9.48,9.7,10.36,11.24,12.34,10.49,4.71
20161202,9.7,9.7,9.4,9.41,9.68,-0.27,-2.79,113719.0,108427.553,1.56,24.0,9.48,9.7,10.36,11.24,12.34,10.5,3.93
20161201,9.62,9.7,9.6,9.68,9.67,0.01,0.1,80096.55,77283.123,1.56,24.0,9.48,9.7,10.36,11.24,12.34,10.51,9.71
20161130,9.57,9.78,9.52,9.67,9.63,0.04,0.42,103041.2,99357.908,1.56,24.0,9.48,9.7,10.36,11.24,12.34,10.53,8.99
20161129,9.9,9.92,9.61,9.63,9.91,-0.28,-2.83,185640.0,180640.622,1.56,24.0,9.48,9.7,10.36,11.24,12.56,10.54,8.49
20161128,9.88,9.96,9.84,9.91,9.9,0.01,0.1,106498.77,105423.81,1.56,24.0,9.48,9.92,10.36,11.24,12.56,10.56,14.0
20161125,10.03,10.12,9.71,9.9,10.08,-0.18,-1.79,206964.97,204168.942,1.56,24.0,9.48,9.92,10.36,11.24,12.56,10.57,13.55
20161124,10.26,10.31,10.02,10.08,10.26,-0.18,-1.75,158571.61,161225.64,1.56,24.0,9.48,9.92,10.36,11.24,12.56,10.59,21.09
20161123,10.32,10.45,10.23,10.26,10.35,-0.09,-0.87,133791.49,138392.108,1.56,24.0,9.48,9.92,10.36,11.24,12.56,10.59,36.86
20161122,10.22,10.37,10.21,10.35,10.29,0.06,0.58,137028.75,141306.177,1.56,24.0,9.48,9.92,10.36,11.24,12.56,10.6,36.72
20161121,10.38,10.4,10.22,10.29,10.3,-0.01,-0.1,120729.68,124183.131,1.56,24.0,9.48,9.92,10.36,11.24,12.56,10.61,36.6
20161118,10.35,10.48,10.21,10.3,10.34,-0.04,-0.39,131058.7,135878.256,1.56,24.0,9.48,9.92,10.36,11.24,12.56,10.61,36.47
20161117,10.49,10.49,10.28,10.34,10.51,-0.17,-1.62,176910.61,183221.376,1.56,24.0,9.48,9.92,10.36,11.24,12.56,10.61,36.91
20161116,10.6,10.76,10.49,10.51,10.74,-0.23,-2.14,258303.48,272962.418,1.56,24.0,9.48,9.92,10.36,11.24,12.56,10.62,52.34
20161115,10.56,11.1,10.45,10.74,10.53,0.21,1.99,450012.41,488009.006,1.56,24.0,9.48,9.92,10.36,11.24,12.56,10.62,66.06
20161114,10.64,10.68,10.4,10.53,10.58,-0.05,-0.47,276156.36,291168.642,1.56,24.0,9.48,9.7,10.36,11.46,12.78,10.61,55.91
20161111,10.58,10.7,10.44,10.58,10.62,-0.04,-0.38,307969.87,324204.93,1.56,24.0,9.26,9.7,10.36,11.46,12.78,10.61,56.39
20161110,10.56,10.73,10.43,10.62,10.55,0.07,0.66,466426.95,493664.666,1.56,24.0,9.26,9.7,10.36,11.46,12.78,10.61,66.49
20161109,10.25,10.75,10.18,10.55,10.2,0.35,3.43,718874.44,754831.394,1.56,24.0,9.26,9.7,10.36,11.46,12.78,10.61,59.95
20161108,10.18,10.25,10.1,10.2,10.2,0.0,0.0,174461.6,177670.681,1.56,24.0,9.26,9.7,10.14,11.46,13.0,10.63,52.2
20161107,9.97,10.36,9.92,10.2,9.97,0.23,2.31,263892.43,268129.646,1.56,24.0,9.26,9.7,10.14,11.46,13.0,10.64,51.35
20161104,10.01,10.09,9.9,9.97,9.98,-0.01,-0.1,128751.15,128400.941,1.56,24.0,9.26,9.7,10.14,11.46,13.0,10.65,34.18
20161103,9.86,10.15,9.86,9.98,9.96,0.02,0.2,180169.19,180560.167,1.56,24.0,9.26,9.7,10.36,11.68,13.0,10.67,33.23
20161102,10.14,10.15,9.91,9.96,10.14,-0.18,-1.78,172518.82,173232.764,1.56,24.0,9.26,9.7,10.36,11.68,13.0,10.68,32.5
20161101,10.06,10.16,10.02,10.14,10.14,0.0,0.0,144412.89,145705.736,1.56,24.0,9.26,9.48,10.36,11.68,13.0,10.7,31.77
20161031,10.02,10.27,9.83,10.14,10.01,0.13,1.3,179290.25,181143.15,1.56,24.0,9.26,9.48,10.36,11.68,13.0,10.71,31.53
20161028,10.15,10.27,10.0,10.01,10.22,-0.21,-2.05,198575.46,200157.922,1.56,24.0,9.26,9.48,10.36,11.68,13.0,10.72,30.74
20161027,10.29,10.44,10.09,10.22,10.35,-0.13,-1.26,239349.23,244872.087,1.56,24.0,9.26,9.48,10.36,11.68,13.22,10.74,43.28
20161026,10.14,10.76,10.13,10.35,10.23,0.12,1.17,462373.42,484702.785,1.56,24.0,9.26,9.48,10.58,11.68,13.22,10.76,42.64
20161025,10.18,10.25,10.05,10.23,10.18,0.05,0.49,229458.37,232716.591,1.56,24.0,9.26,9.48,10.8,11.9,13.22,10.78,43.62
20161024,10.12,10.22,9.97,10.18,10.18,0.0,0.0,303055.97,306630.88,1.56,24.0,9.26,9.48,10.8,11.9,13.22,10.8,42.23
20161021,10.49,10.49,9.99,10.18,10.46,-0.28,-2.68,514783.75,525170.509,1.56,24.0,9.26,9.48,10.8,12.12,13.22,10.83,40.03
20161020,9.55,10.46,9.47,10.46,9.51,0.95,9.99,625609.1,629391.945,1.56,24.0,9.26,9.48,11.02,12.12,13.44,10.88,40.18
20161019,9.53,9.69,9.47,9.51,9.51,0.0,0.0,166895.2,159638.309,1.56,24.0,9.26,9.48,11.02,12.34,13.44,10.96,21.49
20161018,9.31,9.55,9.29,9.51,9.3,0.21,2.26,156607.96,147926.248,1.56,24.0,9.26,9.48,11.02,12.34,13.44,10.99,19.96
20161017,9.43,9.49,9.26,9.3,9.46,-0.16,-1.69,120953.37,113348.932,1.56,24.0,9.26,9.48,11.02,12.34,13.44,11.03,9.03
20161014,9.58,9.59,9.32,9.46,9.59,-0.13,-1.36,143306.58,135042.209,1.56,24.0,9.26,9.48,11.02,12.34,13.44,11.05,8.44
20161013,9.51,9.64,9.51,9.59,9.55,0.04,0.42,130288.89,124721.387,1.56,24.0,9.26,9.48,11.02,12.34,13.44,11.08,15.54
20161012,9.52,9.65,9.49,9.55,9.58,-0.03,-0.31,118800.11,113565.156,1.56,24.0,9.26,9.7,11.02,12.34,13.44,11.11,14.47
20161011,9.49,9.66,9.49,9.58,9.49,0.09,0.95,164405.9,157464.563,1.56,24.0,9.26,9.7,11.02,12.34,13.44,11.14,13.47
20161010,9.3,9.52,9.28,9.49,9.25,0.24,2.59,164842.92,155269.989,1.56,24.0,9.26,9.7,11.24,12.34,13.44,11.17,12.05
20160930,9.25,9.32,9.19,9.25,9.23,0.02,0.22,90261.91,83416.622,1.56,24.0,9.26,9.7,11.24,12.34,13.44,11.21,2.43
20160929,9.33,9.39,9.21,9.23,9.31,-0.08,-0.86,103861.34,96421.32,1.56,24.0,9.26,9.7,11.24,12.34,13.44,11.24,1.91
20160928,9.4,9.41,9.26,9.31,9.31,0.0,0.0,90116.58,83988.921,1.56,24.0,9.26,9.92,11.24,12.56,13.44,11.27,5.06
20160927,9.16,9.33,9.11,9.31,9.12,0.19,2.08,137513.22,127267.534,1.56,24.0,9.48,9.92,11.24,12.56,13.44,11.29,4.18
20160926,9.58,9.58,9.11,9.12,9.62,-0.5,-5.2,201172.94,187575.072,1.56,24.0,9.7,9.92,11.24,12.56,13.44,11.33,0.95
20160923,9.77,9.84,9.6,9.62,9.77,-0.15,-1.54,120585.0,117306.964,1.56,24.0,9.7,10.14,11.24,12.56,13.44,11.38,2.2
20160922,9.86,9.9,9.75,9.77,9.77,0.0,0.0,132858.97,130299.177,1.56,24.0,9.7,10.36,11.24,12.56,13.44,11.41,7.84
20160921,9.76,9.9,9.72,9.77,9.83,-0.06,-0.61,108796.8,106633.844,1.56,24.0,9.7,10.8,11.24,12.56,13.66,11.44,6.59
20160920,9.75,9.97,9.75,9.83,9.8,0.03,0.31,120535.5,118924.355,1.56,24.0,9.7,10.8,11.24,12.56,13.66,11.47,5.55
20160919,9.66,9.84,9.66,9.8,9.64,0.16,1.66,119776.53,117161.484,1.56,24.0,9.92,10.8,11.24,12.56,13.66,11.5,4.9
20160914,9.92,9.92,9.54,9.64,9.92,-0.28,-2.82,188704.64,182425.089,1.56,24.0,9.92,10.8,11.24,12.56,13.66,11.52,1.9
20160913,10.05,10.14,9.89,9.92,10.05,-0.13,-1.29,194265.85,193642.687,1.56,24.0,10.14,10.8,11.24,12.56,13.66,11.57,1.14
20160912,10.6,10.6,10.0,10.05,10.83,-0.78,-7.2,298116.38,305512.384,1.56,24.0,10.58,10.8,11.24,12.56,13.66,11.62,1.11
20160909,10.95,10.97,10.82,10.83,10.98,-0.15,-1.37,142034.37,154505.63,1.56,24.0,10.8,11.02,11.46,12.56,13.66,11.67,13.27
20160908,10.95,11.07,10.9,10.98,10.97,0.01,0.09,111204.33,121894.731,1.56,24.0,10.8,11.02,11.46,12.78,13.66,11.68,12.04
20160907,11.14,11.21,10.95,10.97,11.14,-0.17,-1.53,187196.7,207161.714,1.56,24.0,10.8,11.02,11.46,12.78,13.66,11.7,11.55
20160906,10.98,11.17,10.82,11.14,11.0,0.14,1.27,219773.84,242520.074,1.56,24.0,10.8,11.02,11.46,12.78,13.66,11.72,28.33
20160905,10.9,11.07,10.9,11.0,10.89,0.11,1.01,153980.78,169191.886,1.56,24.0,10.8,11.02,11.46,12.78,13.66,11.74,11.45
20160902,10.95,11.0,10.81,10.89,11.0,-0.11,-1.0,168434.91,183485.062,1.56,24.0,10.8,11.02,11.46,12.78,13.66,11.75,10.75
20160901,11.01,11.19,10.95,11.0,11.05,-0.05,-0.45,189384.89,209625.138,1.56,24.0,10.8,11.02,11.46,12.78,13.66,11.77,9.23
20160831,11.1,11.16,10.9,11.05,11.26,-0.21,-1.87,267942.63,294635.437,1.56,24.0,10.8,11.02,11.46,12.78,13.66,11.79,21.59
20160830,11.11,11.5,11.07,11.26,11.08,0.18,1.62,333999.8,378098.419,1.56,24.0,10.8,11.02,11.46,12.78,13.66,11.82,38.78
20160829,10.88,11.47,10.81,11.08,10.84,0.24,2.21,280934.54,313640.194,1.56,24.0,10.8,11.02,11.46,13.0,13.66,11.85,19.31
20160826,10.91,10.98,10.8,10.84,10.9,-0.06,-0.55,190602.34,207393.766,1.56,24.0,10.8,11.02,11.46,13.0,13.66,11.87,8.16
20160825,11.2,11.2,10.75,10.9,11.26,-0.36,-3.2,256760.29,279968.1,1.56,24.0,10.8,11.02,11.46,13.0,13.66,11.9,6.37
20160824,11.13,11.35,11.13,11.26,11.13,0.13,1.17,206068.89,232222.563,1.56,24.0,11.02,11.24,11.46,13.0,13.66,11.93,31.81
20160823,11.09,11.26,11.01,11.13,11.13,0.0,0.0,156632.01,174486.959,1.56,24.0,11.02,11.24,11.68,13.0,13.66,11.95,13.05
20160822,11.5,11.56,11.1,11.13,11.57,-0.44,-3.8,297870.28,335469.36,1.56,24.0,11.02,11.24,11.68,13.0,13.66,11.97,11.96
20160819,11.6,11.67,11.47,11.57,11.71,-0.14,-1.2,251105.68,290114.815,1.56,24.0,11.02,11.24,11.68,13.0,13.66,12.0,46.5
20160818,11.48,11.73,11.35,11.71,11.49,0.22,1.91,455140.54,526884.097,1.56,24.0,11.02,11.24,11.68,13.22,13.66,12.01,53.34
20160817,11.48,11.54,11.35,11.49,11.53,-0.04,-0.35,266768.5,305053.317,1.56,24.0,11.02,11.24,11.68,13.22,13.66,12.04,44.37
20160816,11.51,11.68,11.41,11.53,11.49,0.04,0.35,345596.17,398626.134,1.56,24.0,11.02,11.24,11.9,13.22,13.66,12.07,42.52
20160815,11.2,11.57,11.07,11.49,11.28,0.21,1.86,418369.44,476945.707,1.56,24.0,10.8,11.24,11.9,13.22,13.66,12.09,40.29
20160812,11.37,11.42,11.02,11.28,11.22,0.06,0.53,239929.32,268661.516,1.56,24.0,10.8,11.24,12.12,13.22,13.88,12.14,27.83
20160811,11.42,11.53,11.12,11.22,11.41,-0.19,-1.67,280668.23,315331.354,1.56,24.0,10.8,11.24,12.12,13.44,13.88,12.17,13.68
20160810,11.38,11.84,11.36,11.41,11.33,0.08,0.71,422829.15,490087.974,1.56,24.0,10.8,11.24,12.12,13.44,13.88,12.21,24.11
20160809,11.12,11.42,11.11,11.33,11.23,0.1,0.89,316853.72,357777.334,1.56,24.0,10.8,11.24,12.34,13.44,13.88,12.25,25.04
20160808,11.09,11.25,10.73,11.23,11.16,0.07,0.63,265213.72,290922.345,1.56,24.0,10.8,11.24,12.34,13.44,13.88,12.29,14.72
20160805,11.45,11.54,11.1,11.16,11.42,-0.26,-2.28,299045.43,337762.033,1.56,24.0,11.02,11.24,12.34,13.44,13.88,12.34,12.2
20160804,11.18,11.57,11.12,11.42,11.11,0.31,2.79,403728.75,460982.126,1.56,24.0,11.02,11.24,12.34,13.44,13.88,12.39,17.51
20160803,11.07,11.21,10.95,11.11,11.16,-0.05,-0.45,277269.58,307086.49,1.56,24.0,11.02,11.46,12.34,13.44,13.88,12.45,12.53
20160802,11.08,11.18,10.95,11.16,11.0,0.16,1.45,278444.72,308477.455,1.56,24.0,11.02,11.68,12.56,13.44,13.88,12.51,9.56
20160801,11.35,11.44,10.71,11.0,11.58,-0.58,-5.01,436825.97,478771.687,1.56,24.0,11.02,11.68,12.56,13.44,13.88,12.56,4.31
20160729,12.18,12.4,11.45,11.58,12.24,-0.66,-5.39,546442.73,647145.816,1.56,24.0,11.68,11.9,12.56,13.66,13.88,12.66,4.86
20160728,12.46,12.65,11.97,12.24,12.48,-0.24,-1.92,532877.56,654393.841,1.56,24.0,11.68,12.12,12.56,13.66,13.88,12.73,24.45
20160727,13.75,13.94,12.42,12.48,13.79,-1.31,-9.5,979279.78,1283057.925,1.56,24.0,11.68,12.12,12.78,13.66,13.88,12.77,34.68
20160726,13.6,14.04,13.41,13.79,13.77,0.02,0.15,766888.31,1051608.453,1.56,24.0,11.68,11.9,12.56,13.66,13.88,12.71,90.93
20160725,13.18,14.17,13.08,13.77,13.28,0.49,3.69,1241849.62,1696316.391,1.56,24.0,11.68,11.9,12.56,13.44,13.88,12.6,93.23
20160722,12.48,13.47,12.2,13.28,12.47,0.81,6.5,1070345.89,1384110.931,1.56,24.0,11.46,11.9,12.34,12.78,13.22,12.38,97.43
20160721,12.7,13.14,12.41,12.47,12.7,-0.23,-1.81,697946.14,891847.611,1.56,24.0,11.46,11.9,12.34,12.78,13.0,12.29,60.81
20160720,12.56,12.76,12.38,12.7,12.58,0.12,0.95,622764.27,783461.985,1.56,24.0,11.46,11.68,12.34,12.56,13.0,12.24,85.68
20160719,11.85,12.68,11.8,12.58,11.87,0.71,5.98,497935.06,613392.302,1.56,24.0,11.46,11.68,12.34,12.56,13.0,12.21,85.59
20160718,12.1,12.1,11.8,11.87,12.19,-0.32,-2.63,270919.57,322390.552,1.56,24.0,11.46,11.68,12.34,12.78,13.0,12.21,18.37
20160715,12.66,12.71,12.17,12.19,12.53,-0.34,-2.71,335662.79,414132.972,1.56,24.0,11.46,11.68,12.34,12.78,13.0,12.22,46.27
20160714,12.3,12.68,12.25,12.53,12.4,0.13,1.05,493112.66,613889.182,1.56,24.0,11.46,11.68,12.34,12.78,13.0,12.21,70.29
20160713,11.95,12.62,11.69,12.4,11.89,0.51,4.29,682453.1,839570.929,1.56,24.0,11.24,11.68,12.12,12.78,13.0,12.2,70.86
20160712,11.91,12.05,11.48,11.89,12.02,-0.13,-1.08,389437.16,457713.834,1.56,24.0,11.24,11.68,12.12,12.78,13.0,12.2,22.57
20160711,12.26,12.44,11.95,12.02,12.27,-0.25,-2.04,375201.52,458164.121,1.56,24.0,11.24,11.68,12.34,12.78,13.22,12.22,30.3
20160708,12.43,12.55,12.21,12.27,12.51,-0.24,-1.92,401613.12,495193.659,1.56,24.0,11.24,11.68,12.34,12.78,13.22,12.22,46.55
20160707,12.2,12.78,12.2,12.51,12.0,0.51,4.25,850827.1,1063647.043,1.56,24.0,11.24,11.68,12.34,12.78,13.22,12.22,64.73
20160706,11.73,12.17,11.65,12.0,11.77,0.23,1.95,492189.97,588124.09,1.56,24.0,11.02,11.68,12.12,12.78,13.22,12.2,37.56
20160705,11.81,11.97,11.52,11.77,11.79,-0.02,-0.17,381817.25,448952.465,1.56,24.0,11.02,11.68,12.34,13.0,13.22,12.22,25.23
20160704,11.4,11.85,11.34,11.79,11.56,0.23,1.99,329668.61,385959.744,1.56,24.0,11.02,11.68,12.34,13.0,13.22,12.24,23.15
20160701,11.72,11.88,11.5,11.56,11.8,-0.24,-2.03,382444.84,445154.17,1.56,24.0,10.8,11.68,12.34,13.0,13.22,12.27,12.98
20160630,12.3,12.4,11.66,11.8,12.36,-0.56,-4.53,589242.85,703690.568,1.56,24.0,10.8,11.68,12.34,13.0,13.22,12.31,15.82
20160629,12.41,12.49,12.15,12.36,12.4,-0.04,-0.32,408582.47,503315.723,1.56,24.0,10.8,11.68,12.34,13.0,13.22,12.34,52.8
20160628,12.35,12.5,12.08,12.4,12.29,0.11,0.9,408965.6,502521.457,1.56,24.0,10.8,11.68,12.34,13.0,13.22,12.34,50.38
20160627,11.83,12.45,11.83,12.29,11.94,0.35,2.93,434836.83,530131.486,1.56,24.0,10.8,11.68,12.56,13.0,13.22,12.35,33.94
20160624,12.33,12.48,11.29,11.94,12.35,-0.41,-3.32,564411.91,677684.398,1.56,24.0,10.58,11.68,12.56,13.0,13.22,12.36,23.24
20160623,12.49,12.83,12.29,12.35,12.63,-0.28,-2.22,449101.97,561948.194,1.56,24.0,10.58,11.68,12.56,13.0,13.22,12.4,40.12
20160622,12.19,12.9,12.1,12.63,12.36,0.27,2.18,547711.76,689897.327,1.56,24.0,10.58,11.68,12.56,13.0,13.22,12.4,56.47
20160621,13.42,13.5,12.27,12.36,13.11,-0.75,-5.72,833805.4,1065972.389,1.56,24.0,10.58,11.46,12.56,13.0,13.22,12.39,39.42
20160620,12.58,13.3,12.5,13.11,12.66,0.45,3.55,885647.39,1151653.379,1.56,24.0,10.58,11.46,12.56,13.0,13.22,12.33,89.98
20160617,12.7,13.08,12.35,12.66,12.83,-0.17,-1.33,639799.8,809870.126,1.56,24.0,10.36,11.24,12.56,13.0,13.22,12.24,63.91
20160616,12.3,13.1,12.22,12.83,12.34,0.49,3.97,992295.22,1264691.291,1.56,24.0,10.36,11.24,12.34,13.0,13.22,12.2,78.74
20160615,11.43,12.76,11.31,12.34,11.6,0.74,6.38,836957.45,1020606.965,1.56,24.0,10.36,11.02,12.34,13.0,13.22,12.12,46.64
20160614,11.33,11.65,11.15,11.6,11.44,0.16,1.4,596573.17,681763.255,1.56,24.0,10.36,11.02,12.34,13.0,13.22,12.13,28.23
20160613,12.12,12.66,11.17,11.44,12.39,-0.95,-7.67,694940.22,845940.909,1.56,24.0,10.36,10.8,12.56,13.0,13.22,12.2,20.26
20160608,12.78,12.84,12.2,12.39,12.91,-0.52,-4.03,889634.93,1110980.148,1.56,24.0,10.14,10.8,12.56,13.0,13.22,12.22,45.17
20160607,12.88,13.28,12.72,12.91,12.92,-0.01,-0.08,787984.51,1027308.244,1.56,24.0,10.14,10.58,12.56,13.0,13.22,12.18,66.48
20160606,13.06,13.06,12.72,12.92,13.04,-0.12,-0.92,607016.42,781767.918,1.56,24.0,10.14,10.58,12.34,13.0,13.22,12.08,71.14
20160603,13.04,13.33,12.82,13.04,13.41,-0.37,-2.76,1016871.87,1329625.844,1.56,24.0,9.92,10.58,12.34,13.0,13.22,12.01,86.5
20160602,12.71,13.48,12.35,13.41,12.66,0.75,5.92,1254164.13,1610307.429,1.56,24.0,9.92,10.58,12.12,13.0,13.22,11.84,95.97
20160601,12.58,13.66,12.45,12.66,12.57,0.09,0.72,1414437.58,1836956.498,1.56,24.0,9.7,10.36,11.9,12.78,13.22,11.6,82.99
20160531,12.02,12.66,11.92,12.57,12.02,0.55,4.58,1153907.42,1420228.355,1.56,24.0,9.7,10.36,11.24,12.34,12.56,11.28,98.46
20160530,12.05,12.54,11.81,12.02,12.3,-0.28,-2.28,1244336.41,1509712.158,1.56,24.0,9.48,10.36,11.02,12.12,12.34,11.09,77.12
20160527,11.31,12.58,11.23,12.3,11.44,0.86,7.52,1747263.29,2120939.621,1.56,24.0,9.26,10.14,10.8,11.9,12.34,10.87,92.76
20160526,10.88,11.59,10.51,11.44,11.09,0.35,3.16,1210752.67,1340402.844,1.56,24.0,8.82,9.92,10.58,11.02,11.24,10.51,96.42
20160525,10.63,11.27,10.35,11.09,10.52,0.57,5.42,1166142.17,1255818.04,1.56,24.0,8.38,9.92,10.58,10.8,11.02,10.4,95.17
20160524,10.83,10.87,10.31,10.52,10.92,-0.4,-3.66,638669.89,676160.299,1.56,24.0,8.16,9.7,10.58,10.8,11.02,10.33,47.97
20160523,10.69,10.95,10.5,10.92,10.69,0.23,2.15,895435.31,960133.669,1.56,24.0,7.94,9.7,10.58,10.8,11.02,10.3,88.41
20160520,10.58,11.15,10.35,10.69,10.88,-0.19,-1.75,990567.09,1062529.351,1.56,24.0,7.94,9.7,10.36,10.8,11.02,10.25,73.43
20160519,10.59,11.37,10.55,10.88,10.34,0.54,5.22,1538868.37,1690488.398,1.56,24.0,7.94,9.48,10.36,10.8,11.02,10.17,87.99
20160518,9.99,10.55,9.9,10.34,10.23,0.11,1.08,853755.3,875632.566,1.56,24.0,7.72,9.26,10.14,10.58,10.8,9.97,56.5
20160517,10.65,10.8,10.21,10.23,10.8,-0.57,-5.28,1040336.98,1092548.306,1.56,24.0,7.72,9.26,10.14,10.58,10.8,9.95,54.53
20160516,10.41,10.99,10.08,10.8,10.56,0.24,2.27,1208379.93,1270968.187,1.56,24.0,7.5,8.6,10.14,10.58,10.8,9.85,87.97
20160513,10.39,11.2,10.28,10.56,10.62,-0.06,-0.57,1570263.9,1674698.86,1.56,24.0,7.5,8.16,9.92,10.58,11.02,9.73,79.36
20160512,9.43,10.62,9.26,10.62,9.65,0.97,10.05,1517481.75,1538133.183,1.56,24.0,7.28,7.94,9.7,10.14,10.58,9.46,97.16
20160511,9.99,10.05,9.32,9.65,10.05,-0.4,-3.98,1025292.54,988122.899,1.56,24.0,7.28,7.94,9.48,10.14,10.36,9.29,52.1
20160510,9.9,10.45,9.71,10.05,9.9,0.15,1.52,1258679.89,1270673.786,1.56,24.0,7.28,7.72,9.48,10.14,10.36,9.22,80.5
20160509,9.88,10.36,9.59,9.9,10.23,-0.33,-3.23,1379237.84,1374583.704,1.56,24.0,7.06,7.72,9.26,9.92,10.36,9.03,73.81
20160506,9.24,10.23,9.14,10.23,9.3,0.93,10.0,1584738.5,1586010.802,1.56,24.0,7.06,7.5,8.6,9.92,10.36,8.81,94.75
20160505,9.15,9.67,9.06,9.3,8.89,0.41,4.61,1265968.19,1173450.308,1.56,24.0,7.06,7.28,8.16,9.48,11.02,8.52,84.66
20160504,8.05,8.89,8.01,8.89,8.08,0.81,10.02,581446.29,497062.408,1.56,24.0,7.06,7.28,7.94,9.04,11.46,8.38,81.47
20160503,7.81,8.09,7.75,8.08,7.8,0.28,3.59,221087.34,176430.462,1.56,24.0,7.06,7.28,7.94,9.26,11.46,8.37,59.3
20160429,7.72,7.93,7.7,7.8,7.83,-0.03,-0.38,160710.5,125620.165,1.56,24.0,7.06,7.28,7.94,9.26,11.68,8.38,39.09
20160428,7.99,8.03,7.63,7.83,7.99,-0.16,-2.0,237189.69,184821.056,1.56,24.0,7.06,7.28,7.94,9.26,11.68,8.39,38.05
20160427,8.15,8.19,7.92,7.99,8.2,-0.21,-2.56,251105.17,202579.885,1.56,24.0,7.06,7.28,7.94,9.26,11.68,8.4,56.38
20160426,7.91,8.23,7.85,8.2,7.93,0.27,3.4,322938.15,260793.235,1.56,24.0,6.84,7.28,7.94,9.26,11.68,8.41,64.32
20160425,7.97,7.98,7.75,7.93,8.06,-0.13,-1.61,186774.38,146615.146,1.56,24.0,6.84,7.28,7.94,9.26,11.68,8.42,39.7
20160422,7.81,8.08,7.75,8.06,7.88,0.18,2.28,240960.86,191096.802,1.56,24.0,6.84,7.28,7.94,9.26,11.68,8.43,55.02
20160421,7.95,8.05,7.81,7.88,7.97,-0.09,-1.13,268140.84,213400.791,1.56,24.0,6.84,7.28,7.94,9.26,11.68,8.44,39.52
20160420,8.53,8.58,7.75,7.97,8.53,-0.56,-6.57,515310.53,418469.868,1.56,24.0,6.84,7.28,7.94,9.26,11.9,8.46,52.53
20160419,8.54,8.64,8.41,8.53,8.43,0.1,1.19,293725.41,250174.027,1.56,24.0,6.84,7.28,7.94,9.48,11.9,8.47,63.45
20160418,8.88,8.88,8.36,8.43,9.01,-0.58,-6.44,489966.73,418766.49,1.56,24.0,6.84,7.28,7.94,9.48,11.9,8.47,64.3
20160415,9.02,9.14,8.89,9.01,9.26,-0.25,-2.7,547460.06,491268.226,1.56,24.0,6.84,7.06,7.94,9.48,12.12,8.45,70.02
20160414,9.0,9.71,8.9,9.26,8.89,0.37,4.16,1059507.92,982093.127,1.56,24.0,6.84,7.06,7.72,9.48,12.12,8.4,75.62
20160413,8.89,8.89,8.89,8.89,8.08,0.81,10.02,54908.16,48813.354,1.56,24.0,6.84,7.06,7.5,9.48,12.34,8.26,83.77
20160321,8.02,8.14,7.81,8.08,7.88,0.2,2.54,366714.0,292220.511,1.56,24.0,6.84,7.06,7.5,9.48,12.34,8.26,75.15
20160318,7.47,8.05,7.42,7.88,7.42,0.46,6.2,406002.96,314275.876,1.56,24.0,6.84,7.06,7.5,10.36,12.34,8.27,63.94
20160317,7.17,7.49,7.14,7.42,7.14,0.28,3.92,257899.7,189387.179,1.56,24.0,6.84,7.06,7.5,10.8,12.34,8.28,44.11
20160316,7.32,7.42,7.0,7.14,7.29,-0.15,-2.06,184942.73,133439.872,1.56,24.0,6.84,7.06,7.5,10.8,12.34,8.31,22.73
20160315,7.3,7.5,7.27,7.29,7.32,-0.03,-0.41,178735.56,131638.856,1.56,24.0,6.84,7.06,7.5,11.02,12.34,8.34,41.19
20160314,7.16,7.52,7.12,7.32,7.06,0.26,3.68,236185.21,173808.667,1.56,24.0,6.84,7.06,7.5,11.02,12.34,8.36,40.05
20160311,6.95,7.13,6.89,7.06,7.06,0.0,0.0,132895.36,93171.101,1.56,24.0,6.84,7.06,7.5,11.02,12.34,8.39,10.75
20160310,7.33,7.38,7.0,7.06,7.28,-0.22,-3.02,165545.48,118979.322,1.56,24.0,6.84,7.06,7.72,11.02,12.34,8.41,10.13
20160309,7.31,7.44,7.21,7.28,7.66,-0.38,-4.96,220533.99,161496.843,1.56,24.0,6.84,7.06,7.72,11.02,12.34,8.44,20.12
20160308,7.52,7.74,7.12,7.66,7.64,0.02,0.26,377554.19,279893.471,1.56,24.0,6.84,7.06,7.72,11.24,12.56,8.47,46.46
20160307,7.16,7.65,7.15,7.64,7.05,0.59,8.37,330602.2,243373.077,1.56,24.0,6.84,7.06,7.72,11.24,12.56,8.52,44.61
20160304,7.35,7.43,6.88,7.05,7.45,-0.4,-5.37,292910.19,210068.044,1.56,24.0,6.84,7.06,7.72,11.24,12.56,8.56,11.52
20160303,7.17,7.76,7.14,7.45,7.27,0.18,2.48,374249.43,276546.694,1.56,24.0,6.84,7.06,7.94,11.24,12.56,8.61,30.85
20160302,6.81,7.45,6.76,7.27,6.79,0.48,7.07,315597.0,224787.881,1.56,24.0,6.84,7.06,7.94,11.46,12.56,8.67,20.8
20160301,6.67,6.9,6.52,6.79,6.6,0.19,2.88,218433.16,147063.174,1.56,24.0,6.84,7.06,7.94,11.46,12.56,8.73,4.88
20160229,7.22,7.27,6.6,6.6,7.33,-0.73,-9.96,262705.54,177702.032,1.56,24.0,6.84,7.06,7.94,11.46,12.56,8.79,0.74
20160226,7.61,7.68,7.18,7.33,7.59,-0.26,-3.43,295973.55,219616.178,1.56,24.0,6.84,7.28,7.94,11.46,12.56,8.85,21.99
20160225,8.35,8.35,7.59,7.59,8.43,-0.84,-9.96,413436.59,326251.847,1.56,24.0,6.84,7.28,7.94,11.46,12.56,8.91,27.81
20160224,7.92,8.49,7.88,8.43,7.98,0.45,5.64,502841.92,412992.879,1.56,24.0,6.84,7.28,7.94,11.68,12.56,8.96,68.19
20160223,8.12,8.16,7.78,7.98,8.19,-0.21,-2.56,292132.52,232444.197,1.56,24.0,6.84,7.28,7.94,11.68,12.78,9.01,56.27
20160222,8.16,8.27,8.01,8.19,8.05,0.14,1.74,295600.06,240537.264,1.56,24.0,6.84,7.06,7.94,11.68,12.78,9.04,62.88
20160219,8.08,8.19,7.93,8.05,8.27,-0.22,-2.66,345599.43,278407.779,1.56,24.0,6.84,7.06,7.94,11.9,12.78,9.08,55.58
20160218,7.95,8.35,7.83,8.27,7.93,0.34,4.29,446545.67,357023.72,1.56,24.0,6.84,7.06,7.94,11.9,12.78,9.12,60.04
20160217,7.93,8.09,7.7,7.93,7.89,0.04,0.51,471217.0,372531.036,1.56,24.0,6.84,7.06,7.94,11.9,12.78,9.18,48.4
20160216,7.2,7.89,7.2,7.89,7.17,0.72,10.04,298456.66,230661.445,1.56,24.0,6.84,7.06,7.94,12.12,12.78,9.27,47.51
20160215,6.92,7.23,6.91,7.17,7.29,-0.12,-1.65,182656.64,128847.292,1.56,24.0,6.84,7.06,7.94,12.12,12.78,9.33,20.13
20160205,7.2,7.62,7.17,7.29,7.19,0.1,1.39,278438.97,205789.254,1.56,24.0,6.84,7.06,8.16,12.12,12.78,9.38,28.71
20160204,7.04,7.28,7.0,7.19,6.99,0.2,2.86,232241.82,166889.312,1.56,24.0,6.84,7.06,8.16,12.12,12.78,9.46,18.66
20160203,6.88,7.04,6.72,6.99,7.0,-0.01,-0.14,167795.71,115182.525,1.56,24.0,6.84,7.06,8.38,12.12,12.78,9.53,9.33
20160202,6.73,7.05,6.71,7.0,6.73,0.27,4.01,183173.52,127205.348,1.56,24.0,6.84,7.28,8.6,12.12,12.78,9.59,7.51
20160201,7.13,7.16,6.5,6.73,7.2,-0.47,-6.53,229708.04,158153.738,1.56,24.0,6.84,7.28,9.04,12.12,13.0,9.65,1.63
20160129,6.84,7.34,6.79,7.2,7.0,0.2,2.86,287531.74,203916.04,1.56,24.0,7.06,7.28,9.26,12.12,13.0,9.74,9.56
20160128,7.62,7.65,7.0,7.0,7.78,-0.78,-10.03,313747.77,229282.651,1.56,24.0,7.06,7.28,9.48,12.34,13.0,9.84,2.28
20160127,7.81,8.0,7.11,7.78,7.82,-0.04,-0.51,476115.26,361161.934,1.56,24.0,7.06,7.5,10.36,12.34,13.0,9.95,29.77
20160126,8.04,8.49,7.62,7.82,7.81,0.01,0.13,803684.3,652929.052,1.56,24.0,7.06,7.5,10.8,12.34,13.0,10.1,25.97
20160125,7.17,7.81,7.12,7.81,7.1,0.71,10.0,149143.3,112691.114,1.56,24.0,7.06,7.5,11.02,12.34,13.0,10.36,26.4
20160122,7.1,7.15,6.76,7.1,7.02,0.08,1.14,192282.03,135229.944,1.56,24.0,7.06,7.5,11.02,12.34,13.0,10.41,7.12
20160121,7.24,7.46,6.99,7.02,7.39,-0.37,-5.01,196316.08,142316.105,1.56,24.0,7.28,7.5,11.02,12.34,13.0,10.5,1.0
20160120,7.49,7.63,7.29,7.39,7.54,-0.15,-1.99,223576.41,166364.423,1.56,24.0,7.28,7.5,11.24,12.34,13.22,10.59,9.12
20160119,7.22,7.59,7.14,7.54,7.27,0.27,3.71,236046.83,174814.131,1.56,24.0,7.28,7.72,11.24,12.34,13.22,10.68,14.03
20160118,7.0,7.36,6.9,7.27,7.12,0.15,2.11,202186.12,145489.94,1.56,24.0,7.28,7.72,11.24,12.34,13.22,10.79,3.03
20160115,7.6,7.77,7.05,7.12,7.71,-0.59,-7.65,238662.11,176779.161,1.56,24.0,7.5,7.94,11.24,12.34,13.22,10.89,1.33
20160114,7.21,7.82,7.11,7.71,7.53,0.18,2.39,218954.69,164527.599,1.56,24.0,7.5,8.38,11.24,12.56,13.22,11.01,6.24
20160113,7.72,7.91,7.45,7.53,7.65,-0.12,-1.57,194979.1,150062.007,1.56,24.0,7.72,9.04,11.46,12.56,13.22,11.11,4.21
20160112,7.55,7.8,7.35,7.65,7.59,0.06,0.79,210085.61,159652.366,1.56,24.0,7.72,9.04,11.46,12.56,13.22,11.2,2.61
20160111,8.04,8.19,7.59,7.59,8.43,-0.84,-9.96,266120.8,210766.462,1.56,24.0,8.16,9.26,11.46,12.56,13.22,11.31,0.83
20160108,8.64,8.72,7.71,8.43,8.5,-0.07,-0.82,291624.6,244499.529,1.56,24.0,8.6,9.92,11.46,12.56,13.22,11.43,3.96
20160107,9.19,9.23,8.5,8.5,9.44,-0.94,-9.96,70720.0,61993.175,1.56,24.0,9.04,10.58,11.46,12.56,13.22,11.56,0.75
20160106,9.23,9.47,9.0,9.44,9.15,0.29,3.17,257337.53,238569.11,1.56,24.0,9.26,10.58,11.46,12.56,13.22,11.59,8.11
20160105,9.18,9.62,8.78,9.15,9.76,-0.61,-6.25,360365.02,330404.391,1.56,24.0,9.26,10.8,11.46,12.56,13.22,11.67,3.69
20160104,10.63,10.73,9.76,9.76,10.84,-1.08,-9.96,231125.01,235051.733,1.56,24.0,10.36,11.02,11.68,12.56,13.22,11.79,1.47
20151231,11.3,11.3,10.8,10.84,11.3,-0.46,-4.07,224030.91,247524.519,1.56,24.0,10.58,11.02,11.68,12.56,13.22,11.84,10.81
20151230,11.52,11.68,11.04,11.3,11.72,-0.42,-3.58,386735.42,435609.892,1.56,24.0,10.58,11.02,11.68,12.56,13.44,11.87,31.77
20151229,11.41,11.81,11.35,11.72,11.5,0.22,1.91,198738.01,230494.702,1.56,24.0,10.58,11.02,11.68,12.56,13.44,11.89,51.48
20151228,11.85,12.22,11.43,11.5,11.92,-0.42,-3.52,378534.5,448200.649,1.56,24.0,10.58,11.02,11.68,12.56,13.44,11.9,41.14
20151225,12.8,13.12,11.71,11.92,12.62,-0.7,-5.55,600762.13,733713.609,1.56,24.0,10.58,11.02,11.9,12.78,13.44,11.9,56.15
20151125,12.3,12.85,12.1,12.62,12.48,0.14,1.12,534791.28,662992.673,1.56,24.0,10.58,11.02,11.68,12.56,13.44,11.86,85.02
20151124,12.19,12.87,12.08,12.48,12.19,0.29,2.38,888506.98,1105903.164,1.56,24.0,10.58,11.02,11.68,12.56,13.44,11.8,79.4
20151123,11.13,12.19,11.0,12.19,11.08,1.11,10.02,741195.02,873933.485,1.56,24.0,10.36,10.8,11.46,12.56,13.44,11.73,77.98
20151120,11.2,11.21,10.94,11.08,11.12,-0.04,-0.36,276645.07,305443.309,1.56,24.0,10.36,10.8,11.46,12.78,13.66,11.75,33.99
20151119,10.85,11.18,10.85,11.12,10.93,0.19,1.74,225829.91,248392.336,1.56,24.0,10.36,10.8,11.46,12.78,13.66,11.77,31.89
20151118,11.41,11.54,10.86,10.93,11.36,-0.43,-3.79,276929.34,309948.112,1.56,24.0,10.36,10.8,11.46,12.78,13.66,11.79,17.29
20151117,11.71,11.78,11.29,11.36,11.5,-0.14,-1.22,359010.91,413720.848,1.56,24.0,10.36,10.8,11.46,13.0,13.66,11.81,39.74
20151116,11.0,11.51,10.95,11.5,11.19,0.31,2.77,305018.15,342917.961,1.56,24.0,10.36,10.8,11.46,13.0,13.66,11.82,52.6
20151113,11.27,11.35,10.75,11.19,11.44,-0.25,-2.19,368340.92,408444.683,1.56,24.0,10.36,10.8,11.46,13.0,13.66,11.84,30.82
20151112,11.73,11.85,11.3,11.44,11.71,-0.27,-2.31,329915.36,379394.418,1.56,24.0,10.36,10.8,11.68,13.0,13.66,11.88,37.09
20151111,11.5,11.84,11.43,11.71,11.53,0.18,1.56,364770.04,425506.67,1.56,24.0,10.36,10.8,11.68,13.0,13.66,11.89,55.02
20151110,11.1,11.65,11.0,11.53,11.23,0.3,2.67,422858.22,483628.589,1.56,24.0,10.14,10.8,11.68,13.0,13.66,11.9,46.78
20151109,11.1,11.44,10.88,11.23,11.28,-0.05,-0.44,396346.14,443014.933,1.56,24.0,10.14,10.8,11.68,13.22,13.66,11.93,31.76
20151106,11.0,11.38,10.89,11.28,10.83,0.45,4.16,368462.35,412961.126,1.56,24.0,10.14,10.8,11.9,13.22,13.66,11.97,34.83
20151105,11.0,11.09,10.69,10.83,11.03,-0.2,-1.81,408266.91,442316.84,1.56,24.0,10.14,10.8,11.9,13.22,13.88,12.01,23.09
20151104,10.49,11.15,10.45,11.03,10.5,0.53,5.05,384996.09,417293.293,1.56,24.0,10.14,10.58,12.12,13.22,13.88,12.07,24.34
20151103,11.04,11.35,10.3,10.5,11.27,-0.77,-6.83,472162.51,500546.864,1.56,24.0,10.14,10.8,12.12,13.22,13.88,12.14,10.15
20151102,12.01,12.07,11.27,11.27,12.52,-1.25,-9.98,485198.92,564102.568,1.56,24.0,10.14,11.02,12.12,13.22,13.88,12.23,18.48
20151030,12.18,12.95,12.05,12.52,12.32,0.2,1.62,455491.37,570767.602,1.56,24.0,10.14,10.8,12.34,13.22,13.88,12.27,59.47
20151029,11.9,12.41,11.79,12.32,11.72,0.6,5.12,391868.48,474929.736,1.56,24.0,9.92,10.8,12.12,13.44,13.88,12.25,51.03
20151028,11.9,12.53,11.6,11.72,12.05,-0.33,-2.74,379728.85,458213.245,1.56,24.0,9.92,10.8,12.34,13.44,13.88,12.26,34.24
20151027,12.41,12.41,11.4,12.05,12.67,-0.62,-4.89,575762.68,684103.751,1.56,24.0,9.92,10.58,12.34,13.44,13.88,12.26,41.31
20151026,13.55,13.95,12.5,12.67,13.71,-1.04,-7.59,793811.22,1034551.774,1.56,24.0,9.92,10.58,12.34,13.44,13.88,12.31,58.1
20151023,12.44,14.51,12.44,13.71,13.82,-0.11,-0.8,1354127.85,1810544.553,1.56,24.0,9.92,10.58,12.34,13.44,13.88,12.19,92.57
20150817,13.03,13.96,12.96,13.82,12.98,0.84,6.47,607192.66,815022.284,1.56,24.0,9.92,10.36,11.9,13.0,13.66,11.93,95.59
20150814,12.81,13.6,12.62,12.98,12.62,0.36,2.85,678026.06,892361.694,1.56,24.0,9.7,10.36,11.68,12.78,13.44,11.81,88.45
20150813,11.93,12.66,11.79,12.62,12.1,0.52,4.3,540406.64,659287.446,1.56,24.0,9.7,10.36,11.68,12.56,12.78,11.68,92.46
20150812,12.21,12.78,12.01,12.1,12.47,-0.37,-2.97,497271.11,616591.225,1.56,24.0,9.7,10.14,11.46,12.56,13.0,11.64,66.73
20150811,12.48,12.81,12.21,12.47,12.51,-0.04,-0.32,617748.54,774468.748,1.56,24.0,9.7,10.14,11.46,12.34,13.66,11.6,85.9
20150810,11.87,12.85,11.72,12.51,11.82,0.69,5.84,718005.11,877645.454,1.56,24.0,9.7,10.14,11.24,12.34,14.76,11.51,89.33
20150807,11.61,12.08,11.55,11.82,11.45,0.37,3.23,549182.53,649458.453,1.56,24.0,9.7,10.14,11.24,12.12,15.42,11.44,77.15
20150806,11.28,11.75,11.07,11.45,11.67,-0.22,-1.89,501071.98,571762.012,1.56,24.0,9.7,10.14,11.02,12.12,16.3,11.42,60.99
20150805,11.25,12.08,11.23,11.67,11.21,0.46,4.1,848685.8,984645.95,1.56,24.0,9.7,9.92,10.8,12.12,17.4,11.42,70.25
20150804,10.21,11.21,10.11,11.21,10.19,1.02,10.01,557707.24,596579.734,1.56,24.0,9.7,9.92,10.8,12.34,18.06,11.42,62.78
20150803,10.92,11.1,9.88,10.19,10.98,-0.79,-7.19,779728.91,820092.555,1.56,24.0,9.48,9.92,10.8,12.34,18.5,11.49,27.55
20150731,9.77,10.98,9.65,10.98,9.98,1.0,10.02,763855.1,820469.111,1.56,24.0,9.48,9.92,10.8,12.34,19.16,11.61,50.65
20150730,10.29,10.79,9.85,9.98,10.4,-0.42,-4.04,590932.12,613899.375,1.56,24.0,9.48,9.92,11.24,12.56,19.6,11.76,18.91
20150729,9.98,10.49,9.12,10.4,9.6,0.8,8.33,572815.46,558509.594,1.56,24.0,9.48,9.92,11.24,12.56,19.82,11.89,30.08
20150728,9.88,10.69,9.6,9.6,10.67,-1.07,-10.03,752279.96,740936.743,1.56,24.0,9.7,10.14,11.46,12.78,20.04,12.08,4.69
20150727,11.5,12.1,10.67,10.67,11.86,-1.19,-10.03,682897.12,790186.527,1.56,24.0,9.7,10.36,11.68,13.0,20.26,12.32,21.91
20150724,12.32,12.8,11.68,11.86,12.41,-0.55,-4.43,858225.13,1060776.01,1.56,24.0,9.48,10.36,11.68,14.1,20.48,12.43,53.49
20150723,11.86,12.69,11.72,12.41,11.87,0.54,4.55,774302.21,948236.793,1.56,24.0,9.48,10.36,11.46,15.2,20.7,12.44,78.34
20150722,11.64,12.18,11.15,11.87,11.63,0.24,2.06,807974.11,941306.942,1.56,24.0,9.48,10.14,11.24,16.52,20.92,12.48,67.15
20150721,10.65,11.75,10.39,11.63,10.95,0.68,6.21,868629.94,973190.107,1.56,24.0,9.48,10.14,11.24,17.84,21.14,12.59,61.41
20150720,10.65,11.3,10.16,10.95,10.64,0.31,2.91,864091.43,931687.489,1.56,24.0,9.26,9.92,11.24,18.28,21.36,12.8,43.54
20150717,9.8,10.76,9.7,10.64,9.78,0.86,8.79,636788.73,657453.046,1.56,24.0,9.26,9.92,11.46,19.16,21.58,13.07,35.26
20150716,9.29,10.62,9.29,9.78,10.32,-0.54,-5.23,823905.62,807650.6,1.56,24.0,9.26,9.92,11.68,19.38,21.58,13.35,13.09
20150715,11.04,11.2,10.32,10.32,11.47,-1.15,-10.03,454609.16,481633.04,1.56,24.0,9.04,10.36,11.9,19.82,21.8,13.79,12.25
20150714,11.86,12.93,11.22,11.47,12.35,-0.88,-7.13,1163788.17,1402395.505,1.56,24.0,9.04,10.58,12.12,20.04,21.8,14.0,36.3
20150713,11.25,12.35,10.8,12.35,11.23,1.12,9.97,1493521.48,1739797.356,1.56,24.0,9.04,10.14,12.12,20.48,22.02,14.38,52.02
20150710,10.21,11.23,9.81,11.23,10.21,1.02,9.99,1122567.43,1225380.03,1.56,24.0,8.82,9.92,14.76,20.92,22.24,15.09,34.51
20150709,8.35,10.21,8.35,10.21,9.28,0.93,10.02,1227113.54,1108905.305,1.56,24.0,8.82,9.48,16.52,21.14,22.46,15.91,19.27
20150708,9.28,9.28,9.28,9.28,10.31,-1.03,-9.99,4878.0,4526.784,1.56,24.0,10.8,12.56,18.06,21.36,22.46,17.27,2.41
20150706,12.0,12.28,10.31,10.31,11.45,-1.14,-9.96,439982.27,479046.087,1.56,24.0,10.8,12.56,18.06,21.36,22.46,17.28,3.09
20150703,11.45,11.97,11.45,11.45,12.72,-1.27,-9.98,264601.46,304297.3,1.56,24.0,11.46,13.44,18.28,21.36,22.46,17.68,4.9
20150702,12.72,13.9,12.72,12.72,14.13,-1.41,-9.98,361650.15,463578.692,1.56,24.0,11.68,13.88,18.5,21.58,22.68,17.91,6.23
20150701,15.7,16.28,14.13,14.13,15.7,-1.57,-10.0,332221.12,500145.522,1.56,24.0,11.46,14.54,18.94,21.58,22.68,18.17,12.0
20150630,15.03,16.6,14.22,15.7,15.8,-0.1,-0.63,397827.41,604004.774,1.56,24.0,11.24,14.54,19.16,21.58,22.68,18.32,23.22
20150629,18.09,18.33,15.8,15.8,17.56,-1.76,-10.02,276077.89,454239.152,1.56,24.0,11.24,14.54,19.38,21.8,22.68,18.49,19.96
20150626,18.4,18.98,17.56,17.56,19.51,-1.95,-9.99,200195.83,361894.566,1.56,24.0,11.02,14.32,19.6,21.8,22.68,18.56,26.15
20150625,21.3,21.5,19.3,19.51,21.17,-1.66,-7.84,307947.18,632327.798,1.56,24.0,11.02,14.32,19.6,21.8,22.68,18.59,47.63
20150624,20.32,21.3,19.92,21.17,19.78,1.39,7.03,340923.32,698334.802,1.56,24.0,11.02,14.32,19.6,21.8,22.68,18.52,76.53
20150623,19.7,20.35,17.87,19.78,19.7,0.08,0.41,235812.98,455605.576,1.56,24.0,11.02,14.1,19.38,21.8,22.68,18.42,55.45
20150619,19.5,20.65,18.9,19.7,20.24,-0.54,-2.67,286568.47,571222.797,1.56,24.0,10.8,14.1,19.38,22.02,22.68,18.41,54.52
20150618,20.8,21.46,20.01,20.24,20.43,-0.19,-0.93,296910.33,623499.016,1.56,24.0,10.8,14.1,19.38,22.02,22.68,18.36,59.82
20150617,19.9,20.7,18.8,20.43,19.91,0.52,2.61,294716.52,588339.465,1.56,24.0,10.58,13.88,19.16,22.02,22.9,18.26,63.67
20150616,20.72,20.72,19.48,19.91,20.98,-1.07,-5.1,269605.92,538631.551,1.56,24.0,10.58,13.88,18.94,22.02,22.9,18.22,59.64
20150615,22.3,22.8,20.8,20.98,22.57,-1.59,-7.04,441086.88,954750.324,1.56,24.0,10.58,13.88,18.72,22.02,22.9,18.14,67.0
20150612,21.11,23.09,20.9,22.57,21.05,1.52,7.22,403171.22,880973.265,1.56,24.0,10.36,13.88,18.28,22.02,22.9,17.94,91.21
20150611,21.75,21.75,20.48,21.05,21.7,-0.65,-3.0,402016.26,844605.638,1.56,24.0,10.36,13.66,18.06,22.02,22.9,17.71,74.71
20150610,20.9,21.98,20.01,21.7,21.39,0.31,1.45,341464.3,714554.664,1.56,24.0,10.36,13.66,18.06,22.02,22.9,17.54,81.59
20150609,22.08,22.44,21.0,21.39,22.04,-0.65,-2.95,320401.88,689843.063,1.56,24.0,10.14,13.44,17.84,22.24,22.9,17.38,79.23
20150608,23.1,23.62,21.7,22.04,23.07,-1.03,-4.46,379275.9,861080.387,1.56,24.0,10.14,13.44,17.84,22.24,22.9,17.2,84.5
20150605,23.5,23.87,22.33,23.07,23.18,-0.11,-0.47,281485.33,652259.424,1.56,24.0,10.14,13.44,17.62,21.36,22.9,16.91,96.73
20150604,23.5,23.5,20.9,23.18,23.19,-0.01,-0.04,374313.21,852668.817,1.56,23.78,9.92,13.22,17.62,19.82,22.46,16.66,99.79
20150603,21.68,23.19,21.57,23.19,21.08,2.11,10.01,526668.68,1192751.056,1.56,23.78,9.92,13.22,17.4,19.38,22.24,16.36,99.97
20150602,19.16,21.08,18.88,21.08,19.16,1.92,10.02,331665.22,655802.723,1.56,23.78,9.7,13.0,17.18,18.94,19.6,15.9,99.81
20150601,18.45,19.36,18.1,19.16,18.44,0.72,3.9,201161.59,379557.815,1.56,23.78,9.7,12.78,16.52,18.72,19.38,15.72,89.74
20150529,17.92,18.7,17.45,18.44,17.95,0.49,2.73,290473.29,531266.827,1.56,23.78,9.7,12.56,16.08,18.5,19.38,15.64,82.58
20150528,19.45,20.19,17.57,17.95,19.52,-1.57,-8.04,326604.41,626094.001,1.56,23.78,9.48,12.34,15.86,18.5,19.38,15.55,73.37
20150527,19.89,19.89,19.1,19.52,19.79,-0.27,-1.36,309945.78,602201.646,1.56,23.78,9.48,12.34,15.64,18.28,19.38,15.39,96.4
20150526,19.02,19.9,18.81,19.79,18.98,0.81,4.27,359488.26,696419.157,1.56,23.78,9.48,12.12,15.42,18.06,19.16,15.22,98.96
20150525,18.02,19.33,17.8,18.98,18.05,0.93,5.15,376069.82,702388.742,1.56,23.78,9.26,12.12,14.98,18.06,18.5,15.02,98.9
20150522,17.91,18.5,17.7,18.05,17.88,0.17,0.95,253216.96,458311.059,1.56,23.78,9.26,11.68,14.76,17.84,18.28,14.84,88.13
20150521,18.05,18.08,17.64,17.88,17.95,-0.07,-0.39,280038.1,499653.247,1.56,23.78,9.26,11.68,14.76,17.84,18.28,14.72,90.26
20150520,18.03,18.9,17.87,17.95,18.16,-0.21,-1.16,349827.75,639531.758,1.56,23.78,9.26,11.46,14.54,17.62,18.28,14.6,91.38
20150519,17.2,18.3,17.2,18.16,17.45,0.71,4.07,279530.62,500757.193,1.56,23.78,9.04,11.24,14.54,17.4,17.84,14.42,98.1
20150518,17.7,18.05,17.32,17.45,17.95,-0.5,-2.79,256125.95,450993.545,1.56,23.78,9.04,11.24,14.32,17.4,17.84,14.29,89.28
20150515,17.87,18.18,17.3,17.95,17.95,0.0,0.0,243926.36,433005.883,1.56,23.78,9.04,11.24,14.32,17.18,17.84,14.18,97.13
20150514,17.58,18.08,16.7,17.95,17.59,0.36,2.05,360729.95,626527.29,1.56,23.78,9.04,11.02,14.32,17.18,17.62,14.06,97.58
20150513,17.51,18.49,17.21,17.59,17.49,0.1,0.57,328575.08,582599.93,1.56,23.78,9.04,11.02,14.1,16.52,17.62,13.9,94.44
20150512,17.02,17.59,16.83,17.49,17.19,0.3,1.75,307008.78,531617.787,1.56,23.78,9.04,11.02,14.1,15.86,17.18,13.73,98.02
20150511,16.87,17.82,16.85,17.19,16.87,0.32,1.9,360696.35,624632.342,1.56,23.78,8.82,10.8,14.1,15.64,17.18,13.58,96.75
20150508,15.11,16.87,15.01,16.87,15.34,1.53,9.97,405022.12,651832.355,1.56,23.78,8.82,10.8,13.88,15.42,16.08,13.39,98.63
20150507,15.64,16.3,15.3,15.34,15.89,-0.55,-3.46,326022.59,515159.765,1.56,23.78,8.82,10.58,13.88,15.2,15.86,13.24,88.47
20150506,15.47,16.16,15.0,15.89,15.38,0.51,3.32,449472.7,702362.89,1.56,23.78,8.82,10.58,13.88,14.98,15.42,13.13,97.83
20150505,13.91,15.38,13.81,15.38,13.98,1.4,10.01,577243.48,863545.83,1.56,23.78,8.82,10.36,13.66,14.76,15.2,12.97,97.43
20150504,14.27,14.27,13.77,13.98,14.29,-0.31,-2.17,209796.48,291047.453,1.56,23.78,8.6,10.36,13.66,14.54,14.98,12.82,65.36
20150430,14.43,14.65,14.25,14.29,14.42,-0.13,-0.9,151476.83,218225.567,1.56,23.78,8.6,10.36,13.44,14.54,14.98,12.79,72.36
20150429,14.24,14.7,14.03,14.42,14.24,0.18,1.26,194804.2,281243.232,1.56,23.78,8.6,10.14,13.44,14.54,14.98,12.76,80.75
20150428,14.86,15.08,13.83,14.24,14.96,-0.72,-4.81,354857.82,509772.315,1.56,23.78,8.6,10.14,13.44,14.54,15.2,12.72,74.93
20150427,13.95,15.32,13.95,14.96,13.93,1.03,7.39,552951.61,834594.184,1.56,23.78,8.6,10.14,13.44,14.54,15.2,12.62,91.13
20150424,13.46,14.15,13.27,13.93,13.52,0.41,3.03,318041.19,439387.502,1.56,23.78,8.6,9.92,13.22,14.32,14.98,12.46,76.74
20150423,13.54,13.83,13.37,13.52,13.52,0.0,0.0,206201.55,279922.961,1.56,23.78,8.6,9.92,13.0,14.32,14.98,12.41,61.66
20150422,13.27,13.75,13.27,13.52,13.14,0.38,2.89,216135.91,292303.712,1.56,23.78,8.6,9.92,13.0,14.32,14.98,12.38,61.66
20150421,12.77,13.25,12.65,13.14,12.79,0.35,2.74,194689.74,253731.093,1.56,23.78,8.6,9.92,13.0,14.32,14.98,12.34,54.37
20150420,13.5,13.6,12.77,12.79,13.77,-0.98,-7.12,384798.95,503580.401,1.56,23.78,8.6,9.92,12.78,14.32,14.98,12.33,50.46
20150417,14.85,14.95,13.28,13.77,14.76,-0.99,-6.71,542168.82,757770.107,1.56,23.78,8.6,9.7,12.56,14.32,14.98,12.27,64.76
20150416,14.61,15.2,13.84,14.76,14.6,0.16,1.1,164676.62,239608.411,1.56,23.78,8.38,9.48,12.12,14.32,15.2,12.15,89.45
20150415,15.03,15.08,14.46,14.6,15.08,-0.48,-3.18,162854.83,239526.265,1.56,23.78,8.38,9.48,12.12,14.32,15.2,12.1,89.95
20150414,15.35,15.48,14.87,15.08,15.42,-0.34,-2.2,203560.89,309348.718,1.56,23.78,8.38,9.48,12.12,14.32,15.2,12.04,94.61
20150413,14.3,15.5,14.12,15.42,14.36,1.06,7.38,340906.96,503608.989,1.56,23.78,8.38,9.48,12.12,14.1,14.76,11.95,97.28
20150410,14.0,14.56,13.78,14.36,14.01,0.35,2.5,200101.59,284434.391,1.56,23.78,8.38,9.26,11.9,14.1,14.54,11.81,94.7
20150409,14.19,14.29,13.16,14.01,14.2,-0.19,-1.34,219560.69,301699.146,1.56,23.78,8.38,9.26,11.68,13.88,14.32,11.74,86.18
20150408,14.34,14.85,14.02,14.2,14.47,-0.27,-1.87,227802.57,327225.933,1.56,23.78,8.38,9.26,11.46,13.88,14.54,11.68,91.36
20150407,13.9,14.56,13.81,14.47,13.96,0.51,3.65,263534.17,378238.739,1.56,23.78,8.38,9.26,11.46,13.88,14.32,11.59,96.17
20150403,13.86,14.08,13.61,13.96,13.85,0.11,0.79,194332.66,269009.312,1.56,23.78,8.38,9.26,11.24,13.88,14.1,11.49,91.76
20150402,13.98,14.13,13.48,13.85,14.02,-0.17,-1.21,258398.86,357963.798,1.56,23.78,8.38,9.26,11.24,13.66,14.1,11.42,85.46
20150401,13.82,14.2,13.72,14.02,13.77,0.25,1.82,194793.79,272536.336,1.56,23.78,8.38,9.04,11.24,13.66,14.1,11.33,92.16
20150331,14.1,14.13,13.71,13.77,14.06,-0.29,-2.06,217080.39,300031.367,1.56,23.78,8.38,9.04,11.24,13.44,14.1,11.26,89.11
20150330,14.05,14.49,13.64,14.06,14.03,0.03,0.21,300239.11,422493.467,1.56,23.78,8.38,9.04,11.02,13.22,14.1,11.18,93.69
20150327,13.4,14.55,13.3,14.03,13.45,0.58,4.31,316919.7,442537.488,1.56,23.78,8.38,9.04,11.02,13.0,13.88,11.05,95.25
20150326,12.89,13.68,12.82,13.45,13.04,0.41,3.14,348907.13,465734.301,1.56,23.78,8.38,9.04,11.02,12.56,13.44,10.92,96.24
20150325,12.88,13.5,12.71,13.04,13.05,-0.01,-0.08,285214.03,374192.658,1.56,23.78,8.16,8.82,10.8,12.34,13.0,10.78,95.15
20150324,12.16,13.18,12.01,13.05,12.16,0.89,7.32,386498.03,481466.88,1.56,23.78,8.16,8.82,10.8,12.12,12.56,10.69,96.78
20150323,12.29,12.36,11.98,12.16,12.29,-0.13,-1.06,231772.77,280961.056,1.56,23.78,8.16,8.82,10.58,12.12,12.34,10.57,91.16
20150320,12.37,12.68,12.1,12.29,12.34,-0.05,-0.41,237345.9,292404.033,1.56,23.78,8.16,8.82,10.58,11.9,12.34,10.52,92.22
20150319,12.01,12.47,12.01,12.34,12.1,0.24,1.98,206044.45,253139.566,1.56,23.78,8.16,8.82,10.36,11.68,12.34,10.45,93.76
20150318,12.11,12.36,12.02,12.1,12.1,0.0,0.0,205053.27,248578.155,1.56,23.78,8.16,8.82,10.36,11.46,12.34,10.4,91.89
20150317,11.77,12.36,11.69,12.1,11.77,0.33,2.8,256798.16,309012.618,1.56,23.78,8.16,8.82,10.36,11.46,12.12,10.35,94.34
20150316,11.6,12.0,11.55,11.77,11.69,0.08,0.68,222734.75,262902.357,1.56,23.78,8.16,8.6,10.36,11.24,11.9,10.28,94.61
20150313,11.3,11.8,11.16,11.69,11.46,0.23,2.01,274160.61,313749.862,1.56,23.78,8.16,8.6,10.36,11.24,11.68,10.23,95.74
20150312,11.55,11.6,11.22,11.46,11.5,-0.04,-0.35,147941.1,168506.369,1.56,23.78,8.16,8.6,10.14,11.24,11.68,10.18,91.08
20150311,11.32,11.67,11.21,11.5,11.33,0.17,1.5,161628.76,185564.442,1.56,23.78,8.16,8.6,10.14,11.24,11.68,10.15,94.76
20150310,11.12,11.36,10.94,11.33,11.12,0.21,1.89,168777.86,189365.585,1.56,23.78,8.16,8.6,10.14,11.02,11.68,10.12,93.03
20150309,11.12,11.46,10.9,11.12,11.09,0.03,0.27,212250.56,238049.92,1.56,23.78,8.16,8.6,10.14,11.02,11.68,10.1,85.84
20150306,11.28,11.46,11.06,11.09,11.22,-0.13,-1.16,162467.55,183174.564,1.56,23.78,8.16,8.6,10.14,11.02,11.68,10.06,86.61
20150305,10.88,11.27,10.7,11.22,10.92,0.3,2.75,189916.51,207324.726,1.56,23.78,8.16,8.6,10.14,11.02,11.68,10.03,88.35
20150304,10.98,11.17,10.73,10.92,10.99,-0.07,-0.64,180679.36,197281.716,1.56,23.78,8.16,8.6,10.14,11.02,11.68,10.0,80.74
20150303,11.0,11.26,10.9,10.99,11.16,-0.17,-1.52,172550.11,191262.064,1.56,23.78,8.16,8.6,9.92,11.02,11.68,9.97,81.27
20150302,11.11,11.36,11.07,11.16,11.07,0.09,0.81,190805.55,213719.239,1.56,23.78,8.16,8.6,9.92,11.02,11.68,9.94,89.24
20150227,10.6,11.29,10.6,11.07,10.59,0.48,4.53,291707.19,321577.883,1.56,23.78,8.16,8.6,9.92,10.8,11.68,9.91,90.55
20150226,10.29,10.68,10.29,10.59,10.29,0.3,2.92,199245.47,209577.584,1.56,23.78,8.16,8.6,9.92,10.8,11.68,9.85,83.9
20150225,10.3,10.7,10.2,10.29,10.29,0.0,0.0,150953.46,157546.999,1.56,23.78,8.16,8.6,9.7,10.8,11.68,9.83,67.63
20150217,10.46,10.49,10.2,10.29,10.47,-0.18,-1.72,175779.39,181541.39,1.56,23.78,8.16,8.6,9.7,10.8,11.68,9.82,68.91
20150216,9.53,10.47,9.5,10.47,9.52,0.95,9.98,316440.6,323330.002,1.56,23.78,8.16,8.6,9.7,10.8,11.68,9.8,77.76
20150213,9.52,9.6,9.45,9.52,9.48,0.04,0.42,108322.23,102967.778,1.56,23.78,7.94,8.6,9.7,10.8,11.68,9.78,49.44
20150212,9.21,9.62,9.1,9.48,9.19,0.29,3.16,145852.7,137301.667,1.56,23.78,7.94,8.6,9.7,10.8,11.68,9.78,44.18
20150211,9.2,9.45,9.08,9.19,9.18,0.01,0.11,122991.74,113999.461,1.56,23.78,7.94,8.6,9.7,10.8,11.68,9.79,37.61
20150210,9.13,9.35,9.05,9.18,9.22,-0.04,-0.43,103170.96,94659.899,1.56,23.78,7.94,8.6,9.7,10.8,11.68,9.79,38.03
20150209,9.22,9.49,8.99,9.22,9.99,-0.77,-7.71,258004.49,238637.997,1.56,23.78,7.94,8.6,9.7,10.8,11.68,9.8,37.96
20150123,9.55,10.0,9.44,9.99,9.48,0.51,5.38,323457.55,315527.49,1.56,23.78,7.94,8.38,9.92,10.8,11.68,9.81,57.44
20150122,8.9,9.58,8.9,9.48,8.94,0.54,6.04,260403.06,242687.891,1.56,23.78,7.94,8.38,9.92,10.8,11.68,9.81,42.79
20150121,8.75,8.99,8.74,8.94,8.77,0.17,1.94,149789.98,133078.294,1.56,23.78,7.94,8.38,9.92,11.02,11.68,9.82,36.26
20150120,8.6,8.79,8.58,8.77,8.53,0.24,2.81,79984.93,69436.204,1.56,23.78,7.94,8.38,9.92,11.02,11.68,9.84,28.34
20150119,8.66,9.03,8.4,8.53,8.84,-0.31,-3.51,135227.52,118002.502,1.56,23.78,7.94,8.38,9.92,11.02,11.68,9.85,17.09
20150116,8.73,8.86,8.72,8.84,8.8,0.04,0.45,74732.61,65775.545,1.56,23.78,7.94,8.38,9.92,11.02,11.68,9.87,33.33
20150115,8.65,8.85,8.61,8.8,8.67,0.13,1.5,62847.45,55098.463,1.56,23.78,7.94,8.38,9.92,11.02,11.68,9.88,26.87
20150114,8.75,9.05,8.56,8.67,8.73,-0.06,-0.69,76100.18,66918.27,1.56,23.78,7.94,8.38,9.92,11.02,11.68,9.89,26.71
20150113,8.47,8.75,8.39,8.73,8.46,0.27,3.19,82610.07,70757.813,1.56,23.78,7.94,8.38,9.92,11.02,11.68,9.9,26.48
20150112,8.69,8.77,8.44,8.46,8.7,-0.24,-2.76,65999.75,56607.625,1.56,23.78,7.94,8.38,10.14,11.02,11.68,9.91,17.34
20150109,8.7,8.94,8.69,8.7,8.84,-0.14,-1.58,100766.68,88768.694,1.56,23.78,7.94,8.38,10.14,11.02,11.68,9.92,25.09
20150108,8.69,9.06,8.69,8.84,8.73,0.11,1.26,154331.92,137583.474,1.56,23.78,7.94,8.38,10.14,11.02,11.68,9.94,29.37
20150107,8.76,8.78,8.65,8.73,8.75,-0.02,-0.23,89784.78,78184.251,1.56,23.78,7.94,8.38,10.14,11.02,11.68,9.96,25.17
20150106,8.35,8.8,8.33,8.75,8.42,0.33,3.92,167202.01,145027.98,1.56,23.78,7.94,8.38,10.14,11.02,11.68,9.97,24.57
20150105,8.31,8.51,8.11,8.42,8.31,0.11,1.32,127559.52,106613.408,1.56,23.78,7.94,8.38,10.14,11.02,11.68,10.0,17.41
20141231,8.25,8.47,8.14,8.31,8.34,-0.03,-0.36,106276.51,88029.063,1.56,23.78,7.72,8.38,10.14,11.02,11.68,10.03,10.85
20141230,8.13,8.48,8.06,8.34,8.13,0.21,2.58,144621.69,121093.821,1.56,23.78,7.72,8.6,10.14,11.02,11.68,10.05,10.07
20141229,8.42,8.45,7.99,8.13,8.42,-0.29,-3.44,206755.28,168629.558,1.56,23.78,7.72,8.6,10.14,11.02,11.9,10.09,6.47
20141226,8.64,8.74,8.33,8.42,8.64,-0.22,-2.55,218410.09,185522.115,1.56,23.78,7.72,8.6,10.14,11.02,11.9,10.14,10.73
20141225,8.59,8.75,8.49,8.64,8.51,0.13,1.53,154454.2,132988.582,1.56,23.78,7.72,8.82,10.14,11.02,11.9,10.18,14.01
20141224,8.51,8.64,8.45,8.51,8.47,0.04,0.47,116258.95,99097.895,1.56,23.78,7.72,8.82,10.14,11.02,11.9,10.22,9.0
20141223,8.58,8.77,8.41,8.47,8.68,-0.21,-2.42,136727.98,118047.239,1.56,23.78,7.72,9.04,10.14,11.02,11.9,10.24,8.4
20141222,9.6,9.63,8.68,8.68,9.64,-0.96,-9.96,249778.33,222425.278,1.56,23.78,7.72,9.04,10.36,11.02,11.9,10.27,9.58
20141219,9.92,9.92,9.52,9.64,9.95,-0.31,-3.12,178057.08,172451.542,1.56,23.78,7.72,9.26,10.36,11.02,11.9,10.3,17.98
20141218,9.9,10.12,9.81,9.95,9.91,0.04,0.4,121382.95,121309.989,1.56,23.78,7.72,9.26,10.36,11.02,11.9,10.32,32.21
20141217,10.15,10.17,9.77,9.91,10.2,-0.29,-2.84,201692.22,199697.18,1.56,23.78,7.72,9.26,10.36,11.02,11.9,10.32,21.03
20141216,10.15,10.37,10.1,10.2,10.15,0.05,0.49,148042.57,151197.134,1.56,23.78,7.72,9.26,10.36,11.02,11.9,10.33,44.35
20141215,10.28,10.38,10.06,10.15,10.35,-0.2,-1.93,240882.91,245371.762,1.56,23.78,7.5,9.04,10.36,11.02,11.9,10.33,43.97
20141212,10.24,10.47,10.2,10.35,10.2,0.15,1.47,166967.52,172713.091,1.56,23.78,7.5,9.04,10.36,11.02,11.9,10.33,43.37
20141211,10.04,10.2,9.88,10.2,10.08,0.12,1.19,245196.55,246014.489,1.56,23.78,7.5,9.04,10.36,11.24,11.9,10.32,43.35
20141210,9.88,10.14,9.76,10.08,9.86,0.22,2.23,128533.11,128205.803,1.56,23.78,7.5,9.04,10.36,11.24,11.9,10.33,30.88
20141209,10.0,10.36,9.71,9.86,10.0,-0.14,-1.4,224432.26,224696.62,1.56,23.78,7.5,9.04,10.36,11.24,11.9,10.33,22.92
20141208,9.97,10.18,9.67,10.0,9.99,0.01,0.1,235734.25,233769.094,1.56,23.78,7.5,9.04,10.36,11.24,11.9,10.34,28.8
20141205,10.47,10.47,9.95,9.99,10.5,-0.51,-4.86,208571.71,210766.61,1.56,23.78,7.5,9.04,10.36,11.24,11.9,10.35,27.37
20141204,10.6,10.71,10.43,10.5,10.55,-0.05,-0.47,189949.73,200564.746,1.56,23.78,7.5,8.82,10.58,11.24,11.9,10.35,49.85
20141203,10.39,10.59,10.01,10.55,10.37,0.18,1.74,229042.99,234982.65,1.56,23.78,7.5,8.82,10.36,11.24,11.9,10.34,50.05
20141202,10.41,10.66,10.3,10.37,10.39,-0.02,-0.19,138219.25,145154.496,1.56,23.78,7.5,8.82,10.58,11.24,11.9,10.33,49.08
20141201,10.4,10.48,10.22,10.39,10.59,-0.2,-1.89,162979.47,168332.37,1.56,23.78,7.5,8.82,10.58,11.24,11.9,10.33,48.83
20141128,10.8,10.8,10.4,10.59,10.87,-0.28,-2.58,232106.13,245167.423,1.56,23.78,7.28,8.82,10.58,11.24,11.9,10.32,59.42
20141127,11.21,11.28,10.79,10.87,11.21,-0.34,-3.03,237073.2,259866.804,1.56,23.78,7.28,8.82,10.58,11.24,11.9,10.32,69.92
20141126,10.92,11.3,10.87,11.21,10.96,0.25,2.28,205541.87,228094.015,1.56,23.78,7.28,8.82,10.58,11.24,11.9,10.28,81.25
20141125,11.05,11.1,10.81,10.96,11.02,-0.06,-0.54,136932.0,149808.349,1.56,23.78,7.28,8.6,10.36,11.24,11.9,10.26,72.59
20141124,11.1,11.17,10.85,11.02,10.96,0.06,0.55,227010.33,249748.316,1.56,23.78,7.28,8.6,10.36,11.24,11.9,10.24,73.18
20141121,10.5,10.99,10.46,10.96,10.52,0.44,4.18,195641.44,210362.902,1.56,23.78,7.28,8.6,10.36,11.24,11.9,10.21,74.19
20141120,10.41,10.76,10.41,10.52,10.51,0.01,0.1,125117.92,132627.933,1.56,23.78,7.28,8.6,10.36,11.24,11.9,10.19,55.1
20141119,10.02,10.59,9.95,10.51,9.99,0.52,5.21,226903.2,234115.979,1.56,23.78,7.28,8.6,10.36,11.24,11.9,10.18,55.84
20141118,9.89,10.08,9.81,9.99,9.98,0.01,0.1,82098.84,81859.165,1.56,23.78,7.28,8.38,10.36,11.24,11.9,10.17,37.06
20141117,9.95,10.15,9.6,9.98,9.95,0.03,0.3,156069.77,153152.765,1.56,23.78,7.28,8.38,10.36,11.46,11.9,10.18,36.46
20141114,10.28,10.32,9.85,9.95,10.28,-0.33,-3.21,155584.02,156349.204,1.56,23.78,7.28,8.38,10.36,11.46,11.9,10.18,35.49
20141113,10.3,10.49,10.16,10.28,10.29,-0.01,-0.1,93284.71,96286.94,1.56,23.78,7.28,8.38,10.36,11.46,11.9,10.18,41.42
20141112,10.15,10.49,10.1,10.29,10.19,0.1,0.98,103605.64,107108.048,1.56,23.78,7.28,8.38,10.36,11.46,11.9,10.17,41.37
20141111,10.67,10.74,9.9,10.19,10.71,-0.52,-4.86,191876.41,198037.32,1.56,23.78,7.28,8.38,10.36,11.46,11.9,10.17,41.06
20141110,10.32,10.82,10.32,10.71,10.29,0.42,4.08,193869.98,205752.531,1.56,23.78,7.28,8.16,10.36,11.46,11.9,10.16,60.14
20141107,10.6,10.7,10.21,10.29,10.54,-0.25,-2.37,134407.2,141224.644,1.56,23.78,7.28,8.16,10.36,11.46,11.9,10.15,41.66
20141106,10.34,10.69,10.31,10.54,10.35,0.19,1.84,166489.0,175795.142,1.56,23.78,7.06,8.16,10.36,11.46,11.9,10.14,51.05
20141105,10.45,10.46,10.14,10.35,10.46,-0.11,-1.05,146457.92,150798.896,1.56,23.78,7.06,8.16,10.36,11.46,11.9,10.13,43.09
20141104,10.88,10.88,10.29,10.46,10.88,-0.42,-3.86,194864.48,206444.826,1.56,23.78,7.06,8.16,10.58,11.46,11.9,10.12,49.94
20141103,10.8,11.13,10.64,10.88,10.94,-0.06,-0.55,198603.55,214758.795,1.56,23.78,7.06,7.94,10.36,11.46,11.9,10.1,66.28
20141031,11.42,11.47,10.71,10.94,11.44,-0.5,-4.37,252290.24,278247.594,1.56,23.78,7.06,7.94,10.36,11.46,11.9,10.08,66.45
20141030,11.5,11.73,11.28,11.44,11.64,-0.2,-1.72,299029.56,343008.145,1.56,23.78,7.06,7.94,10.36,11.46,11.9,10.03,81.67
20141029,11.13,11.67,10.89,11.64,11.13,0.51,4.58,313316.24,354433.25,1.56,23.78,7.06,7.94,10.36,11.46,11.9,9.96,88.28
20141028,11.17,11.2,10.83,11.13,11.14,-0.01,-0.09,228949.98,252917.791,1.56,23.78,7.06,7.94,10.14,11.24,11.9,9.9,81.8
20141027,11.16,11.42,10.76,11.14,11.17,-0.03,-0.27,212483.66,233774.207,1.56,23.78,7.06,7.94,10.14,11.24,11.9,9.85,81.68
20141024,10.57,11.29,10.42,11.17,10.76,0.41,3.81,335956.74,365921.291,1.56,23.78,7.06,7.94,9.92,11.46,11.9,9.82,81.77
20141023,11.84,11.9,10.76,10.76,11.95,-1.19,-9.96,313052.19,352303.076,1.56,23.78,6.84,7.72,9.7,11.46,12.12,9.75,72.69
20141022,11.79,12.16,11.65,11.95,11.82,0.13,1.1,183854.93,218791.903,1.56,23.78,6.84,7.72,9.48,11.24,12.12,9.68,94.95
20141021,11.99,12.06,11.65,11.82,12.14,-0.32,-2.64,276357.56,327233.336,1.56,23.78,6.84,7.72,9.48,11.02,11.9,9.61,93.06
20141020,11.3,12.16,11.13,12.14,11.26,0.88,7.82,414064.94,487096.658,1.56,23.78,6.84,7.72,9.26,10.8,11.9,9.52,96.43
20141017,10.62,11.36,10.46,11.26,10.53,0.73,6.93,395791.75,432895.653,1.56,23.78,6.62,7.72,9.26,10.58,11.02,9.38,96.02
20141016,10.83,10.87,10.51,10.53,10.86,-0.33,-3.04,179280.99,191782.428,1.56,23.78,6.4,7.5,9.04,10.58,11.02,9.28,82.17
20141015,10.3,11.12,10.28,10.86,10.4,0.46,4.42,302010.37,325890.163,1.56,23.78,6.4,7.5,9.04,10.58,11.02,9.24,94.14
20141014,10.3,10.71,10.29,10.4,10.38,0.02,0.19,133438.42,140066.861,1.56,23.78,6.4,7.5,9.04,10.36,11.02,9.17,86.88
20141013,10.6,10.6,10.18,10.38,10.77,-0.39,-3.62,194047.14,200894.301,1.56,23.78,6.18,7.5,9.04,10.36,11.02,9.14,87.38
20141010,10.8,11.05,10.69,10.77,10.88,-0.11,-1.01,146574.46,159038.349,1.56,23.78,6.18,7.5,9.04,10.36,11.02,9.1,92.22
20141009,10.55,11.07,10.45,10.88,10.57,0.31,2.93,228862.17,247015.751,1.56,23.78,6.18,7.5,9.04,10.36,10.8,9.06,95.37
20141008,10.62,10.64,10.42,10.57,10.59,-0.02,-0.19,136941.89,144058.636,1.56,23.78,6.18,7.5,9.04,10.36,10.58,9.0,92.46
20140930,10.25,10.67,10.09,10.59,10.26,0.33,3.22,239167.45,250166.261,1.56,23.78,6.18,7.5,8.82,10.14,10.58,8.96,95.71
20140929,10.21,10.4,10.0,10.26,10.21,0.05,0.49,217766.22,220825.507,1.56,23.78,6.18,7.5,8.82,10.14,10.58,8.91,87.82
20140926,10.41,10.55,10.14,10.21,10.49,-0.28,-2.67,255815.67,263402.36,1.56,23.78,5.96,7.5,8.82,10.14,10.58,8.86,88.71
20140925,10.38,10.55,10.2,10.49,10.33,0.16,1.55,255104.15,265068.877,1.56,23.78,5.96,7.28,8.82,9.7,10.58,8.8,94.58
20140924,9.91,10.66,9.91,10.33,9.97,0.36,3.61,383671.91,396908.374,1.56,23.78,5.96,7.28,8.82,9.48,10.58,8.73,93.43
20140923,9.41,10.08,9.41,9.97,9.41,0.56,5.95,371824.9,365915.66,1.56,23.78,5.96,7.28,8.6,9.26,9.92,8.63,95.15
20140922,9.3,9.62,9.2,9.41,9.28,0.13,1.4,184993.47,173886.203,1.56,23.78,5.74,7.28,8.6,9.26,9.92,8.56,89.58
20140919,9.26,9.37,9.15,9.28,9.23,0.05,0.54,84601.77,78423.831,1.56,23.78,5.74,7.28,8.6,9.26,9.92,8.53,90.39
20140918,9.1,9.34,8.96,9.23,9.11,0.12,1.32,124387.49,114225.054,1.56,23.78,5.74,7.28,8.6,9.26,9.92,8.52,80.76
20140917,9.08,9.22,8.89,9.11,9.11,0.0,0.0,131016.5,118738.38,1.56,23.78,5.74,7.28,8.6,9.26,9.92,8.5,81.12
20140916,9.6,9.65,8.9,9.11,9.47,-0.36,-3.8,261770.82,244220.772,1.56,23.78,5.74,7.28,8.6,9.26,9.92,8.49,81.09
20140915,9.2,9.48,9.11,9.47,9.2,0.27,2.93,232646.91,216747.332,1.56,23.78,5.74,7.28,8.38,9.26,9.92,8.45,91.19
20140912,8.82,9.37,8.71,9.2,8.82,0.38,4.31,264255.95,239253.175,1.56,23.78,5.74,7.28,8.38,9.04,9.92,8.42,85.6
20140911,9.05,9.18,8.78,8.82,9.08,-0.26,-2.86,203140.6,181617.813,1.56,23.78,5.74,7.28,8.16,9.04,9.92,8.38,63.67
20140910,9.05,9.21,8.95,9.08,9.04,0.04,0.44,135947.99,123505.369,1.56,23.78,5.74,7.28,8.16,9.04,9.92,8.35,86.05
20140909,8.76,9.06,8.7,9.04,8.79,0.25,2.84,161674.53,143626.478,1.56,23.78,5.74,7.06,8.16,9.04,9.92,8.34,77.41
20140905,8.88,8.88,8.7,8.79,8.86,-0.07,-0.79,141352.7,123966.099,1.56,23.78,5.52,7.06,8.16,9.04,9.92,8.32,67.95
20140904,9.0,9.07,8.75,8.86,8.99,-0.13,-1.45,189686.93,167939.36,1.56,23.78,5.52,7.06,8.16,9.04,9.92,8.3,77.59
20140903,8.97,9.16,8.95,8.99,8.97,0.02,0.22,139555.35,125960.98,1.56,23.78,5.52,7.06,8.16,9.04,9.92,8.28,78.06
20140902,9.07,9.15,8.86,8.97,8.99,-0.02,-0.22,174147.58,156002.009,1.56,23.78,5.52,7.06,7.94,9.04,9.92,8.26,78.8
20140901,8.83,9.03,8.73,8.99,8.81,0.18,2.04,106090.63,94921.108,1.56,23.78,5.52,7.06,7.94,9.04,9.92,8.24,79.72
20140829,8.5,8.82,8.48,8.81,8.5,0.31,3.65,84554.97,73851.128,1.56,23.78,5.52,7.06,7.94,9.04,9.92,8.22,74.31
20140828,8.52,8.67,8.39,8.5,8.6,-0.1,-1.16,68918.32,58747.917,1.56,23.78,5.52,7.06,7.94,9.04,9.92,8.21,67.04
20140827,8.54,8.72,8.51,8.6,8.54,0.06,0.7,82605.91,70864.463,1.56,23.78,5.52,7.06,7.94,9.04,9.92,8.21,67.31
20140826,8.62,8.86,8.47,8.54,8.71,-0.17,-1.95,100883.53,86855.177,1.56,23.78,5.52,7.06,7.94,9.26,9.92,8.2,67.62
20140825,9.05,9.06,8.65,8.71,9.1,-0.39,-4.29,154043.43,135789.47,1.56,23.78,5.52,7.06,7.94,9.26,10.14,8.19,74.09
20140822,8.95,9.36,8.88,9.1,9.05,0.05,0.55,123586.88,112928.825,1.56,23.78,5.52,7.06,7.94,9.26,10.14,8.17,84.59
20140821,9.12,9.27,8.88,9.05,9.23,-0.18,-1.95,169012.65,153094.962,1.56,23.78,5.52,7.06,7.94,9.04,10.14,8.15,85.04
20140820,9.2,9.49,9.02,9.23,9.28,-0.05,-0.54,223837.45,207326.274,1.56,23.78,5.52,7.06,7.94,9.04,10.14,8.12,85.66
20140819,8.94,9.5,8.94,9.28,8.87,0.41,4.62,312383.01,290354.104,1.56,23.78,5.52,7.06,7.94,8.82,10.14,8.08,90.83
20140818,8.85,8.93,8.67,8.87,8.77,0.1,1.14,168574.77,148387.586,1.56,23.78,5.52,6.84,7.72,8.6,10.14,8.01,88.84
20140815,8.48,8.89,8.38,8.77,8.45,0.32,3.79,196767.67,170714.332,1.56,23.78,5.52,6.84,7.72,8.6,10.14,7.98,86.22
20140814,8.47,8.77,8.4,8.45,8.48,-0.03,-0.35,252205.85,216766.335,1.56,23.78,5.52,6.84,7.72,8.6,10.14,7.95,82.92
20140813,8.11,8.52,8.04,8.48,8.11,0.37,4.56,197589.99,164041.335,1.56,23.78,5.52,6.84,7.72,8.6,10.14,7.92,84.46
20140812,8.12,8.25,8.06,8.11,8.13,-0.02,-0.25,109770.06,89346.882,1.56,23.78,5.3,6.84,7.72,8.6,10.14,7.9,71.82
20140811,7.96,8.14,7.92,8.13,7.94,0.19,2.39,119459.0,96464.087,1.56,23.78,5.3,6.62,7.72,8.6,10.14,7.9,72.31
20140808,7.77,7.94,7.77,7.94,7.77,0.17,2.19,95051.58,74796.177,1.56,23.78,5.3,6.62,7.72,8.6,10.14,7.89,58.59
20140807,7.89,7.93,7.75,7.77,7.92,-0.15,-1.89,99640.19,77869.047,1.56,23.78,5.3,6.62,7.72,8.6,10.14,7.89,58.41
20140806,7.95,7.96,7.75,7.92,7.96,-0.04,-0.5,126670.88,99234.441,1.56,23.78,5.3,6.62,7.72,8.6,10.14,7.88,58.22
20140805,8.09,8.1,7.89,7.96,8.08,-0.12,-1.49,77822.97,61974.385,1.56,23.78,5.3,6.62,7.72,8.6,10.14,7.88,71.15
20140804,7.9,8.13,7.9,8.08,7.91,0.17,2.15,94658.64,76290.31,1.56,23.78,5.3,6.62,7.5,8.6,10.14,7.87,71.0
20140801,8.14,8.16,7.84,7.91,8.17,-0.26,-3.18,101239.0,80900.309,1.56,23.78,5.3,6.62,7.5,8.6,10.14,7.87,59.66
20140731,8.15,8.19,8.07,8.17,8.13,0.04,0.49,51174.58,41551.06,1.56,23.78,5.3,6.4,7.5,8.6,10.14,7.86,78.65
20140730,8.23,8.3,8.03,8.13,8.28,-0.15,-1.81,90251.41,73429.855,1.56,23.78,5.3,6.4,7.5,8.6,10.14,7.86,70.87
20140729,8.18,8.45,8.15,8.28,8.18,0.1,1.22,104411.33,87008.934,1.56,23.78,5.3,6.4,7.5,8.6,10.14,7.85,78.46
20140728,8.18,8.23,8.07,8.18,8.11,0.07,0.86,88101.56,71907.062,1.56,23.78,5.3,6.4,7.5,8.6,10.14,7.84,78.75
20140725,7.99,8.26,7.95,8.11,7.9,0.21,2.66,104048.74,84715.995,1.56,23.78,5.3,6.4,7.5,8.6,10.14,7.83,72.98
20140724,8.05,8.11,7.85,7.9,8.05,-0.15,-1.86,70505.36,56126.899,1.56,23.78,5.3,6.4,7.5,8.82,10.14,7.83,64.27
20140723,8.04,8.16,7.9,8.05,7.99,0.06,0.75,84661.59,67894.907,1.56,23.78,5.3,6.4,7.5,8.82,10.14,7.82,73.35
20140722,7.71,8.01,7.65,7.99,7.81,0.18,2.3,110646.66,87435.313,1.56,23.78,5.3,6.4,7.5,8.82,10.14,7.82,73.23
20140721,7.94,8.17,7.73,7.81,7.88,-0.07,-0.89,164270.67,131704.104,1.56,23.78,5.3,6.18,7.5,8.82,10.14,7.81,65.53
20140718,7.88,8.08,7.81,7.88,7.86,0.02,0.25,149843.0,119065.906,1.56,23.78,5.3,6.18,7.5,8.82,10.14,7.8,66.92
20140717,7.64,8.0,7.56,7.86,7.63,0.23,3.01,225466.79,176490.757,1.56,23.78,5.3,6.18,7.5,8.82,10.14,7.79,68.11
20140716,7.57,7.72,7.51,7.63,7.61,0.02,0.26,170491.43,129917.608,1.56,23.78,5.3,6.18,7.5,8.82,10.14,7.78,61.17
20140715,7.5,7.72,7.41,7.61,7.81,-0.2,-2.56,283588.31,214622.08,1.56,23.78,5.3,6.18,7.5,8.82,10.14,7.78,60.89
20140714,7.12,7.81,7.11,7.81,7.1,0.71,10.0,426912.71,327171.653,1.56,23.78,5.3,6.18,7.5,8.82,10.14,7.77,66.5
20140711,7.0,7.16,7.0,7.1,6.98,0.12,1.72,51971.74,36881.364,1.56,23.78,5.3,5.96,7.5,9.04,10.36,7.78,34.51
20140710,7.06,7.12,6.97,6.98,7.05,-0.07,-0.99,45577.55,31996.447,1.56,23.78,5.3,5.96,7.5,9.04,10.36,7.78,25.99
20140709,7.2,7.23,7.02,7.05,7.18,-0.13,-1.81,52628.97,37348.515,1.56,23.78,5.3,5.96,7.5,9.04,10.36,7.79,25.88
20140708,7.11,7.22,7.06,7.18,7.15,0.03,0.42,41181.56,29450.204,1.56,23.78,5.3,5.96,7.5,9.04,10.36,7.79,33.4
20140707,7.12,7.23,7.1,7.15,7.1,0.05,0.7,43600.79,31212.64,1.56,23.78,5.3,5.96,7.5,9.04,10.36,7.79,33.17
20140704,7.26,7.27,7.04,7.1,7.27,-0.17,-2.34,74247.2,52978.224,1.56,23.78,5.3,5.96,7.5,9.04,10.36,7.79,32.92
20140703,7.27,7.33,7.21,7.27,7.35,-0.08,-1.09,55363.36,40172.574,1.56,23.78,5.3,5.96,7.5,9.04,10.36,7.8,32.37
20140702,7.5,7.57,7.18,7.35,7.55,-0.2,-2.65,161551.02,118484.144,1.56,23.78,5.3,5.96,7.5,9.04,10.36,7.8,46.54
20140701,7.3,7.64,7.21,7.55,7.3,0.25,3.42,100261.74,75056.844,1.56,23.78,5.3,5.96,7.5,9.04,10.36,7.8,56.49
20140630,7.3,7.31,7.12,7.3,7.29,0.01,0.14,37855.71,27323.474,1.56,23.78,5.08,5.96,7.5,9.04,10.36,7.8,46.03
20140627,7.4,7.44,7.27,7.29,7.39,-0.1,-1.35,39867.09,29198.465,1.56,23.78,5.08,5.96,7.5,9.04,10.36,7.8,45.79
20140626,7.36,7.44,7.33,7.39,7.36,0.03,0.41,34730.91,25648.962,1.56,23.78,5.08,5.96,7.5,9.04,10.36,7.8,45.56
20140625,7.27,7.43,7.23,7.36,7.27,0.09,1.24,62524.73,46112.877,1.56,23.78,5.08,5.96,7.5,9.04,10.36,7.8,45.43
20140624,7.01,7.32,7.0,7.27,7.0,0.27,3.86,51428.95,36902.41,1.56,23.78,5.08,5.96,7.5,9.04,10.36,7.8,33.57
20140623,6.85,7.06,6.85,7.0,6.85,0.15,2.19,35602.82,24767.453,1.56,23.78,5.08,5.74,7.5,9.04,10.36,7.81,28.35
20140620,6.8,6.94,6.74,6.85,6.85,0.0,0.0,41659.07,28451.597,1.56,23.78,5.08,5.74,7.5,9.04,10.36,7.81,28.11
20140619,7.2,7.27,6.81,6.85,7.19,-0.34,-4.73,54748.45,38394.757,1.56,23.78,5.08,5.74,7.5,9.04,10.36,7.81,27.73
20140618,7.21,7.29,7.17,7.19,7.24,-0.05,-0.69,36384.56,26290.382,1.56,23.78,5.08,5.74,7.5,9.04,10.36,7.82,32.15
20140617,7.39,7.41,7.21,7.24,7.34,-0.1,-1.36,47729.55,34791.337,1.56,23.78,5.08,5.74,7.5,9.04,10.36,7.82,32.09
20140616,7.26,7.41,7.26,7.34,7.29,0.05,0.69,43190.9,31642.882,1.56,23.78,5.08,5.74,7.5,9.04,10.36,7.82,43.21
20140613,7.26,7.4,7.2,7.29,7.29,0.0,0.0,46709.12,34217.918,1.56,23.78,5.08,5.74,7.5,9.04,10.36,7.82,42.95
20140612,7.45,7.45,7.18,7.29,7.47,-0.18,-2.41,73593.75,53545.726,1.56,23.78,5.08,5.74,7.5,9.04,10.36,7.82,42.67
20140611,7.47,7.66,7.4,7.47,7.48,-0.01,-0.13,80642.63,60595.194,1.56,23.78,5.08,5.74,7.5,9.26,10.36,7.82,42.22
20140610,7.37,7.5,7.3,7.48,7.37,0.11,1.49,38133.89,28431.262,1.56,23.78,5.08,5.74,7.5,9.26,10.36,7.82,42.55
20140609,7.36,7.47,7.26,7.37,7.47,-0.1,-1.34,35921.79,26434.868,1.56,23.78,5.08,5.74,7.5,9.26,10.36,7.83,42.39
20140606,7.46,7.51,7.29,7.47,7.53,-0.06,-0.8,54999.74,40649.028,1.56,23.78,5.08,5.74,7.5,9.26,10.36,7.83,42.17
20140605,7.45,7.6,7.4,7.53,7.51,0.02,0.27,73524.81,55003.824,1.56,23.78,5.08,5.74,7.5,9.26,10.36,7.83,51.26
20140604,7.63,7.81,7.45,7.51,7.59,-0.08,-1.05,69122.84,52655.899,1.56,23.78,5.08,5.74,7.5,9.26,10.36,7.83,50.85
20140603,7.85,7.85,7.55,7.59,7.77,-0.18,-2.32,109010.48,83346.197,1.56,23.78,5.08,5.74,7.5,9.26,10.36,7.83,50.76
20140530,7.52,7.88,7.46,7.77,7.6,0.17,2.24,83774.37,64131.1,1.56,23.78,5.08,5.74,7.5,9.26,10.36,7.82,56.44
20140529,7.5,7.65,7.34,7.6,7.54,0.06,0.8,115493.26,86818.485,1.56,23.78,5.08,5.74,7.5,9.26,10.36,7.82,50.76
20140528,7.14,7.61,7.09,7.54,7.22,0.32,4.43,133405.15,99092.021,1.56,23.78,5.08,5.74,7.5,9.26,10.36,7.82,50.19
20140527,7.41,7.45,7.18,7.22,7.55,-0.33,-4.37,126921.45,92710.243,1.56,23.78,5.08,5.74,7.72,9.26,10.36,7.82,36.1
20140526,7.25,7.56,7.21,7.55,7.08,0.47,6.64,76724.59,56569.249,1.56,23.78,5.08,5.74,7.72,9.26,10.36,7.83,48.54
20140523,6.99,7.11,6.88,7.08,6.95,0.13,1.87,22010.47,15420.127,1.56,23.78,5.08,5.74,7.72,9.26,10.36,7.83,36.84
20140522,6.99,7.11,6.93,6.95,6.98,-0.03,-0.43,20766.65,14618.36,1.56,23.78,5.08,5.74,7.72,9.26,10.36,7.83,32.41
20140521,6.76,6.98,6.75,6.98,6.82,0.16,2.35,17627.44,12164.091,1.56,23.78,5.08,5.74,7.72,9.26,10.36,7.83,32.38
20140520,6.75,6.93,6.75,6.82,6.7,0.12,1.79,19283.79,13209.774,1.56,23.78,5.08,5.74,7.72,9.26,10.36,7.84,29.31
20140519,6.72,6.85,6.7,6.7,6.77,-0.07,-1.03,18101.77,12219.15,1.56,23.78,5.08,5.74,7.72,9.26,10.36,7.84,29.35
20140516,6.84,6.94,6.69,6.77,6.88,-0.11,-1.6,23972.04,16222.874,1.56,23.78,5.08,5.74,7.72,9.26,10.36,7.84,29.32
20140515,7.12,7.19,6.77,6.88,7.16,-0.28,-3.91,50978.03,35167.657,1.56,23.78,5.08,5.74,7.72,9.26,10.36,7.84,31.73
20140514,7.16,7.2,7.11,7.16,7.15,0.01,0.14,13001.79,9292.817,1.56,23.78,5.08,5.74,7.72,9.26,10.36,7.85,35.36
20140513,7.13,7.32,7.08,7.15,7.13,0.02,0.28,20846.32,15030.86,1.56,23.78,5.08,5.74,7.72,9.26,10.36,7.84,35.29
20140512,7.1,7.15,7.0,7.13,6.99,0.14,2.0,26878.43,19062.35,1.56,23.78,5.08,5.74,7.72,9.26,10.36,7.85,35.26
20140509,6.97,7.1,6.93,6.99,6.97,0.02,0.29,15567.24,10932.872,1.56,23.78,5.08,5.74,7.72,9.26,10.36,7.85,31.7
20140508,6.89,7.14,6.89,6.97,6.91,0.06,0.87,32611.92,22935.115,1.56,23.78,5.08,5.74,7.72,9.26,10.36,7.85,31.68
20140507,7.3,7.3,6.9,6.91,7.33,-0.42,-5.73,64828.97,45720.849,1.56,23.78,5.08,5.74,7.72,9.26,10.36,7.85,31.63
20140506,7.36,7.47,7.27,7.33,7.38,-0.05,-0.68,34044.57,25124.316,1.56,23.78,5.08,5.74,7.72,9.26,10.36,7.86,40.04
20140505,7.43,7.5,7.22,7.38,7.45,-0.07,-0.94,33319.86,24490.549,1.56,23.78,5.08,5.74,7.72,9.26,10.36,7.86,39.82
20140430,7.21,7.46,7.1,7.45,7.22,0.23,3.19,58990.71,43394.325,1.56,23.78,5.08,5.74,7.72,9.26,10.36,7.86,39.61
20140429,7.1,7.35,7.01,7.22,7.08,0.14,1.98,41414.74,29837.184,1.56,23.78,5.08,5.74,7.72,9.26,10.36,7.86,34.7
20140428,6.86,7.21,6.61,7.08,6.88,0.2,2.91,95151.31,66169.175,1.56,23.78,5.08,5.74,7.72,9.26,10.36,7.86,34.53
20140425,7.24,7.3,6.87,6.88,7.25,-0.37,-5.1,76234.92,53846.77,1.56,23.78,5.08,5.52,7.94,9.26,10.36,7.87,31.79
20140424,7.5,7.5,7.23,7.25,7.45,-0.2,-2.68,36028.04,26379.587,1.56,23.78,5.08,5.52,7.94,9.26,10.36,7.88,33.4
20140423,7.51,7.53,7.36,7.45,7.51,-0.06,-0.8,33673.69,25061.563,1.56,23.78,5.08,5.52,7.94,9.26,10.36,7.88,37.22
20140422,7.81,7.9,7.41,7.51,7.82,-0.31,-3.96,69580.51,52717.436,1.56,23.78,5.08,5.52,7.94,9.26,10.36,7.88,42.47
20140421,7.86,8.1,7.8,7.82,7.92,-0.1,-1.26,41942.58,33147.336,1.56,23.78,5.08,5.52,7.94,9.26,10.36,7.88,47.96
20140418,8.17,8.17,7.78,7.92,8.14,-0.22,-2.7,56749.95,44980.594,1.56,23.78,5.08,5.52,7.94,9.26,10.36,7.88,47.99
20140417,8.09,8.17,8.06,8.14,8.1,0.04,0.49,28159.54,22868.389,1.56,23.78,5.08,5.52,7.94,9.26,10.36,7.87,54.28
20140416,8.11,8.17,8.03,8.1,8.13,-0.03,-0.37,23485.3,18985.062,1.56,23.78,5.08,5.52,7.94,9.26,10.36,7.87,54.32
20140415,8.47,8.5,8.09,8.13,8.47,-0.34,-4.01,68249.98,56133.555,1.56,23.78,5.08,5.52,7.94,9.26,10.36,7.87,54.36
20140414,8.4,8.51,8.4,8.47,8.43,0.04,0.47,24881.98,20999.526,1.56,23.78,5.08,5.52,7.94,9.26,10.36,7.86,68.64
20140411,8.69,8.69,8.38,8.43,8.57,-0.14,-1.63,30138.9,25593.728,1.56,23.78,5.08,5.52,7.94,9.26,10.36,7.86,68.66
20140410,8.5,8.63,8.45,8.57,8.5,0.07,0.82,34710.13,29633.189,1.56,23.78,5.08,5.52,7.94,9.26,10.36,7.86,68.78
20140409,8.48,8.77,8.44,8.5,8.56,-0.06,-0.7,55445.75,47719.72,1.56,23.78,5.08,5.52,7.94,9.26,10.36,7.85,68.92
20140408,8.2,8.66,8.15,8.56,8.27,0.29,3.51,77811.88,66496.023,1.56,23.78,5.08,5.52,7.94,9.26,10.36,7.84,69.36
20140404,7.97,8.34,7.97,8.27,8.03,0.24,2.99,51814.44,42689.049,1.56,23.78,5.08,5.52,7.72,9.48,10.36,7.83,63.28
20140403,7.92,8.2,7.88,8.03,7.92,0.11,1.39,43233.28,34844.668,1.56,23.78,5.08,5.52,7.72,9.48,10.36,7.83,56.83
20140402,8.06,8.13,7.86,7.92,8.06,-0.14,-1.74,43835.24,35007.948,1.56,23.78,5.08,5.52,7.72,9.48,10.36,7.82,51.1
20140401,8.02,8.15,7.93,8.06,8.06,0.0,0.0,37668.76,30390.058,1.56,23.78,5.08,5.52,7.72,9.48,10.36,7.82,56.64
20140331,8.01,8.22,7.8,8.06,7.94,0.12,1.51,78863.75,63229.182,1.56,23.78,5.08,5.52,7.72,9.48,10.36,7.82,56.52
20140328,7.76,7.97,7.68,7.94,7.78,0.16,2.06,89190.5,69747.911,1.56,23.78,5.08,5.52,7.72,9.48,10.36,7.81,52.02
20140327,8.15,8.22,7.7,7.78,8.17,-0.39,-4.77,135851.58,107093.679,1.56,23.78,5.08,5.52,7.72,9.48,10.36,7.81,51.93
20140326,8.5,8.71,8.15,8.17,8.52,-0.35,-4.11,174298.66,148349.405,1.56,23.78,5.08,5.52,7.72,9.48,10.36,7.8,61.14
20140325,8.3,8.7,8.2,8.52,8.31,0.21,2.53,114168.92,96514.091,1.56,23.78,5.08,5.52,7.72,9.48,10.36,7.78,67.52
20140324,8.25,8.39,8.13,8.31,8.2,0.11,1.34,75885.52,62728.012,1.56,23.78,5.08,5.52,7.72,9.48,10.36,7.76,62.93
20140321,8.09,8.4,7.99,8.2,8.26,-0.06,-0.73,96560.05,78942.848,1.56,23.78,5.08,5.52,7.5,9.48,10.36,7.75,62.93
20140320,8.4,8.63,8.25,8.26,8.42,-0.16,-1.9,92467.04,78238.138,1.56,23.78,5.08,5.52,7.5,9.48,10.36,7.74,63.03
20140319,8.86,8.96,8.24,8.42,8.9,-0.48,-5.39,158375.62,134195.667,1.56,23.78,5.08,5.52,7.5,9.48,10.36,7.72,67.09
20140318,8.86,9.17,8.72,8.9,8.85,0.05,0.57,135611.28,121283.68,1.56,23.78,5.08,5.52,7.5,9.48,10.36,7.71,74.34
20140317,8.9,9.09,8.4,8.85,9.18,-0.33,-3.59,186462.27,164233.503,1.56,23.78,5.08,5.52,7.5,9.48,10.36,7.67,74.59
20140314,9.58,10.38,9.13,9.18,9.58,-0.4,-4.18,353675.45,345194.792,1.56,23.78,5.08,5.52,7.5,9.48,10.36,7.63,77.78
20140305,9.62,9.81,9.35,9.58,9.45,0.13,1.38,98651.09,94590.301,1.56,23.78,5.08,5.52,7.28,9.26,10.36,7.51,89.42
20140304,9.33,9.58,9.14,9.45,9.14,0.31,3.39,105649.86,99437.938,1.56,23.78,5.08,5.52,7.28,9.26,10.36,7.48,87.28
20140303,8.73,9.14,8.7,9.14,8.7,0.44,5.06,66971.16,60663.373,1.56,23.78,5.08,5.52,7.28,9.26,10.36,7.44,84.12
20140228,9.26,9.26,8.68,8.7,9.14,-0.44,-4.81,134600.67,118034.167,1.56,23.78,5.08,5.3,7.28,9.26,10.36,7.43,79.11
20140227,8.95,9.38,8.95,9.14,8.95,0.19,2.12,82484.25,75591.451,1.56,23.78,5.08,5.3,7.28,9.26,10.36,7.39,83.91
20140226,8.93,9.16,8.75,8.95,8.94,0.01,0.11,77459.27,69271.229,1.56,23.78,5.08,5.3,7.06,9.26,10.36,7.37,82.28
20140225,9.33,9.49,8.87,8.94,9.34,-0.4,-4.28,106873.74,98592.528,1.56,23.78,5.08,5.3,7.06,9.26,10.36,7.35,82.55
20140224,9.76,9.82,9.34,9.34,9.83,-0.49,-4.98,108670.95,102660.981,1.56,23.78,5.08,5.3,7.06,9.26,10.36,7.31,87.52
20140221,9.8,9.99,9.64,9.83,9.83,0.0,0.0,51924.02,50779.019,1.56,23.78,5.08,5.3,6.84,8.82,10.36,7.28,91.6
20140220,9.85,10.01,9.62,9.83,9.9,-0.07,-0.71,86143.09,84413.192,1.56,23.78,5.08,5.3,6.84,8.6,10.36,7.25,91.8
20140219,10.38,10.45,9.83,9.9,10.35,-0.45,-4.35,114017.72,114611.992,1.56,23.78,5.08,5.3,6.62,8.6,10.36,7.22,92.24
20140218,10.08,10.51,9.93,10.35,10.01,0.34,3.4,93045.04,95415.721,1.56,23.78,5.08,5.3,6.62,8.38,10.36,7.17,94.97
20140217,9.52,10.01,9.52,10.01,9.53,0.48,5.04,80337.0,79155.01,1.56,23.78,5.08,5.3,6.62,8.38,9.92,7.13,95.36
20140214,9.3,9.58,9.23,9.53,9.31,0.22,2.36,71656.3,67791.816,1.56,23.78,4.86,5.3,6.62,8.16,9.48,7.09,95.06
20140213,9.28,9.61,9.22,9.31,9.25,0.06,0.65,41568.26,39114.616,1.56,23.78,4.86,5.3,6.4,8.16,9.48,7.07,94.36
20140212,9.2,9.4,9.07,9.25,9.22,0.03,0.33,52892.75,48789.978,1.56,23.78,4.86,5.3,6.4,8.16,9.48,7.05,92.87
20140211,9.36,9.6,9.18,9.22,9.42,-0.2,-2.12,81541.88,76389.178,1.56,23.78,4.86,5.3,6.4,8.16,9.48,7.03,93.21
20140210,9.02,9.42,9.02,9.42,8.97,0.45,5.02,92978.57,87122.468,1.56,23.78,4.86,5.3,6.4,8.16,9.26,7.0,95.04
20140207,8.53,8.97,8.28,8.97,8.54,0.43,5.04,64796.79,57191.114,1.56,23.78,4.86,5.3,6.4,8.16,9.26,6.97,94.83
20140130,8.39,8.64,8.35,8.54,8.37,0.17,2.03,33697.26,28825.45,1.56,23.78,4.86,5.3,6.4,7.94,9.04,6.95,93.67
20140129,8.41,8.59,8.31,8.37,8.4,-0.03,-0.36,33460.5,28252.534,1.56,23.78,4.86,5.3,6.4,7.94,9.04,6.94,90.89
20140128,8.61,8.79,8.36,8.4,8.61,-0.21,-2.44,72865.85,62262.964,1.56,23.78,4.86,5.3,6.4,7.94,9.04,6.93,93.89
20140127,8.35,8.66,8.21,8.61,8.39,0.22,2.62,66894.15,56892.392,1.56,23.78,4.86,5.3,6.4,7.94,9.04,6.91,94.74
20140124,8.14,8.48,8.07,8.39,8.1,0.29,3.58,66310.92,54902.366,1.56,23.78,4.86,5.3,6.4,7.94,9.04,6.89,94.55
20140123,8.04,8.2,7.9,8.1,7.96,0.14,1.76,51281.08,41434.549,1.56,23.78,4.86,5.3,6.4,7.94,9.04,6.88,88.51
20140122,7.89,8.07,7.81,7.96,7.89,0.07,0.89,42150.81,33629.152,1.56,23.78,4.86,5.3,6.18,7.94,9.04,6.87,88.73
20140121,7.71,7.9,7.71,7.89,7.69,0.2,2.6,24167.94,18892.824,1.56,23.78,4.86,5.3,6.18,7.94,9.04,6.86,84.33
20140120,7.87,7.99,7.63,7.69,7.87,-0.18,-2.29,30894.13,23952.833,1.56,23.78,4.86,5.3,6.18,7.94,9.04,6.86,77.82
20140117,7.98,8.07,7.85,7.87,7.98,-0.11,-1.38,23950.01,19014.325,1.56,23.78,4.86,5.3,6.18,7.94,9.04,6.85,84.48
20140116,7.98,8.11,7.89,7.98,7.94,0.04,0.5,38344.72,30739.613,1.56,23.78,4.86,5.3,6.18,7.94,9.04,6.84,88.79
20140115,7.64,7.96,7.64,7.94,7.59,0.35,4.61,72077.15,56084.465,1.56,23.78,4.86,5.3,6.18,7.72,9.04,6.84,85.14
20140114,7.94,8.06,7.58,7.59,7.98,-0.39,-4.89,122311.79,95040.868,1.56,23.78,4.86,5.3,6.18,7.72,9.04,6.82,79.56
20140113,8.19,8.36,7.92,7.98,8.19,-0.21,-2.56,73343.52,59683.958,1.56,23.78,4.86,5.3,6.18,7.72,9.04,6.8,88.74
20140110,8.11,8.25,8.01,8.19,8.11,0.08,0.99,33743.87,27580.123,1.56,23.78,4.86,5.3,6.18,7.72,9.04,6.78,93.31
20140109,8.28,8.34,8.1,8.11,8.28,-0.17,-2.05,54784.72,45034.371,1.56,23.78,4.86,5.3,6.18,7.72,9.04,6.77,89.44
20140108,7.94,8.34,7.84,8.28,7.94,0.34,4.28,66050.56,54255.542,1.56,23.78,4.86,5.3,6.18,7.72,9.04,6.76,93.43
20140107,8.11,8.22,7.9,7.94,8.18,-0.24,-2.93,58712.48,47350.297,1.56,23.78,4.86,5.3,6.18,7.72,9.04,6.74,88.63
20140106,8.33,8.37,8.17,8.18,8.33,-0.15,-1.8,44592.65,36798.467,1.56,23.78,4.86,5.3,6.18,7.72,9.04,6.73,93.48
20140103,8.27,8.39,8.13,8.33,8.33,0.0,0.0,60371.03,49690.539,1.56,23.78,4.86,5.3,6.18,7.72,9.04,6.72,93.65
20140102,8.2,8.44,8.2,8.33,8.24,0.09,1.09,52815.19,43974.964,1.56,23.78,4.86,5.3,6.18,7.5,9.04,6.7,93.94
20131231,8.1,8.37,8.05,8.24,7.97,0.27,3.39,117740.04,97549.518,1.56,23.78,4.86,5.3,6.18,7.5,9.04,6.69,94.35
20131230,7.57,7.97,7.57,7.97,7.59,0.38,5.01,63048.72,49479.556,1.56,23.78,4.86,5.3,6.18,7.5,9.04,6.65,94.27
20131227,7.56,7.65,7.54,7.59,7.59,0.0,0.0,31383.09,23830.897,1.56,23.78,4.86,5.3,6.18,7.5,9.04,6.64,88.43
20131226,7.55,7.72,7.41,7.59,7.55,0.04,0.53,57951.97,43816.847,1.56,23.78,4.86,5.3,5.96,7.5,9.04,6.64,88.56
20131225,7.45,7.65,7.4,7.55,7.34,0.21,2.86,90518.52,67904.412,1.56,23.78,4.86,5.3,5.96,7.5,9.04,6.62,88.57
20131224,7.32,7.51,7.32,7.34,7.31,0.03,0.41,56725.84,42032.37,1.56,23.78,4.86,5.3,5.96,7.5,9.04,6.61,80.63
20131223,7.37,7.37,7.18,7.31,7.27,0.04,0.55,24371.62,17738.203,1.56,23.78,4.86,5.3,5.96,7.5,9.04,6.6,80.97
20131220,7.31,7.41,7.15,7.27,7.35,-0.08,-1.09,45525.39,32959.78,1.56,23.78,4.86,5.3,5.96,7.5,9.26,6.59,74.09
20131219,7.42,7.62,7.28,7.35,7.44,-0.09,-1.21,48546.78,36000.033,1.56,23.78,4.86,5.3,5.96,7.5,9.04,6.59,80.91
20131218,7.41,7.62,7.25,7.44,7.48,-0.04,-0.53,73015.03,54258.491,1.56,23.78,4.86,5.3,5.96,7.5,9.04,6.58,81.16
20131217,7.73,7.91,7.44,7.48,7.64,-0.16,-2.09,95487.31,73735.464,1.56,23.78,4.86,5.3,5.96,7.5,9.04,6.56,81.41
20131216,7.5,7.84,7.5,7.64,7.52,0.12,1.6,99248.14,76495.91,1.56,23.78,4.86,5.3,5.96,7.5,9.04,6.54,89.35
20131213,7.3,7.56,7.3,7.52,7.36,0.16,2.17,51056.69,38182.013,1.56,23.78,4.86,5.3,5.96,7.5,9.04,6.52,90.05
20131212,7.33,7.48,7.22,7.36,7.23,0.13,1.8,65965.68,48441.189,1.56,23.78,4.86,5.3,5.96,7.5,9.04,6.51,84.01
20131211,7.26,7.45,7.13,7.23,7.26,-0.03,-0.41,38948.11,28507.427,1.56,23.78,4.86,5.3,5.96,7.5,9.04,6.5,78.96
20131210,7.2,7.39,7.17,7.26,7.19,0.07,0.97,51383.58,37335.12,1.56,23.78,4.86,5.3,5.96,7.5,9.04,6.5,79.33
20131209,7.5,7.6,7.18,7.19,7.56,-0.37,-4.89,117922.03,85787.781,1.56,23.78,4.86,5.3,5.96,7.5,9.04,6.49,79.63
20131206,7.6,7.71,7.43,7.56,7.68,-0.12,-1.56,55058.58,41537.242,1.56,23.78,4.86,5.3,5.96,7.5,9.04,6.47,89.94
20131205,7.49,7.75,7.49,7.68,7.5,0.18,2.4,70824.0,54358.877,1.56,23.78,4.86,5.08,5.96,7.5,9.04,6.46,90.0
20131204,7.58,7.86,7.46,7.5,7.58,-0.08,-1.06,77500.12,59054.165,1.56,23.78,4.86,5.08,5.96,7.28,9.04,6.44,85.62
20131203,7.2,7.7,7.2,7.58,7.46,0.12,1.61,107083.18,80544.454,1.56,23.78,4.86,5.08,5.96,7.28,9.04,6.42,90.69
20131202,7.47,7.76,7.46,7.46,7.85,-0.39,-4.97,111963.56,84311.561,1.56,23.78,4.86,5.08,5.74,7.28,9.04,6.4,87.32
20131129,7.96,7.96,7.72,7.85,7.87,-0.02,-0.25,62038.86,48642.514,1.56,23.78,4.86,5.08,5.74,7.06,9.04,6.37,93.44
20131128,7.54,7.91,7.45,7.87,7.53,0.34,4.52,96410.82,75122.597,1.56,23.78,4.86,5.08,5.74,7.06,9.04,6.36,93.92
20131127,7.8,7.8,7.39,7.53,7.43,0.1,1.35,189532.17,145231.503,1.56,23.78,4.86,5.08,5.74,6.84,9.04,6.33,92.9
20131126,7.01,7.43,7.01,7.43,7.08,0.35,4.94,48962.17,35672.536,1.56,23.78,4.86,5.08,5.74,6.62,9.04,6.29,92.94
20131125,7.44,7.53,7.04,7.08,7.37,-0.29,-3.93,146296.75,105538.525,1.56,23.78,4.86,5.08,5.74,6.62,9.04,6.28,90.4
20131121,7.1,7.37,7.1,7.37,7.02,0.35,4.99,172351.89,125468.622,1.56,23.78,4.86,5.08,5.74,6.62,9.04,6.25,93.36
20131120,6.73,7.02,6.73,7.02,6.69,0.33,4.93,149278.84,103410.203,1.56,23.78,4.86,5.08,5.74,6.4,9.04,6.21,92.89
20131119,6.4,6.69,6.37,6.69,6.37,0.32,5.02,154152.49,101815.429,1.56,23.78,4.86,5.08,5.74,6.4,9.04,6.19,92.31
20131118,6.31,6.49,6.26,6.37,6.35,0.02,0.32,92844.81,59002.468,1.56,23.78,4.86,5.08,5.74,6.4,9.04,6.17,82.14
20131115,6.39,6.72,6.31,6.35,6.43,-0.08,-1.24,128441.99,84249.771,1.56,23.78,4.86,5.08,5.74,6.4,9.04,6.17,82.69
20131114,6.12,6.43,6.12,6.43,6.12,0.31,5.0654,121856.64,77900.06,1.56,23.78,4.86,5.08,5.74,6.4,9.04,6.15,89.48
20131113,6.25,6.31,6.1,6.12,6.25,-0.13,-2.08,56157.33,34949.274,1.56,23.78,4.86,5.08,5.74,6.4,9.04,6.14,74.24
20131112,5.98,6.28,5.9,6.25,5.98,0.27,4.52,101419.26,63057.972,1.56,23.78,4.86,5.08,5.74,6.4,9.04,6.14,84.63
20131111,5.9,6.09,5.82,5.98,5.91,0.07,1.18,65074.43,38777.632,1.56,23.78,4.86,5.08,5.74,6.4,9.04,6.13,75.35
20131108,6.01,6.08,5.85,5.91,6.07,-0.16,-2.64,80870.41,48162.477,1.56,23.78,4.86,5.08,5.52,6.4,9.04,6.13,64.55
20131107,6.1,6.35,6.06,6.07,6.16,-0.09,-1.46,154235.85,96027.128,1.56,23.78,4.86,5.08,5.52,6.4,9.04,6.12,75.23
20131106,5.91,6.21,5.85,6.16,5.91,0.25,4.23,154601.24,94058.959,1.56,23.78,4.86,5.08,5.52,6.4,9.04,6.11,76.65
20131105,6.0,6.03,5.85,5.91,5.91,0.0,0.0,87100.67,51681.469,1.56,23.78,4.86,5.08,5.52,6.4,9.04,6.1,67.97
20131104,5.6,5.91,5.6,5.91,5.63,0.28,4.97,96559.04,56725.178,1.56,23.78,4.86,5.08,5.52,6.4,9.04,6.1,68.32
20131101,5.58,5.65,5.49,5.63,5.57,0.06,1.08,25715.93,14374.816,1.56,23.78,4.86,5.08,5.52,6.4,9.04,6.1,54.18
20131031,5.34,5.63,5.29,5.57,5.37,0.2,3.72,54872.89,30368.997,1.56,23.78,4.86,5.08,5.52,6.4,9.04,6.1,54.07
20131030,5.25,5.4,5.24,5.37,5.27,0.1,1.9,36776.35,19617.998,1.56,23.78,4.86,5.08,5.52,6.4,9.04,6.1,36.21
20131029,5.49,5.61,5.26,5.27,5.54,-0.27,-4.87,92261.02,49392.822,1.56,23.78,4.86,5.08,5.52,6.4,9.04,6.1,21.75
20131028,5.45,5.56,5.41,5.54,5.45,0.09,1.65,51123.76,28103.918,1.56,23.78,4.86,5.08,5.52,6.4,9.04,6.1,53.13
20131025,5.54,5.58,5.35,5.45,5.53,-0.08,-1.45,53520.39,29218.178,1.56,23.78,4.86,5.08,5.52,6.4,9.04,6.1,35.61
20131024,5.6,5.71,5.5,5.53,5.58,-0.05,-0.9,69653.98,38969.209,1.56,23.78,4.86,5.08,5.52,6.4,9.04,6.1,52.61
20131023,5.89,5.9,5.58,5.58,5.87,-0.29,-4.94,89314.0,50760.338,1.56,23.78,4.86,5.08,5.52,6.4,9.04,6.1,52.31
20131022,6.0,6.03,5.86,5.87,6.0,-0.13,-2.17,55735.22,32979.268,1.56,23.78,4.86,5.08,5.52,6.4,9.04,6.1,66.46
20131021,5.93,6.09,5.85,6.0,5.93,0.07,1.18,64340.68,38545.434,1.56,23.78,4.86,5.08,5.52,6.4,9.04,6.1,75.43
20131018,5.89,5.94,5.8,5.93,5.87,0.06,1.02,65407.4,38408.129,1.56,23.78,4.86,5.08,5.52,6.4,9.04,6.1,67.19
20131017,5.99,6.05,5.78,5.87,6.0,-0.13,-2.17,110914.32,65095.653,1.56,23.78,4.86,5.08,5.52,6.4,9.04,6.1,67.16
20131016,6.13,6.19,5.92,6.0,6.09,-0.09,-1.48,122419.14,74238.654,1.56,23.78,4.86,5.08,5.52,6.4,9.04,6.09,74.99
20131015,5.82,6.09,5.75,6.09,5.8,0.29,5.0,127780.61,75712.809,1.56,23.78,4.86,5.08,5.52,6.4,9.04,6.08,75.31
20131014,5.8,5.85,5.71,5.8,5.78,0.02,0.35,75071.44,43446.962,1.56,23.78,4.86,5.08,5.52,6.4,9.04,6.08,69.19
20131011,5.61,5.81,5.6,5.78,5.66,0.12,2.12,55956.55,31855.502,1.56,23.78,4.86,5.08,5.52,6.4,9.04,6.08,69.05
20131010,5.69,5.69,5.56,5.66,5.69,-0.03,-0.53,45563.42,25570.032,1.56,23.78,4.86,5.08,5.52,6.4,9.04,6.08,57.43
20131009,5.64,5.75,5.62,5.69,5.7,-0.01,-0.18,53561.59,30454.962,1.56,23.78,4.86,5.08,5.52,6.4,9.04,6.08,57.35
20131008,5.65,5.73,5.56,5.7,5.65,0.05,0.89,54638.21,30873.303,1.56,23.78,4.86,5.08,5.52,6.4,9.04,6.08,57.48
20130930,5.42,5.65,5.42,5.65,5.5,0.15,2.73,41439.29,23049.472,1.56,23.78,4.86,5.08,5.52,6.4,9.04,6.08,57.37
20130927,5.61,5.63,5.35,5.5,5.63,-0.13,-2.31,74675.69,40861.695,1.56,23.78,4.86,5.08,5.52,6.4,9.04,6.08,41.12
20130926,5.69,5.73,5.57,5.63,5.74,-0.11,-1.92,49431.44,27754.154,1.56,23.78,4.86,5.08,5.52,6.4,9.04,6.08,56.89
20130925,5.82,5.83,5.65,5.74,5.81,-0.07,-1.2,53949.41,30762.629,1.56,23.78,4.86,5.08,5.52,6.4,9.04,6.08,56.8
20130924,5.76,5.82,5.72,5.81,5.8,0.01,0.17,44671.15,25764.388,1.56,23.78,4.86,5.08,5.52,6.4,9.04,6.08,67.65
20130923,5.67,5.8,5.66,5.8,5.75,0.05,0.87,61167.97,35037.849,1.56,23.78,4.86,5.08,5.52,6.4,9.04,6.07,67.58
20130918,5.55,5.78,5.47,5.75,5.52,0.23,4.17,43960.72,24466.361,1.56,23.78,4.86,5.08,5.52,6.4,9.04,6.07,67.4
20130917,5.55,5.62,5.47,5.52,5.54,-0.02,-0.36,36243.84,20034.513,1.56,23.78,4.86,5.08,5.52,6.4,9.04,6.07,42.63
20130916,5.56,5.61,5.42,5.54,5.56,-0.02,-0.36,50063.08,27661.169,1.56,23.78,4.86,5.08,5.52,6.4,9.04,6.07,57.26
20130913,5.73,5.73,5.51,5.56,5.73,-0.17,-2.97,55924.67,31300.043,1.56,23.78,4.86,5.08,5.52,6.4,9.04,6.07,57.08
20130912,5.69,5.83,5.63,5.73,5.69,0.04,0.7,58505.06,33371.212,1.56,23.78,4.86,5.08,5.52,6.4,9.04,6.07,56.87
20130911,5.57,5.83,5.52,5.69,5.55,0.14,2.52,82870.44,47269.532,1.56,23.78,4.86,5.08,5.52,6.4,9.04,6.07,57.01
20130910,5.48,5.6,5.42,5.55,5.47,0.08,1.46,72432.45,40039.399,1.56,23.78,4.86,5.08,5.52,6.4,9.04,6.07,57.2
20130909,5.4,5.5,5.4,5.47,5.42,0.05,0.92,76816.87,41851.693,1.56,23.78,4.86,5.08,5.52,6.4,9.26,6.07,44.51
20130906,5.35,5.46,5.32,5.42,5.38,0.04,0.74,42221.24,22770.58,1.56,23.78,4.86,5.08,5.52,6.4,9.04,6.07,44.23
20130905,5.38,5.39,5.3,5.38,5.38,0.0,0.0,33215.39,17725.942,1.56,23.78,4.86,5.08,5.52,6.4,9.04,6.08,44.08
20130904,5.32,5.39,5.29,5.38,5.35,0.03,0.56,33289.48,17777.005,1.56,23.78,4.86,5.08,5.52,6.4,9.04,6.08,43.96
20130903,5.26,5.36,5.24,5.35,5.29,0.06,1.13,36329.02,19335.51,1.56,23.78,4.86,5.08,5.52,6.4,9.04,6.08,43.79
20130902,5.46,5.47,5.24,5.29,5.46,-0.17,-3.11,50575.0,26876.48,1.56,23.78,4.86,5.08,5.52,6.4,9.04,6.08,29.33
20130830,5.59,5.63,5.35,5.46,5.62,-0.16,-2.85,65498.73,35976.406,1.56,23.78,4.86,5.08,5.52,6.4,9.04,6.08,43.31
20130829,5.61,5.67,5.48,5.62,5.6,0.02,0.36,44472.44,24754.15,1.56,23.78,4.86,5.08,5.52,6.4,9.04,6.08,55.19
20130828,5.72,5.72,5.58,5.6,5.75,-0.15,-2.61,46193.94,25985.815,1.56,23.78,4.86,5.08,5.52,6.4,9.04,6.08,55.02
20130827,5.7,5.84,5.62,5.75,5.74,0.01,0.17,39580.18,22610.359,1.56,23.78,4.64,5.08,5.52,6.4,9.04,6.08,64.3
20130826,5.65,5.78,5.6,5.74,5.66,0.08,1.41,53409.88,30378.812,1.56,23.78,4.64,5.08,5.52,6.4,9.04,6.08,55.02
20130823,5.78,5.81,5.57,5.66,5.8,-0.14,-2.41,73869.17,41765.031,1.56,23.78,4.64,5.08,5.52,6.4,9.26,6.08,55.13
20130822,5.8,5.86,5.74,5.8,5.84,-0.04,-0.68,39229.28,22685.354,1.56,23.78,4.64,5.08,5.52,6.4,9.04,6.08,63.74
20130821,5.83,5.92,5.72,5.84,5.83,0.01,0.17,54733.98,31623.325,1.56,23.78,4.64,5.08,5.52,6.4,9.04,6.08,63.71
20130820,5.56,5.87,5.53,5.83,5.59,0.24,4.29,83794.61,48220.848,1.56,23.78,4.64,5.08,5.52,6.4,9.04,6.08,63.57
20130819,5.51,5.6,5.43,5.59,5.53,0.06,1.09,63479.82,35073.798,1.56,23.78,4.64,5.08,5.52,6.4,9.04,6.07,56.54
20130816,5.49,5.64,5.44,5.53,5.55,-0.02,-0.36,88325.25,49007.938,1.56,23.78,4.64,5.08,5.52,6.4,9.04,6.07,56.31
20130815,5.29,5.55,5.27,5.55,5.29,0.26,4.91,123968.57,68298.891,1.56,23.78,4.64,5.08,5.52,6.4,9.04,6.07,55.98
20130814,5.25,5.35,5.25,5.29,5.3,-0.01,-0.19,38415.24,20311.073,1.56,23.78,4.64,5.08,5.52,6.4,9.04,6.08,32.83
20130813,5.15,5.34,5.12,5.3,5.18,0.12,2.32,58279.87,30771.327,1.56,23.78,4.64,4.86,5.52,6.4,9.04,6.08,32.78
20130812,5.17,5.21,5.1,5.18,5.16,0.02,0.39,52548.46,27107.584,1.56,23.78,4.64,4.86,5.52,6.4,9.04,6.08,32.72
20130809,5.17,5.17,4.99,5.16,5.17,-0.01,-0.19,67468.34,34304.152,1.56,23.78,4.64,4.86,5.52,6.4,9.04,6.08,32.42
20130808,5.12,5.22,5.09,5.17,5.18,-0.01,-0.19,46926.81,24102.926,1.56,23.78,4.64,4.86,5.52,6.4,9.04,6.09,31.92
20130807,5.32,5.33,5.1,5.18,5.33,-0.15,-2.81,53575.69,27833.617,1.56,23.78,4.64,4.86,5.52,6.4,9.04,6.09,31.65
20130806,5.24,5.35,5.18,5.33,5.24,0.09,1.72,42364.82,22367.96,1.56,23.78,4.64,4.86,5.52,6.4,9.04,6.1,44.6
20130805,5.09,5.26,5.08,5.24,5.13,0.11,2.14,50433.43,26044.894,1.56,23.78,4.64,4.86,5.52,6.4,9.04,6.1,31.52
20130802,5.04,5.15,4.97,5.13,5.06,0.07,1.38,44740.14,22694.119,1.56,23.78,4.64,4.86,5.52,6.4,9.04,6.1,31.23
20130801,5.03,5.08,4.9,5.06,4.94,0.12,2.43,68220.75,34045.639,1.56,23.78,4.64,4.86,5.52,6.4,9.04,6.1,15.56
20130731,4.84,4.97,4.7,4.94,4.84,0.1,2.07,64626.39,31435.068,1.56,23.78,4.64,4.86,5.52,6.4,9.04,6.11,15.0
20130730,5.11,5.16,4.84,4.84,5.09,-0.25,-4.91,75036.9,37291.824,1.56,23.78,4.64,5.08,5.52,6.4,9.26,6.12,5.69
20130729,5.12,5.18,5.06,5.09,5.15,-0.06,-1.17,25434.4,13007.131,1.56,23.78,4.64,5.08,5.52,6.4,9.04,6.12,28.94
20130726,5.22,5.25,5.13,5.15,5.22,-0.07,-1.34,20241.5,10481.618,1.56,23.78,4.64,5.08,5.52,6.4,9.26,6.12,28.74
20130725,5.28,5.38,5.19,5.22,5.28,-0.06,-1.14,36089.32,19038.32,1.56,23.78,4.64,5.08,5.52,6.4,9.26,6.13,28.59
20130724,5.38,5.42,5.24,5.28,5.38,-0.1,-1.86,46990.18,24949.378,1.56,23.78,4.64,5.08,5.52,6.4,9.04,6.13,28.51
20130723,5.17,5.43,5.12,5.38,5.17,0.21,4.06,63344.07,33835.1,1.56,23.78,4.64,5.08,5.52,6.4,9.26,6.13,41.07
20130722,5.15,5.19,5.01,5.17,5.13,0.04,0.78,40996.6,20947.491,1.56,23.78,4.64,5.08,5.52,6.4,9.04,6.13,28.84
20130719,5.27,5.3,5.05,5.13,5.32,-0.19,-3.57,60102.13,30916.547,1.56,23.78,4.64,5.08,5.74,6.4,9.04,6.14,28.44
20130718,5.31,5.39,5.2,5.32,5.35,-0.03,-0.56,38939.93,20528.902,1.56,23.78,4.64,5.08,5.74,6.4,9.26,6.14,39.63
20130717,5.43,5.51,5.3,5.35,5.43,-0.08,-1.47,32782.0,17742.279,1.56,23.78,4.64,5.08,5.74,6.4,9.04,6.15,39.29
20130716,5.38,5.54,5.3,5.43,5.36,0.07,1.31,50483.26,27617.878,1.56,23.78,4.64,5.08,5.74,6.4,9.26,6.15,39.1
20130715,5.16,5.4,5.13,5.36,5.14,0.22,4.28,60030.28,31726.091,1.56,23.78,4.64,5.08,5.74,6.4,9.26,6.15,39.07
20130712,5.2,5.23,5.09,5.14,5.22,-0.08,-1.53,41778.57,21508.72,1.56,23.78,4.64,5.08,5.74,6.4,9.04,6.16,28.02
20130711,5.16,5.26,5.09,5.22,5.12,0.1,1.95,55341.13,28632.817,1.56,23.78,4.64,5.08,5.74,6.4,9.26,6.16,27.69
20130710,5.0,5.14,4.98,5.12,5.0,0.12,2.4,26767.49,13561.76,1.56,23.78,4.64,4.86,5.74,6.4,9.04,6.16,27.27
20130709,4.95,5.01,4.92,5.0,4.95,0.05,1.01,18939.0,9419.894,1.56,23.78,4.64,5.08,5.74,6.4,9.04,6.17,14.9
20130708,5.01,5.08,4.9,4.95,5.14,-0.19,-3.7,28664.78,14301.356,1.56,23.78,4.64,5.08,5.74,6.4,9.04,6.17,14.71
20130705,5.0,5.15,4.89,5.14,5.07,0.07,1.38,77204.91,38918.765,1.56,23.78,4.64,5.08,5.74,6.4,9.04,6.17,26.4
20130704,5.34,5.34,5.07,5.07,5.34,-0.27,-5.06,117386.26,60018.161,1.56,23.78,4.64,5.08,5.74,6.4,9.26,6.18,14.04
20130703,5.46,5.49,5.2,5.34,5.46,-0.12,-2.2,50359.18,26772.912,1.56,23.78,4.64,5.08,5.74,6.62,9.26,6.19,34.84
20130702,5.43,5.52,5.38,5.46,5.44,0.02,0.37,46764.9,25546.722,1.56,23.78,4.64,5.08,5.74,6.62,9.26,6.19,34.42
20130701,5.4,5.47,5.32,5.44,5.41,0.03,0.55,64474.26,34828.165,1.56,23.78,4.64,5.08,5.74,6.62,9.04,6.2,34.12
20130628,5.5,5.54,5.31,5.41,5.59,-0.18,-3.22,143336.08,76937.841,1.56,23.78,4.64,5.08,5.74,6.62,9.04,6.2,33.7
20130627,5.78,5.87,5.44,5.59,5.73,-0.14,-2.44,152096.61,84027.914,1.56,23.78,4.64,5.08,5.74,6.62,9.04,6.21,42.09
20130625,5.65,5.77,5.51,5.73,5.8,-0.07,-1.21,89890.69,50012.739,1.56,23.78,4.64,4.86,5.96,6.62,9.04,6.21,41.61
20130624,6.05,6.1,5.8,5.8,6.1,-0.3,-4.92,39210.0,22988.695,1.56,23.78,4.64,4.86,5.96,6.62,9.04,6.21,49.29
20130621,6.08,6.12,5.85,6.1,6.16,-0.06,-0.97,47389.26,28363.888,1.56,23.78,4.64,4.86,5.96,6.62,9.04,6.21,58.34
20130620,6.16,6.25,6.05,6.16,6.25,-0.09,-1.44,35975.53,22120.852,1.56,23.78,4.64,4.86,5.96,6.62,9.04,6.21,58.13
20130619,6.2,6.27,6.12,6.25,6.26,-0.01,-0.16,35515.51,21996.176,1.56,23.78,4.64,4.86,5.96,6.62,9.04,6.21,72.92
20130618,6.3,6.35,6.14,6.26,6.28,-0.02,-0.32,63109.52,39329.743,1.56,23.78,4.64,4.86,5.74,6.62,9.26,6.2,72.84
20130617,5.99,6.29,5.98,6.28,5.99,0.29,4.84,90005.46,56195.259,1.56,23.78,4.64,4.86,5.74,6.62,9.04,6.2,72.75
20130614,5.76,6.01,5.76,5.99,5.84,0.15,2.57,43413.23,25788.676,1.56,23.78,4.64,4.86,5.74,6.62,9.04,6.19,59.84
20130613,6.1,6.1,5.84,5.84,6.15,-0.31,-5.04,61773.46,36159.268,1.56,23.78,4.64,4.86,5.74,6.62,9.04,6.19,51.75
20130607,6.16,6.23,5.98,6.15,6.16,-0.01,-0.16,53688.62,32781.057,1.56,23.78,4.64,4.86,5.74,6.62,9.04,6.19,59.32
20130606,6.21,6.3,6.11,6.16,6.27,-0.11,-1.75,48838.3,30215.042,1.56,23.78,4.64,4.86,5.74,6.62,9.26,6.18,59.47
20130605,6.19,6.31,6.16,6.27,6.19,0.08,1.29,44477.05,27846.485,1.56,23.78,4.64,4.86,5.74,6.62,9.04,6.18,72.01
20130604,6.27,6.35,6.08,6.19,6.28,-0.09,-1.43,97120.84,60053.475,1.56,23.78,4.64,4.86,5.74,6.62,9.04,6.18,71.92
20130603,6.52,6.6,6.25,6.28,6.52,-0.24,-3.68,106242.76,67932.676,1.56,23.78,4.64,4.86,5.74,6.62,9.26,6.17,71.73
20130531,6.6,6.73,6.45,6.52,6.6,-0.08,-1.21,88192.05,58076.677,1.56,23.78,4.64,4.86,5.74,6.62,9.04,6.16,82.77
20130530,6.55,6.66,6.45,6.6,6.6,0.0,0.0,94591.47,62166.664,1.56,23.78,4.64,4.86,5.74,6.62,9.26,6.14,83.43
20130529,6.4,6.7,6.35,6.6,6.45,0.15,2.33,113139.49,74021.516,1.56,23.78,4.64,4.86,5.74,6.62,9.04,6.13,84.15
20130528,6.41,6.68,6.27,6.45,6.43,0.02,0.31,211870.84,138125.158,1.56,23.78,4.64,4.86,5.74,6.62,9.04,6.12,84.67
20130527,6.12,6.43,6.12,6.43,6.12,0.31,5.07,153915.08,96874.016,1.56,23.78,4.64,4.86,5.52,6.4,9.04,6.08,85.66
20130524,5.84,6.15,5.84,6.12,5.86,0.26,4.44,118640.13,71573.253,1.56,23.78,4.64,4.86,5.52,6.4,9.04,6.06,69.89
20130523,5.73,5.9,5.7,5.86,5.75,0.11,1.91,69571.2,40518.797,1.56,23.78,4.64,4.86,5.52,6.4,9.04,6.06,63.16
20130522,5.77,5.92,5.69,5.75,5.77,-0.02,-0.35,126143.14,73389.158,1.56,23.78,4.64,4.86,5.52,6.4,9.04,6.06,62.93
20130521,5.6,5.83,5.6,5.77,5.6,0.17,3.04,83852.76,47896.169,1.56,23.78,4.64,4.86,5.52,6.4,9.04,6.05,62.47
20130520,5.32,5.6,5.31,5.6,5.33,0.27,5.07,101532.4,56354.907,1.56,23.78,4.64,4.86,5.52,6.62,9.26,6.05,56.08
20130517,5.23,5.35,5.23,5.33,5.27,0.06,1.14,76622.69,40573.215,1.56,23.78,4.64,4.86,5.52,6.62,9.04,6.05,48.49
20130516,5.26,5.34,5.17,5.27,5.28,-0.01,-0.19,74122.9,38981.036,1.56,23.78,4.64,4.86,5.52,6.62,9.26,6.05,38.62
20130515,5.3,5.3,5.24,5.28,5.27,0.01,0.19,45830.1,24118.518,1.56,23.78,4.64,4.86,5.52,6.62,9.04,6.06,38.59
20130514,5.27,5.3,5.18,5.27,5.27,0.0,0.0,67685.34,35498.879,1.56,23.78,4.64,4.86,5.52,6.62,9.26,6.06,38.33
20130513,5.16,5.28,5.1,5.27,5.2,0.07,1.35,67236.08,34939.387,1.56,23.78,4.64,4.86,5.52,6.62,9.26,6.07,37.92
20130510,5.18,5.23,5.07,5.2,5.1,0.1,1.96,70476.68,36355.733,1.56,23.78,4.64,4.86,5.52,6.62,9.26,6.07,37.51
20130509,5.17,5.21,5.03,5.1,5.13,-0.03,-0.58,75933.16,38979.893,1.56,23.78,4.64,4.86,5.52,6.62,9.04,6.08,36.93
20130508,5.08,5.19,5.06,5.13,5.11,0.02,0.39,55292.71,28339.497,1.56,23.78,4.64,4.86,5.52,6.62,9.26,6.08,36.3
20130507,5.01,5.14,4.98,5.11,5.0,0.11,2.2,68580.9,34745.735,1.56,23.78,4.64,4.86,5.52,6.62,9.04,6.09,35.84
20130506,4.75,5.0,4.75,5.0,4.76,0.24,5.04,88608.82,43706.614,1.56,23.78,4.64,4.86,5.52,6.62,9.26,6.09,23.24
20130503,4.72,4.79,4.7,4.76,4.69,0.07,1.49,49591.35,23482.612,1.56,23.78,4.64,4.86,5.52,6.62,9.04,6.11,10.75
20130502,4.73,4.85,4.68,4.69,4.75,-0.06,-1.26,30314.69,14441.482,1.56,23.78,4.64,4.86,5.52,6.62,9.26,6.11,10.21
20130426,4.91,4.98,4.72,4.75,4.91,-0.16,-3.26,39675.94,19276.014,1.56,23.78,4.64,4.86,5.74,6.62,9.04,6.12,9.89
20130425,4.9,5.1,4.89,4.91,4.96,-0.05,-1.01,57860.73,28836.82,1.56,23.78,4.64,4.86,5.74,6.62,9.26,6.12,20.84
20130424,4.98,5.05,4.84,4.96,4.99,-0.03,-0.6,66907.11,33113.441,1.56,23.78,4.64,4.86,5.74,6.62,9.04,6.13,20.63
20130423,5.16,5.16,4.95,4.99,5.15,-0.16,-3.11,51972.62,26128.394,1.56,23.78,4.64,4.86,5.74,6.62,9.04,6.14,19.89
20130422,5.08,5.19,5.02,5.15,5.09,0.06,1.18,44473.46,22698.027,1.56,23.78,4.64,4.86,5.74,6.62,9.26,6.14,31.13
20130419,5.06,5.12,5.05,5.09,5.07,0.02,0.39,72363.16,36816.722,1.56,23.78,4.64,4.86,5.74,6.62,9.04,6.15,30.72
20130418,4.9,5.12,4.83,5.07,4.88,0.19,3.89,72030.07,36266.553,1.56,23.78,4.64,4.86,5.74,6.62,9.04,6.15,19.83
20130417,4.92,4.94,4.87,4.88,4.88,0.0,0.0,30093.6,14769.548,1.56,23.78,4.64,4.86,5.74,6.62,9.04,6.16,19.32
20130416,4.64,4.98,4.63,4.88,4.74,0.14,2.95,68960.2,33814.171,1.56,23.78,4.64,4.86,5.74,6.62,9.26,6.16,19.04
20130415,5.0,5.0,4.74,4.74,4.99,-0.25,-5.01,52900.93,25684.357,1.56,23.78,4.64,4.86,5.74,6.62,9.26,6.17,9.95
20130412,4.94,5.0,4.88,4.99,4.94,0.05,1.01,40772.82,20108.637,1.56,23.78,4.64,4.86,5.74,6.62,9.04,6.18,17.59
20130411,4.91,5.06,4.85,4.94,4.93,0.01,0.2,57846.56,28756.72,1.56,23.78,4.64,4.86,5.74,6.62,9.26,6.19,17.19
20130410,4.69,4.94,4.66,4.93,4.7,0.23,4.89,110537.54,54138.191,1.56,23.78,4.64,4.86,5.74,6.62,9.26,6.19,16.5
20130409,4.5,4.7,4.45,4.7,4.48,0.22,4.91,53834.79,24762.477,1.56,23.78,4.64,4.86,5.74,6.62,9.04,6.21,9.91
20130408,4.48,4.5,4.35,4.48,4.5,-0.02,-0.44,47000.82,20910.69,1.56,23.78,4.64,5.08,5.74,6.62,9.04,6.22,3.98
20130403,4.54,4.62,4.49,4.5,4.59,-0.09,-1.96,44426.11,20144.456,1.56,23.78,4.64,5.08,5.74,6.62,9.26,6.23,3.31
20130402,4.48,4.72,4.48,4.59,4.72,-0.13,-2.75,139598.45,63724.397,1.56,23.78,4.64,5.08,5.74,6.62,9.04,6.24,2.77
20130401,4.72,4.8,4.72,4.72,4.97,-0.25,-5.03,53659.0,25342.639,1.56,23.78,4.64,5.08,5.96,6.62,9.26,6.27,5.7
20130328,5.11,5.12,4.96,4.97,5.13,-0.16,-3.12,94586.81,47604.638,1.56,23.78,4.64,5.08,5.96,6.62,9.04,6.28,10.24
20130327,5.14,5.21,5.11,5.13,5.16,-0.03,-0.58,77272.22,39828.907,1.56,23.78,4.64,5.08,5.96,6.62,9.04,6.29,19.42
20130326,5.15,5.32,5.07,5.16,5.27,-0.11,-2.09,142217.89,73859.65,1.56,23.78,4.64,5.08,5.96,6.62,9.04,6.3,18.69
20130325,5.25,5.33,5.12,5.27,5.22,0.05,0.96,102102.4,53451.185,1.56,23.78,4.64,5.08,5.96,6.62,9.04,6.32,17.65
20130322,5.28,5.3,5.18,5.22,5.32,-0.1,-1.88,85327.35,44734.802,1.56,23.78,4.64,5.08,5.96,6.62,9.04,6.33,17.21
20130321,5.27,5.35,5.15,5.32,5.29,0.03,0.57,141475.57,74254.352,1.56,23.78,4.64,5.08,5.96,6.62,9.04,6.34,24.81
20130320,5.2,5.31,5.06,5.29,5.27,0.02,0.38,158043.97,82198.996,1.56,23.78,4.64,5.08,5.96,6.62,9.04,6.36,15.74
20130319,5.74,5.78,5.18,5.27,5.76,-0.49,-8.51,217842.25,117327.757,1.56,23.78,4.64,5.3,5.96,6.62,9.04,6.38,14.49
20130318,5.93,6.0,5.73,5.76,6.0,-0.24,-4.0,66442.91,38764.029,1.56,23.78,4.64,5.3,5.96,6.62,9.04,6.39,39.44
20130315,6.1,6.25,5.92,6.0,6.19,-0.19,-3.07,147491.68,89634.573,1.56,23.78,4.64,5.3,6.18,6.62,9.26,6.39,49.6
20130314,5.78,6.27,5.64,6.19,5.82,0.37,6.36,176872.84,107352.302,1.56,23.78,4.64,5.08,6.18,6.62,9.04,6.39,65.95
20130313,6.17,6.17,5.68,5.82,6.06,-0.24,-3.96,84913.33,49767.181,1.56,23.78,4.64,5.08,6.18,6.62,9.04,6.39,40.41
20130312,6.2,6.2,6.0,6.06,6.14,-0.08,-1.3,66111.07,40495.174,1.56,23.78,4.64,5.08,6.18,6.62,9.04,6.39,48.11
20130311,6.02,6.18,5.97,6.14,6.05,0.09,1.49,46914.54,28483.372,1.56,23.78,4.64,5.08,6.18,6.62,9.04,6.39,48.18
20130308,6.15,6.18,6.0,6.05,6.22,-0.17,-2.73,76350.76,46228.933,1.56,23.78,4.64,5.08,6.18,6.62,9.04,6.39,47.99
20130307,6.19,6.5,6.11,6.22,6.34,-0.12,-1.89,152468.46,96070.736,1.56,23.78,4.64,5.08,6.18,6.62,9.04,6.39,63.72
20130306,6.14,6.36,6.14,6.34,6.13,0.21,3.43,95602.26,60080.318,1.56,23.78,4.64,5.08,6.18,6.62,9.04,6.38,63.85
20130305,6.05,6.15,6.04,6.13,6.05,0.08,1.32,62598.08,38168.393,1.56,23.78,4.64,5.08,6.18,6.62,9.04,6.38,49.39
20130304,6.33,6.35,5.96,6.05,6.35,-0.3,-4.72,82611.04,50592.944,1.56,23.78,4.64,5.08,6.18,6.62,9.04,6.37,49.14
20130301,6.26,6.36,6.22,6.35,6.26,0.09,1.44,44413.11,27937.181,1.56,23.78,4.64,5.08,6.18,6.62,9.04,6.37,62.79
20130228,6.2,6.34,6.11,6.26,6.13,0.13,2.12,43864.42,27272.098,1.56,23.78,4.64,5.08,6.18,6.62,9.04,6.37,62.73
20130227,6.23,6.28,6.1,6.13,6.21,-0.08,-1.29,47183.17,29022.95,1.56,23.78,4.64,5.08,6.18,6.62,9.04,6.37,49.94
20130226,6.32,6.37,6.17,6.21,6.33,-0.12,-1.9,53903.61,33733.101,1.56,23.78,4.64,5.08,5.96,6.62,9.04,6.37,62.36
20130225,6.26,6.38,6.26,6.33,6.27,0.06,0.96,43343.82,27401.852,1.56,23.78,4.64,5.08,5.96,6.62,9.04,6.36,62.15
20130222,6.48,6.55,6.25,6.27,6.48,-0.21,-3.24,75135.41,47623.407,1.56,23.78,4.64,5.08,5.96,6.62,9.04,6.36,62.09
20130221,6.64,6.67,6.39,6.48,6.66,-0.18,-2.7,87934.61,57145.439,1.56,23.78,4.64,5.08,5.96,6.62,9.04,6.36,74.31
20130220,6.63,6.73,6.55,6.66,6.61,0.05,0.76,69594.93,46331.397,1.56,23.78,4.64,5.08,5.96,6.62,9.04,6.35,86.1
20130219,6.5,6.8,6.42,6.61,6.55,0.06,0.92,110579.9,73265.059,1.56,23.78,4.64,5.08,5.96,6.62,9.04,6.34,75.33
20130218,6.29,6.68,6.23,6.55,6.23,0.32,5.14,95660.94,62424.321,1.56,23.78,4.64,5.08,5.96,6.62,9.04,6.32,76.61
20130208,6.23,6.37,6.22,6.23,6.28,-0.05,-0.8,60926.19,38389.113,1.56,23.78,4.64,5.08,5.74,6.62,9.04,6.31,66.27
20130207,6.35,6.35,6.22,6.28,6.28,0.0,0.0,36100.11,22649.448,1.56,23.78,4.64,5.08,5.74,6.62,9.04,6.31,66.22
20130206,6.2,6.33,6.17,6.28,6.21,0.07,1.13,41792.59,26154.832,1.56,23.78,4.64,5.08,5.74,6.62,9.04,6.31,66.21
20130205,6.11,6.25,6.11,6.21,6.19,0.02,0.32,47303.03,29137.738,1.56,23.78,4.64,5.08,5.74,6.62,9.04,6.3,66.07
20130204,6.35,6.41,6.11,6.19,6.33,-0.14,-2.21,110280.82,68869.01,1.56,23.78,4.64,5.08,5.74,6.62,9.04,6.3,65.86
20130201,6.03,6.35,6.03,6.33,6.15,0.18,2.93,100638.43,62923.305,1.56,23.78,4.64,4.86,5.74,6.62,9.04,6.29,66.0
20130131,6.42,6.42,6.1,6.15,6.44,-0.29,-4.5,156875.73,97483.738,1.56,23.78,4.64,4.86,5.74,6.62,9.04,6.29,58.03
20130130,6.56,6.75,6.1,6.44,6.69,-0.25,-3.74,338730.84,217916.428,1.56,23.78,4.64,4.86,5.74,6.62,9.04,6.28,75.3
20130129,6.73,6.86,6.66,6.69,6.73,-0.04,-0.59,157382.63,106079.794,1.56,23.78,4.64,4.86,5.74,6.84,9.7,6.26,84.66
20130128,6.3,6.84,6.27,6.73,6.37,0.36,5.65,208995.14,138786.885,1.56,23.78,4.64,4.86,5.74,6.62,9.7,6.23,85.91
20130125,6.25,6.48,6.22,6.37,6.24,0.13,2.08,111775.25,71334.455,1.56,23.78,4.64,4.86,5.52,6.62,9.7,6.2,72.65
20130124,6.58,6.7,6.1,6.24,6.61,-0.37,-5.6,217262.72,138118.396,1.56,23.78,4.64,4.86,5.52,6.62,9.7,6.19,73.3
20130123,6.7,6.77,6.5,6.61,6.74,-0.13,-1.93,159349.92,105385.699,1.56,23.78,4.64,4.86,5.52,6.62,9.7,6.17,79.18
20130122,6.53,6.9,6.42,6.74,6.56,0.18,2.74,235349.54,157712.518,1.56,23.78,4.64,4.86,5.52,6.62,9.7,6.15,85.36
20130121,6.41,6.99,6.31,6.56,6.43,0.13,2.02,309927.56,205808.217,1.56,23.78,4.64,4.86,5.52,6.62,9.92,6.11,83.37
20130118,5.85,6.44,5.8,6.43,5.85,0.58,9.91,411167.79,257689.654,1.56,23.78,4.64,4.86,5.52,6.4,10.36,6.07,86.36
20130117,5.85,5.98,5.71,5.85,5.87,-0.02,-0.34,162751.53,95430.751,1.56,23.78,4.64,4.86,5.52,6.4,11.24,6.08,80.12
20130116,5.7,5.95,5.63,5.87,5.67,0.2,3.53,246747.02,143749.66,1.56,23.78,4.64,4.86,5.52,6.4,11.24,6.07,80.78
20130115,5.57,5.72,5.54,5.67,5.59,0.08,1.43,199198.68,112080.629,1.56,23.78,4.64,4.86,5.52,6.62,11.46,6.07,68.83
20130114,5.44,5.62,5.42,5.59,5.43,0.16,2.95,138587.71,76705.254,1.56,23.78,4.64,4.86,5.52,6.62,11.68,6.07,68.74
20130111,5.66,5.67,5.41,5.43,5.69,-0.26,-4.57,156123.78,86358.343,1.56,23.78,4.64,4.86,5.52,6.62,11.68,6.07,49.55
20130110,5.76,5.77,5.66,5.69,5.77,-0.08,-1.39,104243.62,59370.789,1.56,23.78,4.64,4.86,5.3,6.84,11.68,6.06,68.06
20130109,5.78,5.85,5.68,5.77,5.85,-0.08,-1.37,128001.99,73659.638,1.56,23.78,4.64,4.86,5.3,6.84,11.68,6.06,79.3
20130108,5.66,5.94,5.53,5.85,5.58,0.27,4.84,313282.88,180232.951,1.56,23.78,4.64,4.64,5.3,6.84,11.68,6.05,79.25
20130107,5.59,5.86,5.5,5.58,5.49,0.09,1.64,219653.03,123210.586,1.56,23.78,4.64,4.64,5.3,7.06,12.12,6.07,73.1
20130104,5.65,5.74,5.4,5.49,5.5,-0.01,-0.18,199669.16,110734.125,1.56,23.78,4.42,4.64,5.3,7.06,12.12,6.07,57.53
20121231,5.67,5.71,5.44,5.5,5.54,-0.04,-0.72,173526.11,96177.647,1.56,23.78,4.42,4.64,5.3,7.06,12.34,6.08,59.17
20121228,5.47,5.58,5.31,5.54,5.49,0.05,0.91,359567.23,195886.088,1.56,23.78,4.42,4.64,5.3,7.06,12.34,6.08,72.79
20121227,5.02,5.49,5.01,5.49,4.99,0.5,10.02,388190.27,211712.283,1.56,23.78,4.42,4.64,5.3,7.28,12.78,6.14,61.61
20121226,4.89,5.01,4.88,4.99,4.92,0.07,1.42,86437.03,42758.667,1.56,23.78,4.42,4.64,5.3,7.5,13.22,6.21,37.08
20121225,4.83,4.97,4.79,4.92,4.86,0.06,1.23,121078.38,59148.228,1.56,23.78,4.42,4.64,5.3,7.5,13.22,6.22,36.59
20121224,4.64,4.87,4.63,4.86,4.68,0.18,3.85,121552.8,58423.738,1.56,23.78,4.42,4.64,5.3,7.5,13.22,6.23,20.33
20121221,4.72,4.76,4.63,4.68,4.74,-0.06,-1.27,61687.3,28900.471,1.56,23.78,4.42,4.64,5.3,7.5,13.22,6.24,19.48
20121220,4.8,4.82,4.63,4.74,4.83,-0.09,-1.86,71669.06,33958.928,1.56,23.78,4.42,4.64,5.3,7.5,13.22,6.25,18.79
20121219,4.82,4.88,4.78,4.83,4.82,0.01,0.21,53634.51,25881.707,1.56,23.78,4.42,4.64,5.3,7.5,13.22,6.26,17.98
20121218,4.81,5.02,4.79,4.82,4.87,-0.05,-1.03,111040.33,54119.033,1.56,23.78,4.42,4.64,5.3,7.5,13.22,6.27,17.77
20121217,4.81,4.95,4.76,4.87,4.81,0.06,1.25,147965.63,71669.017,1.56,23.78,4.42,4.64,5.3,7.5,13.22,6.28,31.56
20121214,4.68,4.89,4.66,4.81,4.67,0.14,3.0,156397.1,75244.69,1.56,23.78,4.42,4.64,5.3,7.5,13.22,6.3,17.27
20121213,4.76,4.87,4.65,4.67,4.81,-0.14,-2.91,41255.69,19560.503,1.56,23.78,4.42,4.64,5.3,7.5,13.22,6.33,16.58
20121212,4.76,4.83,4.7,4.81,4.75,0.06,1.26,33740.89,16107.905,1.56,23.78,4.42,4.64,5.3,7.5,13.22,6.33,16.4
20121211,4.75,4.83,4.71,4.75,4.78,-0.03,-0.63,65129.27,31123.553,1.56,23.78,4.42,4.64,5.3,7.5,13.22,6.34,16.08
20121210,4.66,4.86,4.6,4.78,4.69,0.09,1.92,118234.14,56403.114,1.56,23.78,4.42,4.64,5.3,7.72,13.22,6.35,15.45
20121207,4.45,4.73,4.43,4.69,4.46,0.23,5.16,111345.37,51052.531,1.56,23.78,4.42,4.86,5.3,7.72,13.22,6.37,14.03
20121206,4.5,4.68,4.45,4.46,4.5,-0.04,-0.89,36451.25,16454.91,1.56,23.78,4.42,4.86,5.3,7.72,13.22,6.38,5.85
20121205,4.35,4.6,4.31,4.5,4.36,0.14,3.21,61474.39,27576.452,1.56,23.78,4.42,4.86,5.3,7.72,13.22,6.39,5.62
20121204,4.3,4.4,4.15,4.36,4.32,0.04,0.93,45214.93,19268.21,1.56,23.78,4.64,4.86,5.3,7.72,13.22,6.4,1.69
20121203,4.44,4.49,4.31,4.32,4.46,-0.14,-3.14,25375.3,11152.11,1.56,23.78,4.64,4.86,5.52,7.72,13.22,6.41,1.04
20121130,4.3,4.73,4.22,4.46,4.3,0.16,3.72,65985.62,29630.123,1.56,23.78,4.64,4.86,5.52,7.72,13.22,6.42,3.66
20121129,4.43,4.49,4.29,4.3,4.45,-0.15,-3.37,28188.5,12390.533,1.56,23.78,4.64,4.86,5.52,7.72,13.22,6.43,0.77
20121128,4.47,4.53,4.43,4.45,4.55,-0.1,-2.2,30632.41,13653.413,1.56,23.78,4.64,4.86,5.52,7.72,13.22,6.43,2.57
20121127,4.72,4.72,4.54,4.55,4.74,-0.19,-4.01,30683.0,14107.508,1.56,23.78,4.64,4.86,5.52,7.72,13.22,6.44,2.2
20121126,4.78,4.83,4.7,4.74,4.78,-0.04,-0.84,17058.05,8100.181,1.56,23.78,4.64,4.86,5.52,7.72,13.22,6.44,7.81
20121123,4.83,4.91,4.77,4.78,4.79,-0.01,-0.21,19141.78,9241.043,1.56,23.78,4.64,4.86,5.52,7.72,13.22,6.45,7.61
20121122,4.78,4.87,4.7,4.79,4.8,-0.01,-0.21,32319.93,15512.712,1.56,23.78,4.64,4.86,5.52,7.72,13.22,6.45,7.49
20121121,4.74,4.8,4.6,4.8,4.74,0.06,1.27,32622.03,15300.444,1.56,23.78,4.64,4.86,5.52,7.72,13.22,6.46,7.3
20121120,4.79,4.82,4.71,4.74,4.76,-0.02,-0.42,21913.5,10440.239,1.56,23.78,4.64,4.86,5.52,7.72,13.22,6.46,6.86
20121119,4.76,4.78,4.69,4.76,4.73,0.03,0.63,18533.01,8757.201,1.56,23.78,4.64,4.86,5.52,7.72,13.22,6.46,6.6
20121116,4.8,4.84,4.58,4.73,4.8,-0.07,-1.46,51835.85,24344.005,1.56,23.78,4.64,4.86,5.52,7.72,13.22,6.47,6.38
20121115,5.13,5.16,4.75,4.8,5.11,-0.31,-6.07,59495.75,29639.731,1.56,23.78,4.64,4.86,5.52,7.72,13.22,6.48,5.68
20121114,5.0,5.14,4.94,5.11,5.02,0.09,1.79,55816.72,28303.032,1.56,23.78,4.64,4.86,5.52,7.72,13.22,6.48,31.38
20121113,5.03,5.08,4.94,5.02,5.01,0.01,0.2,32573.42,16314.403,1.56,23.78,4.64,4.86,5.52,7.72,13.22,6.49,16.69
20121112,4.95,5.07,4.94,5.01,4.94,0.07,1.42,63752.16,31857.199,1.56,23.78,4.64,4.86,5.52,7.72,13.22,6.49,16.38
20121109,5.03,5.06,4.84,4.94,5.03,-0.09,-1.79,72069.25,35489.737,1.56,23.78,4.64,4.86,5.52,7.72,13.22,6.5,15.77
20121108,5.13,5.21,4.99,5.03,5.17,-0.14,-2.71,52895.47,27108.84,1.56,23.78,4.64,5.08,5.52,7.72,13.22,6.51,14.92
20121107,5.08,5.25,5.03,5.17,5.12,0.05,0.98,65457.11,33732.548,1.56,23.78,4.64,5.08,5.52,7.72,13.22,6.52,28.47
20121106,5.21,5.21,4.98,5.12,5.2,-0.08,-1.54,81461.53,41352.897,1.56,23.78,4.64,5.08,5.52,7.72,13.22,6.52,27.84
20121105,5.32,5.4,5.11,5.2,5.36,-0.16,-2.99,61911.96,32405.631,1.56,23.78,4.64,4.86,5.52,7.72,13.22,6.53,27.06
20121102,5.26,5.38,5.2,5.36,5.23,0.13,2.49,88797.77,46995.489,1.56,23.78,4.64,4.86,5.52,7.72,13.22,6.54,42.67
20121101,5.15,5.27,5.08,5.23,5.16,0.07,1.36,92306.89,47816.843,1.56,23.78,4.64,4.86,5.52,7.72,13.22,6.55,26.7
20121031,5.0,5.17,5.0,5.16,4.99,0.17,3.41,59421.87,30295.997,1.56,23.78,4.64,4.86,5.52,7.72,13.22,6.56,25.98
20121030,5.15,5.22,4.98,4.99,5.15,-0.16,-3.11,108273.4,54758.386,1.56,23.78,4.64,4.86,5.52,7.72,13.22,6.56,15.74
20121029,5.26,5.33,5.1,5.15,5.31,-0.16,-3.01,54488.83,28352.83,1.56,23.78,4.64,4.86,5.52,7.72,13.22,6.58,24.17
20121026,5.45,5.52,5.16,5.31,5.51,-0.2,-3.63,113184.18,59964.47,1.56,23.78,4.64,4.86,5.52,7.72,13.22,6.58,39.08
20121025,5.64,5.79,5.5,5.51,5.64,-0.13,-2.31,86959.89,49221.901,1.56,23.78,4.64,4.86,5.52,7.72,13.22,6.59,38.22
20121024,5.48,5.68,5.42,5.64,5.49,0.15,2.73,95447.89,53514.985,1.56,23.78,4.64,4.86,5.52,7.72,13.22,6.6,54.62
20121023,5.6,5.6,5.46,5.49,5.57,-0.08,-1.44,56416.11,31168.827,1.56,23.78,4.64,4.86,5.52,7.72,13.22,6.6,39.2
20121022,5.54,5.6,5.49,5.57,5.57,0.0,0.0,35953.39,19909.741,1.56,23.78,4.64,4.86,5.52,7.72,13.22,6.6,53.93
20121019,5.56,5.64,5.5,5.57,5.56,0.01,0.18,69081.63,38566.741,1.56,23.78,4.64,4.86,5.52,7.72,13.22,6.61,53.8
20121018,5.41,5.61,5.38,5.56,5.41,0.15,2.77,117714.71,65079.734,1.56,23.78,4.64,4.86,5.52,7.72,13.22,6.61,53.46
20121017,5.41,5.45,5.35,5.41,5.39,0.02,0.37,26552.31,14351.253,1.56,23.78,4.64,4.86,5.52,7.72,13.22,6.62,40.68
20121016,5.34,5.47,5.3,5.39,5.35,0.04,0.75,45094.33,24359.631,1.56,23.78,4.64,4.86,5.52,7.72,13.22,6.62,40.55
20121015,5.37,5.45,5.18,5.35,5.37,-0.02,-0.37,78757.54,41769.517,1.56,23.78,4.64,4.86,5.52,7.72,13.22,6.62,40.32
20121012,5.56,5.62,5.36,5.37,5.56,-0.19,-3.42,91107.19,49608.564,1.56,23.78,4.64,4.86,5.52,7.72,13.22,6.63,39.74
20121011,5.57,5.65,5.5,5.56,5.59,-0.03,-0.54,75934.44,42391.77,1.56,23.78,4.64,4.86,5.52,7.72,13.22,6.64,51.27
20121010,5.59,5.68,5.48,5.59,5.6,-0.01,-0.18,93347.8,51871.047,1.56,23.78,4.64,4.86,5.52,7.72,13.22,6.64,50.86
20121009,5.5,5.64,5.44,5.6,5.48,0.12,2.19,99028.07,55137.917,1.56,23.78,4.64,4.86,5.52,7.72,13.22,6.64,50.36
20121008,5.49,5.65,5.32,5.48,5.48,0.0,0.0,78078.99,42753.85,1.56,23.78,4.64,4.86,5.74,7.72,13.22,6.65,41.17
20120928,5.28,5.56,5.28,5.48,5.32,0.16,3.01,122387.26,66833.737,1.56,23.78,4.64,4.86,5.74,7.94,13.22,6.66,41.18
20120927,5.19,5.41,5.18,5.32,5.18,0.14,2.7,119165.7,63224.446,1.56,23.78,4.64,4.86,5.74,7.94,13.22,6.67,40.79
20120926,5.16,5.3,5.09,5.18,5.16,0.02,0.39,72911.52,37942.094,1.56,23.78,4.64,4.86,5.74,7.94,13.22,6.69,30.03
20120925,5.08,5.25,5.08,5.16,5.16,0.0,0.0,52600.72,27194.311,1.56,23.78,4.64,4.86,5.74,7.94,13.22,6.7,29.51
20120924,5.0,5.24,4.84,5.16,5.0,0.16,3.2,88302.0,44693.157,1.56,23.78,4.64,4.86,5.74,7.94,13.22,6.7,29.13
20120921,5.1,5.13,4.93,5.0,5.13,-0.13,-2.53,52269.04,26279.874,1.56,23.78,4.64,4.86,5.74,7.94,13.22,6.72,19.63
20120920,5.39,5.43,5.09,5.13,5.42,-0.29,-5.35,75832.09,39413.615,1.56,23.78,4.64,4.86,5.74,7.94,13.22,6.73,27.63
20120919,5.34,5.52,5.34,5.42,5.4,0.02,0.37,54936.13,29892.379,1.56,23.78,4.64,4.86,5.74,7.94,13.22,6.74,36.65
20120918,5.3,5.5,5.08,5.4,5.31,0.09,1.69,59482.35,32005.19,1.56,23.78,4.64,4.86,5.74,7.94,13.22,6.74,36.33
20120917,5.56,5.59,5.28,5.31,5.58,-0.27,-4.84,109504.08,58928.885,1.56,23.78,4.64,4.86,5.74,7.94,13.22,6.75,35.85
20120914,5.63,5.77,5.5,5.58,5.63,-0.05,-0.89,134591.38,75559.318,1.56,23.78,4.64,4.86,5.74,7.94,13.22,6.76,42.68
20120913,5.53,5.85,5.48,5.63,5.53,0.1,1.81,180153.09,102680.025,1.56,23.78,4.64,4.86,5.96,7.94,13.22,6.78,42.28
20120912,5.48,5.61,5.43,5.53,5.51,0.02,0.36,102156.13,56356.658,1.56,23.78,4.64,4.86,5.96,7.94,13.22,6.8,41.7
20120911,5.3,5.74,5.24,5.51,5.27,0.24,4.55,262642.38,144737.608,1.56,23.78,4.64,4.86,5.96,7.94,13.22,6.81,37.39
20120910,5.11,5.32,5.09,5.27,5.13,0.14,2.73,148819.04,77592.139,1.56,23.78,4.64,4.86,5.96,7.94,13.66,6.89,31.39
20120907,5.04,5.25,4.97,5.13,5.0,0.13,2.6,164392.44,84201.226,1.56,23.78,4.64,4.86,6.18,7.94,13.66,6.92,31.12
20120906,4.98,5.04,4.88,5.0,4.98,0.02,0.4,71243.36,35355.55,1.56,23.78,4.64,4.86,6.18,7.94,13.66,6.95,23.96
20120905,4.89,5.02,4.81,4.98,4.89,0.09,1.84,72332.03,35735.278,1.56,23.78,4.64,4.86,6.18,7.94,13.66,6.97,23.37
20120904,4.86,5.04,4.81,4.89,4.86,0.03,0.62,69541.75,34258.182,1.56,23.78,4.64,4.86,6.18,7.94,13.66,6.99,22.61
20120903,4.83,4.9,4.79,4.86,4.84,0.02,0.41,53747.61,26036.978,1.56,23.78,4.64,4.86,6.4,7.94,13.66,7.0,10.48
20120831,4.86,4.92,4.79,4.84,4.88,-0.04,-0.82,52574.72,25519.145,1.56,23.78,4.64,4.86,6.4,7.94,13.66,7.02,10.18
20120830,5.04,5.1,4.75,4.88,5.09,-0.21,-4.13,90064.2,44547.991,1.56,23.78,4.64,4.86,6.4,7.94,13.66,7.03,20.61
20120829,4.86,5.2,4.81,5.09,4.85,0.24,4.95,134704.3,67542.965,1.56,23.78,4.64,4.86,6.4,7.94,13.66,7.05,24.8
20120828,4.7,4.87,4.68,4.85,4.7,0.15,3.19,56157.58,26859.893,1.56,23.78,4.64,4.86,6.4,7.94,13.66,7.09,9.96
20120827,4.77,4.77,4.65,4.7,4.8,-0.1,-2.08,41470.98,19521.588,1.56,23.78,4.64,4.86,6.4,7.94,13.66,7.1,9.65
20120824,5.02,5.05,4.79,4.8,5.05,-0.25,-4.95,81426.9,39761.713,1.56,23.78,4.64,4.86,6.62,7.94,13.66,7.11,9.2
20120823,5.1,5.14,5.01,5.05,5.09,-0.04,-0.79,56175.39,28410.549,1.56,23.78,4.64,4.86,6.62,7.94,13.66,7.13,16.86
20120822,5.06,5.19,5.0,5.09,5.06,0.03,0.59,110380.13,56343.664,1.56,23.78,4.64,4.86,6.62,7.94,13.66,7.15,20.26
20120821,4.83,5.11,4.82,5.06,4.83,0.23,4.76,122794.99,61666.766,1.56,23.78,4.64,4.86,6.62,7.94,13.66,7.17,16.7
20120820,4.7,4.85,4.69,4.83,4.79,0.04,0.84,42445.94,20182.721,1.56,23.78,4.64,4.86,6.62,7.94,13.66,7.21,9.45
20120817,4.66,4.88,4.64,4.79,4.67,0.12,2.57,63516.77,30307.503,1.56,23.78,4.64,4.86,6.62,7.94,13.66,7.22,8.98
20120816,4.66,4.74,4.61,4.67,4.67,0.0,0.0,40973.46,19153.961,1.56,23.78,4.64,5.08,6.84,7.94,13.66,7.24,8.61
20120815,4.88,4.89,4.66,4.67,4.89,-0.22,-4.5,67926.19,32235.669,1.56,23.78,4.64,5.08,6.84,8.16,13.66,7.25,8.06
20120814,4.9,4.96,4.7,4.89,4.9,-0.01,-0.2,56010.28,27026.821,1.56,23.78,4.64,5.3,6.84,8.16,13.66,7.27,12.82
20120813,4.88,5.05,4.8,4.9,4.91,-0.01,-0.2,74220.41,36602.79,1.56,23.78,4.64,5.3,6.84,8.16,13.66,7.28,12.06
20120810,4.91,4.99,4.89,4.91,4.9,0.01,0.2,53438.01,26365.394,1.56,23.78,4.64,5.3,6.84,8.16,13.66,7.31,11.13
20120809,4.84,4.93,4.81,4.9,4.86,0.04,0.82,56014.14,27336.163,1.56,23.78,4.64,5.3,6.84,8.16,13.66,7.32,10.55
20120808,4.88,5.03,4.81,4.86,4.84,0.02,0.41,106912.19,52440.928,1.56,23.78,4.64,5.52,6.84,8.16,13.66,7.34,7.26
20120807,4.8,4.86,4.77,4.84,4.79,0.05,1.04,75667.54,36455.289,1.56,23.78,4.64,5.52,6.84,8.16,13.66,7.37,7.17
20120806,4.6,4.85,4.58,4.79,4.65,0.14,3.01,61486.28,29051.361,1.56,23.78,4.64,5.74,6.84,8.16,13.66,7.4,6.3
20120803,4.52,4.67,4.48,4.65,4.52,0.13,2.88,59817.77,27418.008,1.56,23.78,4.64,5.74,6.84,8.16,13.66,7.42,5.45
20120802,4.52,4.59,4.44,4.52,4.55,-0.03,-0.66,49115.81,22234.756,1.56,23.78,4.86,5.74,6.84,8.16,13.66,7.44,3.24
20120801,4.5,4.61,4.48,4.55,4.49,0.06,1.34,74201.8,33706.119,1.56,23.78,5.08,5.74,7.06,8.16,13.66,7.46,2.64
20120731,4.78,4.78,4.4,4.49,4.79,-0.3,-6.26,116917.08,52757.15,1.56,23.78,5.3,5.74,7.06,8.16,13.66,7.49,1.73
20120730,5.32,5.35,4.79,4.79,5.32,-0.53,-9.96,94580.87,46369.513,1.56,23.78,5.3,5.74,7.06,8.16,13.66,7.54,0.68
20120727,5.33,5.39,5.29,5.32,5.32,0.0,0.0,18188.9,9690.353,1.56,23.78,5.3,5.74,7.06,8.16,13.66,7.57,5.13
20120726,5.44,5.48,5.31,5.32,5.42,-0.1,-1.85,32011.72,17271.549,1.56,23.78,5.52,5.74,7.06,8.16,13.66,7.57,4.87
20120725,5.48,5.54,5.41,5.42,5.49,-0.07,-1.28,34095.51,18656.768,1.56,23.78,5.52,5.74,7.06,8.16,13.66,7.58,4.49
20120724,5.44,5.55,5.4,5.49,5.45,0.04,0.73,30962.2,16963.779,1.56,23.78,5.52,5.74,7.06,8.16,13.66,7.59,4.26
20120723,5.48,5.55,5.36,5.45,5.48,-0.03,-0.55,33117.0,18036.226,1.56,23.78,5.52,5.74,7.06,8.16,13.66,7.6,4.05
20120720,5.46,5.53,5.42,5.48,5.46,0.02,0.37,40426.22,22127.648,1.56,23.78,5.52,5.74,7.06,8.16,13.66,7.6,3.82
20120719,5.38,5.58,5.35,5.46,5.4,0.06,1.11,66334.38,36446.642,1.56,23.78,5.52,5.74,7.06,8.16,13.66,7.61,3.54
20120718,5.37,5.45,5.27,5.4,5.4,0.0,0.0,43221.47,23181.059,1.56,23.78,5.74,5.96,7.06,8.16,13.66,7.63,3.08
20120717,5.22,5.41,5.19,5.4,5.27,0.13,2.47,47171.01,25034.786,1.56,23.78,5.74,5.96,7.06,8.16,13.66,7.64,2.46
20120716,5.8,5.85,5.27,5.27,5.85,-0.58,-9.91,120698.43,65977.321,1.56,23.78,5.74,5.96,7.06,8.16,13.66,7.65,0.84
20120713,5.94,5.97,5.74,5.85,5.94,-0.09,-1.52,56001.97,32765.717,1.56,23.78,5.74,5.96,7.06,8.16,13.66,7.68,11.38
20120712,5.84,5.98,5.79,5.94,5.84,0.1,1.71,51562.89,30428.231,1.56,23.78,5.74,5.96,7.06,8.16,13.66,7.69,11.07
20120711,5.78,5.87,5.74,5.84,5.76,0.08,1.39,29338.23,16973.021,1.56,23.78,5.74,5.96,7.06,8.16,13.66,7.7,10.79
20120710,5.81,5.83,5.67,5.76,5.81,-0.05,-0.86,49001.16,28122.315,1.56,23.78,5.74,5.96,7.06,8.16,13.66,7.71,10.48
20120709,5.9,6.01,5.75,5.81,5.94,-0.13,-2.19,67389.6,39703.805,1.56,23.78,5.74,5.96,7.06,8.16,13.66,7.72,9.85
20120706,5.9,5.96,5.75,5.94,5.85,0.09,1.54,75354.38,44134.038,1.56,23.78,5.74,5.96,7.06,8.16,13.66,7.74,9.46
20120705,5.88,5.93,5.75,5.85,5.95,-0.1,-1.68,47320.9,27581.786,1.56,23.78,5.74,5.96,7.28,8.16,13.66,7.75,8.62
20120704,6.04,6.06,5.8,5.95,6.04,-0.09,-1.49,112892.14,66660.762,1.56,23.78,5.74,5.96,7.28,8.16,13.66,7.76,8.09
20120703,5.95,6.1,5.94,6.04,5.97,0.07,1.17,151473.26,91425.797,1.56,23.78,5.74,5.96,7.28,8.16,13.66,7.79,15.39
20120702,6.06,6.06,5.91,5.97,5.92,0.05,0.84,80088.26,47759.333,1.56,23.78,5.74,6.18,7.28,8.16,13.66,7.82,13.53
20120629,5.79,5.93,5.69,5.92,5.8,0.12,2.07,98916.02,57593.804,1.56,23.78,5.74,6.18,7.28,8.16,13.66,7.84,7.18
20120628,5.86,5.92,5.76,5.8,5.8,0.0,0.0,177057.47,103143.683,1.56,23.78,5.74,6.18,7.28,8.16,13.66,7.87,5.83
20120627,5.92,5.96,5.78,5.8,5.94,-0.14,-2.36,137416.38,80551.965,1.56,23.78,5.96,6.4,7.28,8.16,13.66,7.92,3.7
20120626,6.16,6.2,5.85,5.94,6.23,-0.29,-4.65,273643.79,163147.136,1.56,23.78,5.96,6.4,7.28,8.38,13.88,7.96,2.01
20120625,6.44,6.49,6.17,6.23,6.47,-0.24,-3.71,48905.46,30769.335,1.56,23.78,6.18,6.62,7.5,8.38,14.32,8.07,7.63
20120621,6.63,6.63,6.38,6.47,6.65,-0.18,-2.71,57987.3,37640.491,1.56,23.78,6.18,6.62,7.5,8.38,14.1,8.08,13.51
20120620,6.69,6.75,6.5,6.65,6.68,-0.03,-0.45,68293.46,45079.286,1.56,23.78,6.18,6.62,7.5,8.38,14.1,8.09,19.17
20120619,7.21,7.23,6.62,6.68,7.22,-0.54,-7.48,200571.79,139011.172,1.56,23.78,6.18,6.62,7.5,8.38,14.32,8.1,18.32
20120618,7.14,7.3,7.07,7.22,7.12,0.1,1.4,52464.02,37699.508,1.56,23.78,6.18,6.62,7.5,8.38,14.32,8.13,36.09
20120615,7.35,7.38,7.03,7.12,7.22,-0.1,-1.39,60088.93,43181.306,1.56,23.78,6.18,6.62,7.5,8.38,14.32,8.13,36.06
20120614,7.27,7.37,7.2,7.22,7.33,-0.11,-1.5,57513.89,41634.935,1.56,23.78,6.18,6.62,7.5,8.38,14.32,8.14,35.83
20120613,6.95,7.4,6.91,7.33,6.91,0.42,6.08,109603.97,79165.114,1.56,23.78,6.18,6.62,7.5,8.38,14.32,8.14,44.77
20120612,6.87,6.95,6.76,6.91,6.89,0.02,0.29,27617.59,18893.414,1.56,23.78,6.18,6.62,7.5,8.38,14.32,8.15,26.51
20120611,6.75,6.96,6.7,6.89,6.76,0.13,1.92,36384.14,24896.575,1.56,23.78,6.18,6.62,7.5,8.38,14.32,8.15,26.24
20120608,6.98,6.98,6.72,6.76,6.94,-0.18,-2.59,56887.88,38837.048,1.56,23.78,6.18,6.62,7.5,8.38,14.32,8.15,19.72
20120607,7.12,7.17,6.75,6.94,7.05,-0.11,-1.56,78453.25,54642.254,1.56,23.78,6.18,6.62,7.5,8.38,14.54,8.16,25.27
20120606,7.22,7.24,7.0,7.05,7.18,-0.13,-1.81,56186.95,39791.464,1.56,23.78,6.18,6.62,7.5,8.38,14.32,8.17,24.81
20120605,7.32,7.43,7.05,7.18,7.31,-0.13,-1.78,111432.47,80120.591,1.56,23.78,6.18,6.62,7.5,8.38,14.54,8.17,32.87
20120604,7.79,7.89,7.25,7.31,7.94,-0.63,-7.93,116388.98,87584.089,1.56,23.78,6.18,6.62,7.5,8.6,14.54,8.18,40.68
20120601,7.87,8.03,7.8,7.94,7.95,-0.01,-0.13,70283.86,55508.459,1.56,23.78,6.18,6.62,7.5,8.6,14.54,8.18,64.86
20120531,8.0,8.05,7.83,7.95,8.08,-0.13,-1.61,110059.32,87595.832,1.56,23.78,6.18,6.4,7.5,8.6,14.32,8.18,77.08
20120530,8.04,8.21,7.96,8.08,8.04,0.04,0.5,155910.78,126383.959,1.56,23.78,6.18,6.4,7.5,8.6,14.32,8.17,76.98
20120529,7.82,8.18,7.7,8.04,7.8,0.24,3.08,184909.73,146787.533,1.56,23.78,6.18,6.4,7.5,8.6,14.54,8.17,77.94
20120528,7.7,7.81,7.48,7.8,7.74,0.06,0.78,96370.1,73772.612,1.56,23.78,6.18,6.4,7.5,8.6,14.54,8.17,69.43
20120525,8.01,8.12,7.7,7.74,8.01,-0.27,-3.37,106307.29,84409.96,1.56,23.78,6.18,6.4,7.5,8.6,14.54,8.17,69.09
20120524,7.86,8.08,7.79,8.01,7.85,0.16,2.04,135329.53,107548.272,1.56,23.78,6.18,6.4,7.5,8.82,14.54,8.16,77.82
20120523,7.9,7.97,7.74,7.85,8.0,-0.15,-1.88,88309.04,69264.651,1.56,23.78,6.18,6.4,7.5,8.82,14.54,8.16,71.13
20120522,7.81,8.06,7.62,8.0,7.81,0.19,2.43,183764.61,144336.889,1.56,23.78,6.18,6.4,7.5,8.82,14.54,8.15,77.53
20120521,7.75,7.87,7.55,7.81,7.71,0.1,1.3,106762.06,82504.226,1.56,23.78,6.18,6.4,7.5,8.82,14.76,8.16,71.98
20120518,7.87,7.94,7.64,7.71,7.91,-0.2,-2.53,102162.19,79065.181,1.56,23.78,6.18,6.4,7.28,9.04,14.76,8.15,61.44
20120517,7.79,7.98,7.66,7.91,7.9,0.01,0.13,220818.14,172495.241,1.56,23.78,6.18,6.4,7.28,9.04,14.76,8.15,71.55
20120516,7.3,8.06,7.25,7.9,7.35,0.55,7.48,331532.87,257679.802,1.56,23.78,6.18,6.4,7.28,9.26,14.98,8.16,71.87
20120515,7.52,7.81,7.23,7.35,7.56,-0.21,-2.78,242497.91,182293.801,1.56,23.78,5.96,6.4,7.28,9.92,15.2,8.2,55.88
20120514,7.5,7.74,7.46,7.56,7.53,0.03,0.4,139033.28,105349.935,1.56,23.78,5.96,6.4,7.28,10.36,15.42,8.24,65.37
20120511,7.27,7.76,7.27,7.53,7.32,0.21,2.87,213629.85,159706.763,1.56,23.78,5.96,6.4,7.28,10.58,15.42,8.25,65.49
20120510,7.23,7.42,7.11,7.32,7.23,0.09,1.24,152754.26,111134.083,1.56,23.78,5.96,6.4,7.06,10.8,15.64,8.28,58.57
20120509,7.04,7.44,7.04,7.23,7.15,0.08,1.12,263084.32,190749.982,1.56,23.78,5.96,6.4,7.06,11.24,15.64,8.3,51.05
20120508,6.89,7.34,6.77,7.15,6.89,0.26,3.77,246355.22,174406.231,1.56,23.78,5.96,6.4,7.06,11.68,15.86,8.36,50.49
20120507,6.38,6.96,6.32,6.89,6.39,0.5,7.82,152551.29,101715.635,1.56,23.78,5.96,6.4,7.28,11.9,16.08,8.43,42.53
20120504,6.27,6.45,6.25,6.39,6.31,0.08,1.27,52032.08,33176.995,1.56,23.78,5.96,6.4,7.28,12.12,16.08,8.48,14.25
20120503,6.3,6.32,6.14,6.31,6.32,-0.01,-0.16,59743.77,37173.62,1.56,23.78,5.96,6.4,7.28,12.12,16.08,8.49,14.0
20120502,6.65,6.69,6.08,6.32,6.61,-0.29,-4.39,110023.27,69619.984,1.56,23.78,5.96,6.4,7.28,12.12,16.08,8.5,13.27
20120427,6.69,6.82,6.53,6.61,6.59,0.02,0.3,88064.0,58645.349,1.56,23.78,5.96,6.4,7.28,12.12,16.08,8.53,22.8
20120426,6.5,6.75,6.46,6.59,6.5,0.09,1.38,97053.04,64167.244,1.56,23.78,5.96,6.4,7.28,12.12,16.08,8.55,22.95
20120425,6.32,6.64,6.24,6.5,6.36,0.14,2.2,98634.06,63967.051,1.56,23.78,5.96,6.4,7.5,12.34,16.08,8.58,22.62
20120424,6.3,6.56,6.18,6.36,6.42,-0.06,-0.93,103087.59,65452.48,1.56,23.78,5.96,6.4,7.5,12.34,16.08,8.61,13.06
20120423,6.58,6.68,6.26,6.42,6.86,-0.44,-6.41,159243.14,102735.968,1.56,23.78,5.96,6.4,7.5,12.34,16.08,8.63,20.69
20120419,7.01,7.08,6.8,6.86,6.99,-0.13,-1.86,124084.65,86018.031,1.56,23.78,5.96,6.4,7.5,12.34,16.3,8.7,33.13
20120418,6.87,7.11,6.87,6.99,6.86,0.13,1.9,140512.65,98121.226,1.56,23.78,5.96,6.4,7.5,12.34,16.3,8.73,32.54
20120417,7.01,7.16,6.76,6.86,7.11,-0.25,-3.52,141877.96,98253.464,1.56,23.78,5.96,6.4,7.5,12.56,16.3,8.77,32.26
20120416,6.58,7.21,6.51,7.11,6.64,0.47,7.08,179330.12,125576.749,1.56,23.78,5.96,6.4,7.5,12.56,16.52,8.81,37.48
20120413,6.6,6.8,6.59,6.64,6.63,0.01,0.15,101904.52,68071.898,1.56,23.78,5.96,6.4,7.72,12.56,16.52,8.88,27.03
20120412,6.5,6.69,6.35,6.63,6.51,0.12,1.84,149658.53,97593.672,1.56,23.78,5.96,6.4,7.72,12.56,16.52,8.91,26.01
20120411,6.25,6.68,6.25,6.51,6.08,0.43,7.07,196786.86,127259.955,1.56,23.78,5.96,6.4,7.72,12.56,16.74,8.97,20.54
20120410,6.01,6.13,5.78,6.08,6.07,0.01,0.16,112008.35,66636.644,1.56,23.78,5.96,6.4,7.72,12.78,16.74,9.06,7.96
20120409,6.29,6.35,6.04,6.07,6.35,-0.28,-4.41,91374.01,56267.034,1.56,23.78,5.96,6.4,7.72,12.78,16.96,9.12,6.32
20120406,6.26,6.52,6.24,6.35,6.24,0.11,1.76,55703.87,35379.529,1.56,23.78,5.96,6.4,7.72,12.78,16.96,9.16,11.51
20120405,6.07,6.25,6.03,6.24,6.03,0.21,3.48,47152.94,29124.687,1.56,23.78,5.96,6.4,7.94,12.78,16.96,9.18,11.2
20120330,6.18,6.28,5.99,6.03,6.17,-0.14,-2.27,49602.64,30268.882,1.56,23.78,5.96,6.62,7.94,12.78,16.96,9.19,5.71
20120329,6.57,6.57,6.15,6.17,6.58,-0.41,-6.23,67826.05,43062.388,1.56,23.78,5.96,6.62,7.94,12.78,16.96,9.21,5.39
20120328,7.07,7.07,6.53,6.58,7.08,-0.5,-7.06,63277.91,42990.547,1.56,23.78,5.96,6.62,7.94,12.78,16.96,9.24,13.27
20120327,7.06,7.21,7.06,7.08,7.05,0.03,0.43,46473.69,33110.788,1.56,23.78,5.96,6.62,7.94,12.78,16.96,9.26,24.76
20120326,7.06,7.16,6.98,7.05,7.1,-0.05,-0.7,38158.2,26937.423,1.56,23.78,5.96,6.62,7.94,12.78,16.96,9.27,18.72
20120323,7.2,7.3,7.0,7.1,7.19,-0.09,-1.25,55616.18,40066.127,1.56,23.78,5.96,6.62,7.94,12.78,16.96,9.28,24.0
20120322,7.15,7.34,7.02,7.19,7.15,0.04,0.56,62753.7,44997.74,1.56,23.78,5.96,6.62,7.94,13.0,16.96,9.29,23.66
20120321,7.18,7.29,6.96,7.15,7.17,-0.02,-0.28,74505.41,52896.977,1.56,23.78,5.96,6.62,7.94,13.0,16.96,9.31,23.26
20120320,7.39,7.39,7.14,7.17,7.39,-0.22,-2.98,60403.35,43697.422,1.56,23.78,5.96,6.62,7.94,13.0,16.96,9.33,22.76
20120319,7.38,7.55,7.3,7.39,7.3,0.09,1.23,89002.63,66069.436,1.56,23.78,5.96,6.62,7.94,13.0,16.96,9.34,27.8
20120316,7.25,7.43,7.07,7.3,7.24,0.06,0.83,89507.07,64896.86,1.56,23.78,5.96,6.62,8.16,13.0,16.96,9.36,27.57
20120315,7.5,7.58,7.06,7.24,7.52,-0.28,-3.72,114842.92,83123.426,1.56,23.78,5.96,6.62,8.16,13.0,16.96,9.39,22.58
20120314,8.33,8.36,7.4,7.52,8.22,-0.7,-8.52,178130.08,140054.98,1.56,23.78,5.96,6.62,8.16,13.0,16.96,9.42,35.11
20120312,8.25,8.34,8.08,8.22,8.31,-0.09,-1.08,83519.61,68102.39,1.56,23.78,5.96,6.4,8.16,13.22,16.96,9.48,52.54
20120309,8.34,8.45,8.2,8.31,8.33,-0.02,-0.24,107980.95,89776.677,1.56,23.78,5.96,6.4,8.16,13.22,16.96,9.49,52.02
20120308,8.31,8.38,8.22,8.33,8.3,0.03,0.36,90802.89,75380.803,1.56,23.78,5.96,6.4,8.16,13.22,16.96,9.51,52.21
20120307,8.45,8.75,8.22,8.3,8.59,-0.29,-3.38,204612.49,172321.19,1.56,23.78,5.96,6.4,8.16,13.22,16.96,9.52,51.9
20120306,8.0,8.8,8.0,8.59,8.09,0.5,6.18,242194.52,203350.123,1.56,23.78,5.96,6.4,7.94,13.22,17.18,9.56,57.26
20120305,7.83,8.5,7.7,8.09,7.8,0.29,3.72,219114.3,178410.155,1.56,23.78,5.96,6.4,7.94,13.44,17.18,9.61,52.19
20120302,7.63,7.83,7.51,7.8,7.57,0.23,3.04,94500.57,72718.611,1.56,23.78,5.96,6.4,7.94,13.44,17.4,9.67,48.67
20120301,7.43,7.68,7.4,7.57,7.41,0.16,2.16,78150.21,58988.056,1.56,23.78,5.96,6.4,7.94,13.66,17.4,9.7,41.62
20120229,7.61,7.76,7.4,7.41,7.8,-0.39,-5.0,99820.08,75111.995,1.56,23.78,5.96,6.4,7.94,13.66,17.4,9.72,31.67
20120228,7.7,7.96,7.66,7.8,7.74,0.06,0.78,120082.8,93938.082,1.56,23.78,5.96,6.4,8.16,13.66,17.4,9.75,46.53
20120227,7.57,8.01,7.5,7.74,7.55,0.19,2.52,208177.89,162321.305,1.56,23.78,5.96,6.4,8.16,13.66,17.4,9.8,46.2
20120224,7.41,7.55,7.41,7.55,7.47,0.08,1.07,83098.93,62312.73,1.56,23.78,5.96,6.4,8.38,13.88,17.62,9.87,42.56
20120223,7.55,7.6,7.38,7.47,7.6,-0.13,-1.71,89294.78,66824.131,1.56,23.78,5.96,6.4,8.6,13.88,17.62,9.9,34.2
20120222,7.54,7.68,7.37,7.6,7.54,0.06,0.8,127812.98,95902.407,1.56,23.78,5.96,6.4,8.6,13.88,17.62,9.93,41.2
20120221,7.45,7.55,7.21,7.54,7.47,0.07,0.94,74096.7,54770.51,1.56,23.78,5.96,6.4,8.6,14.1,17.62,9.98,40.18
20120220,7.67,7.83,7.45,7.47,7.57,-0.1,-1.32,128457.53,97655.436,1.56,23.78,5.96,6.4,8.6,14.1,17.84,10.01,34.19
20120217,7.53,7.61,7.38,7.57,7.52,0.05,0.66,103463.12,77629.111,1.56,23.78,5.96,6.4,8.82,14.32,17.84,10.06,38.95
20120216,7.56,7.8,7.35,7.52,7.58,-0.06,-0.79,235506.11,178184.185,1.56,23.78,5.96,6.18,8.82,14.54,17.84,10.11,38.09
20120215,6.91,7.58,6.78,7.58,6.89,0.69,10.01,234159.74,170016.059,1.56,23.78,5.96,6.18,9.04,14.54,18.06,10.21,37.07
20120214,7.04,7.06,6.76,6.89,7.04,-0.15,-2.13,140180.27,96796.527,1.56,23.78,5.96,6.18,9.04,14.76,18.28,10.34,31.57
20120213,6.48,7.17,6.41,7.04,6.52,0.52,7.98,202842.7,141071.512,1.56,23.78,5.96,6.18,9.26,14.98,18.28,10.43,30.24
20120210,6.45,6.7,6.43,6.52,6.48,0.04,0.62,71700.24,46905.005,1.56,23.78,5.96,6.18,9.7,14.98,18.28,10.55,24.99
20120209,6.45,6.65,6.41,6.48,6.5,-0.02,-0.31,79741.25,52148.077,1.56,23.78,5.96,6.18,9.92,15.2,18.5,10.6,24.77
20120208,6.27,6.55,6.25,6.5,6.3,0.2,3.17,100295.59,64379.57,1.56,23.78,5.96,6.18,9.92,15.2,18.5,10.65,24.53
20120207,6.4,6.45,6.17,6.3,6.48,-0.18,-2.78,79491.76,50012.231,1.56,23.78,5.96,6.18,10.14,15.2,18.5,10.72,17.91
20120206,6.28,6.52,6.21,6.48,6.28,0.2,3.18,110162.03,69989.757,1.56,23.78,5.96,6.18,10.36,15.2,18.5,10.78,22.47
20120203,5.88,6.45,5.85,6.28,5.89,0.39,6.62,131937.92,81889.916,1.56,23.78,5.96,6.18,10.36,15.2,18.5,10.86,16.81
20120202,5.77,5.9,5.7,5.89,5.77,0.12,2.08,31936.92,18564.748,1.56,23.78,5.96,6.18,10.58,15.42,18.72,10.97,4.48
20120201,5.76,5.87,5.69,5.77,5.77,0.0,0.0,21653.18,12547.049,1.56,23.78,5.96,6.18,10.58,15.42,18.72,11.0,4.03
20120131,5.83,5.85,5.7,5.77,5.91,-0.14,-2.37,23031.52,13297.987,1.56,23.78,5.96,6.4,10.58,15.42,18.72,11.01,3.73
20120130,5.99,6.02,5.87,5.91,5.98,-0.07,-1.17,22525.11,13426.143,1.56,23.78,5.96,6.4,10.58,15.42,18.72,11.02,3.4
20120120,5.94,6.01,5.88,5.98,5.93,0.05,0.84,25648.38,15312.902,1.56,23.78,5.96,6.4,10.58,15.42,18.72,11.04,8.27
20120119,5.91,6.09,5.9,5.93,6.09,-0.16,-2.63,52658.06,31464.648,1.56,23.78,5.96,6.4,10.8,15.42,18.72,11.06,3.31
20120118,6.5,6.5,6.05,6.09,6.35,-0.26,-4.09,106917.2,66199.033,1.56,23.78,5.96,6.4,10.8,15.42,18.72,11.1,7.23
20120117,6.2,6.66,6.1,6.35,6.05,0.3,4.96,156720.27,99035.985,1.56,23.78,5.96,6.4,11.02,15.42,18.72,11.18,12.19
20120116,5.9,6.08,5.8,6.05,5.98,0.07,1.17,107949.36,64760.437,1.56,23.78,5.96,6.62,11.46,15.42,18.72,11.31,7.2
20120113,6.18,6.18,5.79,5.98,6.18,-0.2,-3.24,74587.45,44240.53,1.56,23.78,5.96,7.06,11.68,15.64,18.72,11.41,5.72
20120112,6.18,6.28,6.12,6.18,6.28,-0.1,-1.59,46618.24,28879.371,1.56,23.78,6.18,7.5,11.68,15.64,18.72,11.49,4.6
20120111,6.17,6.33,6.03,6.28,6.17,0.11,1.78,99597.44,61653.344,1.56,23.78,6.18,7.72,11.68,15.64,18.72,11.53,7.82
20120110,5.77,6.18,5.77,6.17,5.82,0.35,6.01,54484.01,32908.859,1.56,23.78,6.18,7.94,11.9,15.64,18.94,11.62,4.39
20120109,5.54,5.83,5.5,5.82,5.58,0.24,4.3,35841.6,20508.797,1.56,23.78,6.18,7.94,11.9,15.64,18.94,11.66,2.58
20120106,5.51,5.62,5.35,5.58,5.52,0.06,1.09,22533.97,12297.449,1.56,23.78,6.18,8.16,11.9,15.64,18.94,11.7,1.3
20120105,6.04,6.09,5.52,5.52,6.13,-0.61,-9.95,64247.4,36922.425,1.56,23.78,6.4,8.16,11.9,15.64,18.94,11.72,0.79
20120104,6.43,6.58,6.09,6.13,6.41,-0.28,-4.37,55797.31,34673.345,1.56,23.78,6.4,8.16,11.9,15.64,18.94,11.78,1.65
20111230,6.21,6.48,6.19,6.41,6.41,0.0,0.0,43394.19,27649.615,1.56,23.78,6.4,8.38,12.12,15.64,18.94,11.83,5.39
20111229,6.25,6.42,5.9,6.41,6.26,0.15,2.4,76338.68,47239.203,1.56,23.78,6.62,8.38,12.12,15.64,18.94,11.86,4.73
20111228,6.21,6.37,6.05,6.26,6.33,-0.07,-1.11,13478.01,8319.273,1.56,23.78,6.84,8.38,12.12,15.86,18.94,11.94,1.85
20111227,6.52,6.52,6.29,6.33,6.47,-0.14,-2.16,15620.61,9955.387,1.56,23.78,6.84,8.38,12.12,15.86,18.94,11.95,1.64
20111226,6.33,6.53,6.24,6.47,6.39,0.08,1.25,22349.14,14462.132,1.56,23.78,7.06,8.38,12.12,15.86,18.94,11.96,3.07
20111223,6.35,6.6,6.25,6.39,6.38,0.01,0.16,26639.33,17152.418,1.56,23.78,7.06,8.38,12.12,15.86,18.94,11.98,1.48
20111222,6.36,6.7,5.9,6.38,6.4,-0.02,-0.31,35784.51,22386.493,1.56,23.78,7.06,8.38,12.12,15.86,18.94,12.0,1.43
20111221,6.69,6.7,6.4,6.4,6.62,-0.22,-3.32,23032.22,15088.248,1.56,23.78,7.28,8.6,12.12,15.86,18.94,12.03,1.09
20111220,6.57,6.82,6.49,6.62,6.56,0.06,0.91,40705.98,27191.077,1.56,23.78,7.28,8.6,12.12,15.86,18.94,12.05,1.71
20111219,6.6,6.6,6.4,6.56,6.63,-0.07,-1.06,13401.22,8702.379,1.56,23.78,7.72,8.6,12.12,15.86,18.94,12.08,1.63
20111216,6.45,6.66,6.36,6.63,6.43,0.2,3.11,17492.8,11363.556,1.56,23.78,7.72,8.6,12.12,15.86,18.94,12.09,1.81
20111215,6.71,6.8,6.42,6.43,6.84,-0.41,-5.99,18748.34,12394.648,1.56,23.78,7.72,8.6,12.12,15.86,18.94,12.11,1.28
20111214,6.81,6.95,6.8,6.84,6.95,-0.11,-1.58,9869.79,6769.893,1.56,23.78,7.94,8.6,12.12,15.86,18.94,12.12,1.23
20111213,7.24,7.25,6.84,6.95,7.19,-0.24,-3.34,22630.83,15829.285,1.56,23.78,7.94,8.6,12.12,15.86,18.94,12.12,1.48
20111212,7.15,7.32,7.08,7.19,7.25,-0.06,-0.83,17015.44,12221.965,1.56,23.78,7.94,8.6,12.12,15.86,18.94,12.14,2.15
20111209,7.28,7.5,7.06,7.25,7.29,-0.04,-0.55,31405.98,22570.272,1.56,23.78,7.94,8.6,12.12,15.86,18.94,12.15,2.03
20111207,7.2,7.34,7.14,7.29,7.27,0.02,0.28,21102.26,15304.47,1.56,23.78,7.94,8.6,12.34,15.86,18.94,12.17,2.3
20111206,7.5,7.52,6.99,7.27,7.5,-0.23,-3.07,37807.84,27067.263,1.56,23.78,7.94,8.6,12.34,15.86,18.94,12.19,1.65
20111205,7.9,7.91,7.43,7.5,7.9,-0.4,-5.06,34236.54,25933.093,1.56,23.78,8.16,8.6,12.34,15.86,18.94,12.21,1.47
20111202,8.07,8.07,7.77,7.9,8.06,-0.16,-1.99,21490.58,16906.424,1.56,23.78,8.16,8.6,12.34,15.86,18.94,12.24,1.97
20111201,8.26,8.29,8.05,8.06,7.92,0.14,1.77,40701.37,33227.557,1.56,23.78,8.16,8.6,12.34,15.86,18.94,12.25,4.09
20111130,8.26,8.26,7.78,7.92,8.27,-0.35,-4.23,38560.04,30668.629,1.56,23.78,8.16,8.6,12.34,15.86,18.94,12.27,1.81
20111129,8.03,8.28,8.02,8.27,8.02,0.25,3.12,32785.93,26643.622,1.56,23.78,8.16,8.82,12.34,15.86,18.94,12.3,5.38
20111128,8.0,8.08,7.89,8.02,8.06,-0.04,-0.5,25427.85,20292.174,1.56,23.78,8.38,8.82,12.34,15.86,18.94,12.32,3.4
20111125,8.13,8.13,7.96,8.06,8.13,-0.07,-0.86,24236.16,19466.873,1.56,23.78,8.38,8.82,12.34,15.86,18.94,12.33,3.04
20111124,8.1,8.28,7.9,8.13,8.24,-0.11,-1.34,47009.09,38083.858,1.56,23.78,8.38,8.82,12.34,15.86,18.94,12.34,2.74
20111123,8.55,8.65,8.18,8.24,8.58,-0.34,-3.96,39529.98,33248.893,1.56,23.78,8.38,8.82,12.34,15.86,18.94,12.38,3.34
20111122,8.56,8.63,8.46,8.58,8.69,-0.11,-1.27,22312.49,19052.923,1.56,23.78,8.38,8.82,12.34,15.86,18.94,12.4,6.51
20111121,8.5,8.71,8.47,8.69,8.6,0.09,1.05,25381.15,21739.234,1.56,23.78,8.38,8.82,12.34,15.86,18.94,12.41,12.19
20111118,9.05,9.05,8.44,8.6,9.08,-0.48,-5.29,54545.77,47693.249,1.56,23.78,8.38,8.82,12.34,15.86,18.94,12.42,6.19
20111117,9.0,9.35,8.92,9.08,9.15,-0.07,-0.77,64951.88,58946.791,1.56,23.78,8.38,8.82,12.34,15.86,18.94,12.45,21.78
20111116,8.94,9.48,8.89,9.15,8.96,0.19,2.12,175271.25,161861.117,1.56,23.78,8.38,8.82,12.34,15.86,18.94,12.49,21.35
20111115,8.67,9.02,8.65,8.96,8.65,0.31,3.58,95232.41,84947.182,1.56,23.78,8.38,8.82,12.56,15.86,18.94,12.59,17.02
20111114,8.53,8.67,8.46,8.65,8.44,0.21,2.49,37272.51,32004.362,1.56,23.78,8.38,8.82,12.56,15.86,18.94,12.66,11.9
20111111,8.41,8.54,8.37,8.44,8.4,0.04,0.48,27072.24,22881.542,1.56,23.78,8.38,8.82,12.56,16.08,18.94,12.68,6.21
20111110,8.7,8.7,8.38,8.4,8.75,-0.35,-4.0,52487.4,44704.408,1.56,23.78,8.38,9.04,12.56,16.08,18.94,12.69,5.83
20111109,8.78,8.94,8.54,8.75,8.77,-0.02,-0.23,64871.33,56462.218,1.56,23.78,8.38,9.04,12.56,16.08,18.94,12.73,10.25
20111108,9.08,9.15,8.75,8.77,9.09,-0.32,-3.52,37969.64,33970.108,1.56,23.78,8.38,9.04,12.56,16.08,18.94,12.78,9.67
20111107,8.97,9.21,8.91,9.09,8.99,0.1,1.11,46424.0,42248.376,1.56,23.78,8.38,9.04,12.56,16.08,18.94,12.8,15.78
20111104,8.99,9.04,8.92,8.99,8.94,0.05,0.56,36713.8,32934.333,1.56,23.78,8.38,9.04,12.56,16.08,18.94,12.82,13.0
20111103,9.01,9.24,8.93,8.94,8.87,0.07,0.79,88800.48,80612.796,1.56,23.78,8.38,9.26,12.56,16.08,18.94,12.85,12.62
20111102,8.74,8.95,8.38,8.87,8.86,0.01,0.11,73753.55,63560.534,1.56,23.78,8.38,9.7,12.56,16.08,18.94,12.91,12.59
20111101,8.6,8.9,8.56,8.86,8.64,0.22,2.55,52395.24,45685.727,1.56,23.78,8.38,9.7,12.56,16.08,19.16,12.96,11.53
20111031,8.6,8.78,8.56,8.64,8.68,-0.04,-0.46,30562.19,26429.812,1.56,23.78,8.38,9.92,12.56,16.08,19.16,12.99,8.77
20111028,8.55,8.74,8.46,8.68,8.45,0.23,2.72,53054.66,45607.536,1.56,23.78,8.38,9.92,12.56,16.08,19.16,13.01,8.36
20111027,8.52,8.73,8.38,8.45,8.58,-0.13,-1.52,40831.77,34792.355,1.56,23.78,8.38,10.14,12.56,16.08,19.16,13.05,5.37
20111026,8.45,8.69,8.41,8.58,8.43,0.15,1.78,44575.59,38341.523,1.56,23.78,8.38,10.14,12.56,16.08,19.16,13.08,5.09
20111025,8.29,8.55,8.08,8.43,8.3,0.13,1.57,44800.73,37472.088,1.56,23.78,8.38,10.14,12.78,16.08,19.16,13.11,5.03
20111024,8.1,8.3,7.84,8.3,8.2,0.1,1.22,36907.62,29901.254,1.56,23.78,8.6,10.14,12.78,16.08,19.16,13.15,3.12
20111021,8.45,8.6,7.8,8.2,8.46,-0.26,-3.07,32683.47,26583.968,1.56,23.78,8.6,10.36,12.78,16.3,19.16,13.18,2.54
20111020,8.9,8.9,8.27,8.46,8.94,-0.48,-5.37,29050.06,24658.931,1.56,23.78,8.82,10.36,12.78,16.3,19.16,13.21,3.21
20111019,8.87,9.09,8.6,8.94,8.89,0.05,0.56,24348.04,21602.245,1.56,23.78,8.82,10.36,12.78,16.3,19.16,13.23,5.93
20111018,8.91,9.07,8.83,8.89,9.12,-0.23,-2.52,32811.11,29300.07,1.56,23.78,8.82,10.36,12.78,16.3,19.16,13.24,5.69
20111017,8.54,9.14,8.45,9.12,8.6,0.52,6.05,67125.95,59511.954,1.56,23.78,8.82,10.36,12.78,16.3,19.16,13.26,6.05
20111014,8.85,8.85,8.39,8.6,8.85,-0.25,-2.82,31510.3,27078.268,1.56,23.78,9.04,10.58,12.78,16.3,19.16,13.31,2.96
20111013,8.78,8.96,8.73,8.85,8.79,0.06,0.68,29295.63,25854.038,1.56,23.78,9.26,10.58,12.78,16.3,19.16,13.34,4.2
20111012,8.19,8.81,8.14,8.79,8.17,0.62,7.59,37632.02,32254.723,1.56,23.78,9.48,10.58,12.78,16.3,19.16,13.36,3.45
20111011,8.5,8.64,8.01,8.17,8.43,-0.26,-3.08,22231.13,18692.196,1.56,23.78,9.7,10.58,12.78,16.3,19.16,13.39,1.89
20111010,8.58,8.73,8.35,8.43,8.68,-0.25,-2.88,18630.04,15773.8,1.56,23.78,9.7,10.58,12.78,16.3,19.16,13.4,2.09
20110930,8.75,8.82,8.46,8.68,8.7,-0.02,-0.23,16079.67,13850.481,1.56,23.78,9.7,10.8,12.78,16.3,19.16,13.42,2.2
20110929,9.28,9.33,8.68,8.7,9.35,-0.65,-6.95,25661.11,22765.171,1.56,23.78,9.7,10.8,12.78,16.3,19.16,13.43,1.97
20110928,9.45,9.56,9.15,9.35,9.38,-0.03,-0.32,12937.66,12138.097,1.56,23.78,9.92,10.8,12.78,16.3,19.16,13.44,2.63
20110927,9.5,9.5,9.31,9.38,9.35,0.03,0.32,12629.6,11858.644,1.56,23.78,9.92,10.8,12.78,16.3,19.16,13.45,2.49
20110926,9.44,9.55,9.28,9.35,9.44,-0.09,-0.95,13915.91,13076.031,1.56,23.78,9.92,10.8,12.78,16.3,19.16,13.46,2.4
20110923,9.55,9.6,9.35,9.44,9.63,-0.19,-1.97,18825.23,17780.235,1.56,23.78,9.92,10.8,12.78,16.3,19.16,13.46,2.3
20110922,10.0,10.0,9.6,9.63,10.06,-0.43,-4.27,19303.58,19003.576,1.56,23.78,9.92,10.8,12.78,16.3,19.16,13.47,2.43
20110921,9.75,10.12,9.73,10.06,9.77,0.29,2.97,20190.9,20173.559,1.56,23.78,9.92,10.8,12.78,16.3,19.16,13.48,5.54
20110920,9.61,9.88,9.61,9.77,9.67,0.1,1.03,8592.27,8366.5,1.56,23.78,9.92,10.8,12.78,16.3,19.16,13.49,3.75
20110919,9.89,9.89,9.66,9.67,9.95,-0.28,-2.81,12328.6,12024.334,1.56,23.78,9.92,11.02,12.78,16.3,19.16,13.5,2.38
20110916,9.95,10.1,9.87,9.95,9.83,0.12,1.22,12331.33,12287.057,1.56,23.78,10.14,11.02,12.78,16.3,19.16,13.5,4.9
20110914,9.92,9.92,9.63,9.83,9.81,0.02,0.2,19336.1,18847.899,1.56,23.78,10.14,11.02,12.78,16.3,19.16,13.51,3.42
20110913,9.9,9.9,9.73,9.81,10.05,-0.24,-2.39,11921.1,11673.1,1.56,23.78,10.14,11.02,12.78,16.3,19.16,13.52,3.14
20110909,10.15,10.16,9.97,10.05,10.11,-0.06,-0.59,11300.57,11336.784,1.56,23.78,10.14,11.02,12.78,16.3,19.16,13.52,4.21
20110908,10.25,10.35,10.09,10.11,10.2,-0.09,-0.88,10650.03,10821.907,1.56,23.78,10.14,11.24,12.78,16.3,19.16,13.53,4.13
20110907,10.05,10.3,10.01,10.2,9.95,0.25,2.51,10928.95,11084.073,1.56,23.78,10.14,11.24,12.78,16.3,19.16,13.53,6.04
20110906,9.96,10.06,9.9,9.95,9.99,-0.04,-0.4,10704.21,10669.311,1.56,23.78,10.14,11.24,12.78,16.3,19.16,13.54,4.09
20110905,10.29,10.29,9.92,9.99,10.34,-0.35,-3.38,13132.01,13218.106,1.56,23.78,10.14,11.24,12.78,16.3,19.16,13.54,3.94
20110902,10.27,10.41,10.14,10.34,10.27,0.07,0.68,18854.78,19422.082,1.56,23.78,10.14,11.46,12.78,16.3,19.16,13.55,5.52
20110901,10.63,10.8,10.22,10.27,10.61,-0.34,-3.2,21671.97,22742.553,1.56,23.78,10.14,11.46,12.78,16.3,19.16,13.55,5.39
20110831,10.77,10.83,10.49,10.61,10.77,-0.16,-1.49,19590.21,20782.855,1.56,23.78,10.14,11.46,12.78,16.3,19.16,13.57,10.43
20110830,10.9,11.14,10.7,10.77,10.9,-0.13,-1.19,27131.67,29665.98,1.56,23.78,10.14,11.68,12.78,16.3,19.16,13.57,10.24
20110829,10.9,11.15,10.74,10.9,10.94,-0.04,-0.37,32895.22,36015.468,1.56,23.78,10.14,11.68,12.78,16.3,19.16,13.58,12.13
20110826,10.78,10.98,10.69,10.94,10.8,0.14,1.3,29368.1,31818.349,1.56,23.78,10.14,11.68,13.0,16.3,19.16,13.59,11.83
20110825,10.65,10.89,10.54,10.8,10.65,0.15,1.41,29388.15,31586.831,1.56,23.78,10.14,11.68,13.0,16.3,19.16,13.61,10.19
20110824,10.57,10.83,10.46,10.65,10.41,0.24,2.31,33937.66,36196.227,1.56,23.78,10.14,11.68,13.0,16.3,19.16,13.62,9.91
20110823,10.37,10.47,10.3,10.41,10.37,0.04,0.39,17208.14,17905.858,1.56,23.78,10.14,11.68,13.0,16.3,19.16,13.63,8.02
20110822,10.25,10.49,10.25,10.37,10.38,-0.01,-0.1,18340.76,19033.185,1.56,23.78,10.14,11.68,13.0,16.3,19.16,13.64,7.78
20110819,10.28,10.4,10.12,10.38,10.44,-0.06,-0.57,24447.05,25131.661,1.56,23.78,10.14,11.68,13.0,16.3,19.16,13.65,7.53
20110818,10.86,10.86,10.42,10.44,10.84,-0.4,-3.69,39155.38,41532.146,1.56,23.78,10.14,11.9,13.0,16.3,19.16,13.66,7.15
20110817,10.3,11.3,10.26,10.84,10.28,0.56,5.45,76897.93,82947.294,1.56,23.78,10.14,11.9,13.0,16.3,19.16,13.68,8.98
20110816,10.55,10.61,10.23,10.28,10.51,-0.23,-2.19,29633.0,30745.806,1.56,23.78,10.14,11.9,13.0,16.52,19.16,13.72,5.14
20110815,10.37,10.56,10.34,10.51,10.34,0.17,1.64,32164.68,33688.423,1.56,23.78,10.14,11.9,13.0,16.52,19.16,13.73,6.66
20110812,10.34,10.41,10.22,10.34,10.24,0.1,0.98,38153.55,39339.643,1.56,23.78,10.14,11.9,13.0,16.52,19.16,13.75,5.05
20110811,9.9,10.26,9.75,10.24,10.13,0.11,1.09,44106.21,44036.62,1.56,23.78,10.36,11.9,13.0,16.52,19.16,13.77,4.79
20110810,10.06,10.47,10.0,10.13,9.81,0.32,3.26,56030.39,57262.997,1.56,23.78,10.58,11.9,13.0,16.52,19.16,13.8,3.41
20110809,9.75,10.08,9.5,9.81,10.19,-0.38,-3.73,60420.45,58929.827,1.56,23.78,11.02,12.12,13.0,16.52,19.16,13.83,2.93
20110808,11.05,11.1,10.15,10.19,11.28,-1.09,-9.66,75778.56,79092.354,1.56,23.78,11.46,12.12,13.0,16.52,19.16,13.87,2.55
20110805,11.41,11.64,11.27,11.28,11.76,-0.48,-4.08,40749.24,46574.607,1.56,23.78,11.68,12.12,13.22,16.52,19.16,13.91,3.41
20110804,11.75,11.87,11.6,11.76,11.74,0.02,0.17,32435.87,38045.962,1.56,23.78,11.68,12.12,13.22,16.52,19.16,13.93,7.12
20110803,11.77,11.93,11.69,11.74,11.81,-0.07,-0.59,20914.35,24713.774,1.56,23.78,11.68,12.12,13.22,16.52,19.16,13.94,6.67
20110802,11.72,11.9,11.65,11.81,11.84,-0.03,-0.25,30153.94,35367.45,1.56,23.78,11.68,12.12,13.22,16.52,19.16,13.94,6.53
20110801,12.0,12.0,11.77,11.84,12.01,-0.17,-1.42,48907.34,57904.93,1.56,23.78,11.68,12.12,13.22,16.52,19.16,13.96,6.1
20110729,12.47,12.58,11.75,12.01,12.57,-0.56,-4.46,75332.79,91362.037,1.56,23.78,11.68,12.12,13.22,16.52,19.16,13.97,9.8
20110728,13.01,13.27,12.41,12.57,13.08,-0.51,-3.9,85220.8,108674.885,1.56,23.78,11.68,12.12,13.22,16.74,19.16,14.0,35.0
20110727,12.88,13.13,12.62,13.08,12.89,0.19,1.47,63406.02,81959.61,1.56,23.78,11.68,12.12,13.22,16.74,19.16,14.01,47.3
20110726,12.42,13.0,12.4,12.89,12.42,0.47,3.78,66684.62,85575.639,1.56,23.78,11.68,12.12,13.22,16.74,19.16,14.03,42.0
20110725,12.55,12.81,12.24,12.42,12.55,-0.13,-1.04,50838.02,63638.357,1.56,23.78,11.68,12.12,13.22,16.74,19.16,14.06,25.79
20110722,12.6,12.74,12.52,12.55,12.63,-0.08,-0.63,26729.47,33682.445,1.56,23.78,11.68,12.12,13.22,16.74,19.16,14.08,25.49
20110721,12.71,12.87,12.62,12.63,12.71,-0.08,-0.63,30254.64,38534.668,1.56,23.78,11.68,12.12,13.22,16.74,19.16,14.09,34.35
20110720,12.75,12.92,12.5,12.71,12.79,-0.08,-0.63,52184.9,66083.799,1.56,23.78,11.68,12.12,13.44,16.74,19.16,14.1,34.3
20110719,13.48,13.48,12.6,12.79,13.64,-0.85,-6.23,103586.68,133316.397,1.56,23.78,11.68,12.12,13.44,16.74,19.16,14.12,39.03
20110718,13.7,13.97,13.61,13.64,13.77,-0.13,-0.94,39110.07,53676.01,1.56,23.78,11.68,12.12,13.44,16.96,19.16,14.15,53.03
20110715,13.33,14.05,13.33,13.77,13.39,0.38,2.84,104289.49,144016.184,1.56,23.78,11.68,12.12,13.44,16.96,19.16,14.15,57.02
20110714,13.5,13.51,13.32,13.39,13.5,-0.11,-0.81,50109.33,67193.888,1.56,23.78,11.68,12.12,13.44,16.96,19.38,14.17,49.77
20110713,13.37,13.64,13.24,13.5,13.49,0.01,0.07,80665.61,108580.287,1.56,23.78,11.68,12.12,13.44,16.96,19.38,14.18,53.6
20110712,12.85,13.69,12.78,13.49,13.01,0.48,3.69,173909.96,232501.206,1.56,23.78,11.68,12.12,13.22,16.96,19.38,14.2,52.95
20110711,12.39,13.05,12.19,13.01,12.4,0.61,4.92,77511.63,98716.39,1.56,23.78,11.68,12.12,13.22,17.18,19.38,14.25,46.75
20110708,12.53,12.65,12.3,12.4,12.62,-0.22,-1.74,32793.27,40746.273,1.56,23.78,11.68,12.12,13.44,17.18,19.38,14.28,29.52
20110707,12.83,12.88,12.54,12.62,12.89,-0.27,-2.09,52701.45,67012.924,1.56,23.78,11.68,12.12,13.44,17.18,19.38,14.3,37.61
20110706,12.6,12.93,12.51,12.89,12.67,0.22,1.74,46024.27,58492.492,1.56,23.78,11.68,12.12,13.66,17.18,19.38,14.32,41.31
20110705,12.65,12.88,12.53,12.67,12.65,0.02,0.16,47545.18,60419.691,1.56,23.78,11.68,12.12,13.66,17.18,19.38,14.34,37.02
20110704,12.22,12.69,12.22,12.65,12.25,0.4,3.27,65273.41,81609.123,1.56,23.78,11.68,12.12,13.66,17.18,19.38,14.36,36.73
20110701,12.43,12.73,12.22,12.25,12.44,-0.19,-1.53,36430.15,44942.523,1.56,23.78,11.68,12.12,13.88,17.18,19.38,14.39,20.09
20110630,12.29,12.53,12.1,12.44,12.35,0.09,0.73,44596.34,55115.277,1.56,23.78,11.68,12.12,13.88,17.18,19.38,14.41,29.17
20110628,12.19,12.41,12.12,12.35,12.22,0.13,1.06,34982.03,43025.23,1.56,23.78,11.68,12.12,13.88,17.18,19.6,14.43,28.48
20110627,12.04,12.32,12.0,12.22,12.05,0.17,1.41,33800.44,41209.677,1.56,23.78,11.68,12.12,13.88,17.18,19.6,14.45,19.75
20110624,11.83,12.27,11.77,12.05,11.89,0.16,1.35,43745.44,52825.827,1.56,23.78,11.68,12.12,14.1,17.18,19.6,14.47,12.13
20110623,11.64,11.91,11.52,11.89,11.73,0.16,1.36,24300.4,28564.357,1.56,23.78,11.68,12.12,14.1,17.4,19.6,14.5,6.78
20110622,11.67,11.76,11.61,11.73,11.69,0.04,0.34,13942.66,16279.44,1.56,23.78,11.68,12.12,14.32,17.4,19.6,14.51,6.44
20110621,11.42,11.71,11.42,11.69,11.43,0.26,2.27,20554.29,23828.404,1.56,23.78,11.68,12.12,14.32,17.4,19.6,14.52,6.16
20110620,11.68,11.85,11.39,11.43,11.66,-0.23,-1.97,29510.09,34150.651,1.56,23.78,11.68,12.12,14.32,17.4,19.6,14.53,3.08
20110617,11.65,11.95,11.62,11.66,11.65,0.01,0.09,28424.17,33511.231,1.56,23.78,11.68,12.12,14.32,17.4,19.6,14.56,3.33
20110616,12.02,12.14,11.63,11.65,12.2,-0.55,-4.51,54591.39,64682.235,1.56,23.78,11.9,12.12,14.32,17.4,19.6,14.58,3.28
20110615,12.37,12.46,12.18,12.2,12.37,-0.17,-1.37,24237.9,29889.361,1.56,23.78,11.9,12.34,14.54,17.4,19.6,14.62,14.88
20110614,12.28,12.46,12.19,12.37,12.27,0.1,0.82,23755.73,29332.628,1.56,23.78,11.9,12.34,14.54,17.4,19.6,14.63,23.02
20110613,12.0,12.35,11.93,12.27,12.2,0.07,0.57,21888.29,26726.37,1.56,23.78,11.9,12.34,14.54,17.4,19.6,14.64,14.69
20110610,12.44,12.49,11.96,12.2,12.46,-0.26,-2.09,58681.12,71151.537,1.56,23.78,11.9,12.34,14.54,17.4,19.6,14.65,14.43
20110609,13.14,13.14,12.44,12.46,13.14,-0.68,-5.18,53784.98,68777.873,1.56,23.78,11.9,12.34,14.54,17.4,19.6,14.69,21.21
20110608,13.02,13.25,12.84,13.14,13.13,0.01,0.08,59438.78,77430.863,1.56,23.78,11.9,12.34,14.54,17.4,19.6,14.72,34.52
20110607,13.33,13.38,13.01,13.13,13.32,-0.19,-1.43,51028.52,67178.231,1.56,23.78,11.9,12.34,14.76,17.62,19.6,14.74,34.11
20110603,13.21,13.35,13.06,13.32,13.21,0.11,0.83,58828.2,77837.808,1.56,23.78,11.9,12.34,14.76,17.62,19.6,14.77,37.16
20110602,13.06,13.48,12.96,13.21,13.25,-0.04,-0.3,120094.33,158759.816,1.56,23.78,11.9,12.34,14.76,17.62,19.6,14.79,34.27
20110601,12.68,13.28,12.5,13.25,12.68,0.57,4.5,109044.12,141192.927,1.56,23.78,11.9,12.34,14.98,17.62,19.6,14.84,35.35
20110531,12.2,12.69,12.01,12.68,12.11,0.57,4.71,38014.35,46795.748,1.56,23.78,11.9,12.12,14.98,17.84,19.6,14.9,29.88
20110530,12.41,12.45,12.02,12.11,12.41,-0.3,-2.42,43528.85,52992.541,1.56,23.78,11.9,12.34,14.98,17.84,19.82,14.92,8.63
20110527,12.62,12.68,12.26,12.41,12.61,-0.2,-1.59,48586.39,60250.763,1.56,23.78,11.9,12.34,14.98,17.84,19.82,14.95,22.03
20110526,12.65,12.7,12.53,12.61,12.58,0.03,0.24,51647.98,65036.785,1.56,23.78,11.9,12.34,15.2,17.84,19.82,14.98,27.7
20110525,12.53,12.68,12.46,12.58,12.66,-0.08,-0.63,59968.97,75191.583,1.56,23.78,11.9,12.34,15.2,18.06,19.82,15.02,26.95
20110524,12.36,12.69,12.21,12.66,12.52,0.14,1.12,84763.64,105707.107,1.56,23.78,11.9,12.34,15.2,18.06,19.82,15.05,25.96
20110523,12.14,12.58,12.1,12.52,12.24,0.28,2.29,105630.95,130644.908,1.56,23.78,11.9,12.34,15.2,18.06,19.82,15.11,20.41
20110520,11.89,12.32,11.83,12.24,11.9,0.34,2.86,55120.75,66943.848,1.56,23.78,11.9,12.34,15.42,18.28,19.82,15.19,14.27
20110519,12.13,12.19,11.9,11.9,12.11,-0.21,-1.73,29149.47,35083.546,1.56,23.78,11.9,12.34,15.42,18.28,19.82,15.24,4.22
20110518,11.95,12.19,11.9,12.11,12.07,0.04,0.33,27296.9,32983.233,1.56,23.78,11.9,12.34,15.42,18.28,19.82,15.26,8.36
20110517,12.09,12.27,11.73,12.07,12.05,0.02,0.17,57524.5,68856.514,1.56,23.78,11.9,12.34,15.42,18.28,19.82,15.28,8.11
20110516,12.26,12.47,12.03,12.05,12.21,-0.16,-1.31,51711.21,63056.778,1.56,23.78,11.9,12.34,15.42,18.28,19.82,15.32,7.31
20110513,12.15,12.28,11.95,12.21,12.19,0.02,0.16,40794.17,49417.843,1.56,23.78,11.9,12.56,15.42,18.28,19.82,15.37,10.21
20110512,12.43,12.45,12.15,12.19,12.58,-0.39,-3.1,43888.95,54068.156,1.56,23.78,11.9,12.56,15.42,18.28,19.82,15.41,9.36
20110511,12.42,12.63,12.18,12.58,12.44,0.14,1.13,56022.25,69394.6,1.56,23.78,11.9,12.56,15.42,18.5,19.82,15.44,16.55
20110510,12.61,12.7,12.27,12.44,12.6,-0.16,-1.27,39329.72,48880.803,1.56,23.78,11.9,12.56,15.42,18.5,19.82,15.48,12.13
20110509,12.44,12.9,12.43,12.6,12.49,0.11,0.88,38319.88,48624.361,1.56,23.78,11.9,12.78,15.64,18.5,19.82,15.52,14.67
20110506,12.36,12.66,12.2,12.49,12.36,0.13,1.05,35536.22,44194.694,1.56,23.78,11.9,12.78,15.64,18.5,19.82,15.54,11.64
20110505,12.59,12.85,12.28,12.36,12.59,-0.23,-1.83,45925.27,57069.349,1.56,23.78,11.9,12.78,15.64,18.5,19.82,15.57,11.17
20110504,12.65,13.1,12.54,12.59,12.73,-0.14,-1.1,80402.94,103008.408,1.56,23.78,11.9,13.0,15.64,18.5,19.82,15.61,12.69
20110503,12.1,12.88,11.93,12.73,12.0,0.73,6.08,95319.68,120035.012,1.56,23.78,11.9,13.44,15.64,18.72,19.82,15.67,12.33
20110429,11.8,12.1,11.79,12.0,11.78,0.22,1.87,44525.17,53366.583,1.56,23.78,11.9,13.66,15.64,18.72,20.04,15.74,7.24
20110428,11.85,12.11,11.71,11.78,11.85,-0.07,-0.59,52267.82,62186.992,1.56,23.78,11.9,13.66,15.64,18.72,20.04,15.79,4.14
20110427,12.39,12.46,11.6,11.85,12.34,-0.49,-3.97,127983.61,153110.634,1.56,23.78,11.9,13.88,15.64,18.72,20.04,15.84,3.99
20110426,13.14,13.14,12.1,12.34,13.15,-0.81,-6.16,101278.53,126627.368,1.56,23.78,12.56,14.1,15.86,18.72,20.04,15.97,4.02
20110425,13.5,13.68,13.09,13.15,13.68,-0.53,-3.87,63720.72,84509.05,1.56,23.78,13.44,14.32,15.86,18.72,20.04,16.06,4.14
20110422,14.06,14.06,13.48,13.68,14.04,-0.36,-2.56,83556.46,114262.356,1.56,23.78,13.66,14.32,15.86,18.72,20.04,16.11,7.92
20110421,13.85,14.25,13.85,14.04,13.83,0.21,1.52,57949.82,81528.154,1.56,23.78,13.66,14.54,15.86,18.94,20.04,16.16,9.43
20110420,13.7,14.06,13.55,13.83,13.7,0.13,0.95,71870.88,99437.691,1.56,23.78,13.66,14.54,15.86,18.94,20.04,16.19,6.63
20110419,13.96,13.96,13.66,13.7,14.22,-0.52,-3.66,95912.53,132086.723,1.56,23.78,13.66,14.54,15.86,18.94,20.04,16.24,5.58
20110418,14.45,14.52,14.18,14.22,14.49,-0.27,-1.86,58337.18,83332.733,1.56,23.78,14.1,14.76,15.86,18.94,20.04,16.3,5.88
20110415,14.6,14.72,14.33,14.49,14.68,-0.19,-1.29,39986.29,58004.633,1.56,23.78,14.1,14.76,16.08,18.94,20.04,16.34,7.37
20110414,14.5,14.8,14.37,14.68,14.53,0.15,1.03,65182.33,95549.02,1.56,23.78,14.1,14.76,16.08,18.94,20.04,16.36,11.91
20110413,14.47,14.55,14.22,14.53,14.49,0.04,0.28,59663.7,85655.511,1.56,23.78,14.1,14.76,16.08,18.94,20.04,16.39,6.87
20110412,14.78,14.93,14.4,14.49,14.75,-0.26,-1.76,65271.67,95174.244,1.56,23.78,14.1,14.98,16.08,18.94,20.04,16.42,6.0
20110411,14.74,15.05,14.71,14.75,14.71,0.04,0.27,62136.46,92351.055,1.56,23.78,14.1,14.98,16.08,18.94,20.04,16.46,8.83
20110408,14.84,14.87,14.51,14.71,14.84,-0.13,-0.88,59506.89,87434.338,1.56,23.78,14.1,14.98,16.08,18.94,20.04,16.48,8.77
20110407,14.66,14.98,14.39,14.84,14.89,-0.05,-0.34,88372.87,129398.081,1.56,23.78,14.1,14.98,16.08,18.94,20.26,16.51,10.98
20110406,15.89,16.0,14.51,14.89,16.08,-1.19,-7.4,186492.98,280408.439,1.56,23.78,14.1,15.2,16.3,19.16,20.26,16.56,9.06
20110325,15.48,16.26,15.41,16.08,15.44,0.64,4.15,185538.8,296872.035,1.56,23.78,14.1,15.2,16.3,19.16,20.26,16.64,40.94
20110324,15.5,15.72,15.35,15.44,15.51,-0.07,-0.45,55203.19,85672.374,1.56,23.78,13.88,15.2,16.52,19.16,20.26,16.69,25.06
20110323,15.1,15.54,15.09,15.51,15.1,0.41,2.72,69811.02,107442.518,1.56,23.78,13.88,15.2,16.52,19.16,20.26,16.71,24.52
20110322,15.2,15.34,14.9,15.1,15.2,-0.1,-0.66,38068.84,57305.955,1.56,23.78,13.88,15.2,16.52,19.16,20.26,16.74,11.92
20110321,15.39,15.5,15.19,15.2,15.42,-0.22,-1.43,51075.59,78277.848,1.56,23.78,13.88,15.2,16.74,19.16,20.26,16.75,11.4
20110318,15.43,15.59,15.3,15.42,15.25,0.17,1.11,34891.24,53767.223,1.56,23.78,13.88,15.2,16.74,19.16,20.26,16.78,15.69
20110317,15.5,15.59,15.16,15.25,15.73,-0.48,-3.05,61634.69,94809.878,1.56,23.78,13.88,15.2,16.74,19.16,20.26,16.79,15.41
20110316,15.48,15.95,15.32,15.73,15.41,0.32,2.08,100514.95,158108.384,1.56,23.78,13.88,15.42,16.74,19.16,20.26,16.82,26.7
20110315,15.74,15.74,14.9,15.41,15.73,-0.32,-2.03,100729.52,154009.009,1.56,23.78,13.88,15.42,16.74,19.38,20.26,16.85,14.83
20110314,15.81,16.3,15.6,15.73,15.58,0.15,0.96,166672.73,265041.836,1.56,23.78,13.88,15.42,16.96,19.38,20.48,16.91,23.62
20110311,15.67,15.78,15.41,15.58,15.78,-0.2,-1.27,91939.36,143259.28,1.56,23.78,13.88,15.42,16.96,19.38,20.48,16.95,18.25
20110310,16.0,16.03,15.64,15.78,15.91,-0.13,-0.82,73815.68,116636.641,1.56,23.78,13.88,15.42,16.96,19.38,20.48,17.0,21.65
20110309,16.17,16.17,15.55,15.91,16.01,-0.1,-0.62,106464.64,168291.167,1.56,23.78,13.88,15.42,16.96,19.38,20.48,17.03,26.28
20110308,16.23,16.23,15.87,16.01,16.41,-0.4,-2.44,83330.53,133167.31,1.56,23.78,13.88,15.42,16.96,19.38,20.48,17.07,24.75
20110307,15.9,16.7,15.79,16.41,15.91,0.5,3.14,151660.54,244554.653,1.56,23.78,13.88,15.42,17.18,19.38,20.48,17.09,32.57
20110304,15.76,15.94,15.4,15.91,15.75,0.16,1.02,107264.47,167122.615,1.56,23.78,13.66,15.2,17.18,19.38,20.48,17.14,24.29
20110303,16.51,16.65,15.7,15.75,16.51,-0.76,-4.6,100033.7,161194.622,1.56,23.78,13.66,15.2,17.18,19.6,20.48,17.19,19.65
20110302,17.01,17.01,16.44,16.51,17.02,-0.51,-3.0,87488.61,144844.635,1.56,23.78,13.66,15.2,17.18,19.6,20.48,17.23,27.14
20110301,17.02,17.45,16.9,17.02,17.15,-0.13,-0.76,73517.89,126115.505,1.56,23.78,13.66,15.2,17.18,19.6,20.48,17.25,43.66
20110228,16.49,17.22,16.23,17.15,16.4,0.75,4.57,96751.28,161292.965,1.56,23.78,13.66,15.2,17.18,19.6,20.7,17.25,43.53
20110225,17.05,17.09,16.38,16.4,17.04,-0.64,-3.76,87030.5,143908.723,1.56,23.78,13.66,15.2,17.4,19.6,20.7,17.27,28.04
20110224,17.12,17.29,16.85,17.04,17.12,-0.08,-0.47,39788.41,67962.918,1.56,23.78,13.66,15.2,17.4,19.6,20.7,17.3,41.11
20110223,16.6,17.33,16.57,17.12,16.77,0.35,2.09,53324.1,90807.541,1.56,23.78,13.66,15.2,17.4,19.6,20.7,17.3,40.85
20110222,17.12,17.55,16.74,16.77,17.14,-0.37,-2.16,76781.38,131445.562,1.56,23.78,13.66,15.2,17.4,19.6,20.7,17.31,35.18
20110221,16.8,17.24,16.59,17.14,17.0,0.14,0.82,86338.76,146073.776,1.56,23.78,13.66,15.2,17.4,19.6,20.7,17.32,40.2
20110218,17.33,17.49,16.95,17.0,17.55,-0.55,-3.13,60182.74,103136.58,1.56,23.78,13.44,15.2,17.62,19.82,20.7,17.34,39.27
20110217,17.38,17.61,17.1,17.55,17.53,0.02,0.11,76412.98,132495.896,1.56,23.78,13.44,15.2,17.62,19.82,20.7,17.35,48.65
20110216,16.05,17.64,16.02,17.53,16.04,1.49,9.29,161204.56,276463.44,1.56,23.78,13.44,15.2,17.62,19.82,20.7,17.36,47.71
20110215,16.2,16.3,16.01,16.04,16.15,-0.11,-0.68,56370.1,91073.685,1.56,23.78,13.44,14.98,17.84,19.82,20.7,17.39,26.58
20110214,15.8,16.3,15.78,16.15,15.76,0.39,2.47,57738.22,92641.261,1.56,23.78,13.44,14.98,17.84,19.82,20.7,17.42,28.48
20110211,15.8,15.96,15.5,15.76,15.74,0.02,0.13,42674.44,67213.535,1.56,23.78,13.44,14.98,17.84,19.82,20.7,17.44,24.33
20110210,15.3,15.77,15.26,15.74,15.43,0.31,2.01,52830.04,81734.725,1.56,23.78,13.44,14.98,18.06,19.82,20.7,17.47,23.89
20110209,15.35,15.92,15.11,15.43,15.38,0.05,0.33,48182.37,75040.287,1.56,23.78,13.44,14.98,18.06,19.82,20.7,17.5,21.34
20110201,14.86,15.49,14.74,15.38,14.84,0.54,3.64,57331.72,87078.949,1.56,23.78,13.44,14.98,18.06,19.82,20.7,17.52,19.23
20110131,15.01,15.29,14.78,14.84,14.96,-0.12,-0.8,63163.23,94307.974,1.56,23.78,13.44,14.98,18.06,19.82,20.7,17.56,11.84
20110127,15.05,15.22,14.71,14.96,15.11,-0.15,-0.99,59392.15,89246.773,1.56,23.78,13.44,15.2,18.28,19.82,20.7,17.61,11.48
20110126,14.21,15.12,14.09,15.11,14.29,0.82,5.74,56576.76,84053.238,1.56,23.78,13.44,15.2,18.28,19.82,20.7,17.65,13.6
20110125,14.28,14.3,13.45,14.29,14.28,0.01,0.07,43155.8,59943.46,1.56,23.78,13.44,15.42,18.28,19.82,20.7,17.69,6.85
20110124,15.18,15.3,14.24,14.28,15.09,-0.81,-5.37,45880.89,67360.451,1.56,23.78,13.44,15.42,18.28,19.82,20.7,17.75,5.85
20110121,14.68,15.34,14.68,15.09,14.73,0.36,2.44,41565.37,62657.792,1.56,23.78,13.44,15.64,18.28,19.82,20.7,17.78,10.45
20110120,15.31,15.6,14.61,14.73,15.31,-0.58,-3.79,40419.88,60599.757,1.56,23.78,13.44,15.86,18.5,19.82,20.7,17.82,6.8
20110119,15.0,15.41,14.95,15.31,14.92,0.39,2.61,39810.97,60925.473,1.56,23.78,13.44,15.86,18.5,19.82,20.7,17.84,10.87
20110118,14.7,15.07,14.58,14.92,14.92,0.0,0.0,33176.34,49149.79,1.56,23.78,13.44,16.08,18.5,19.82,20.7,17.88,7.87
20110117,16.47,16.47,14.92,14.92,16.58,-1.66,-10.01,82043.2,125898.713,1.56,23.78,13.44,16.3,18.5,19.82,20.7,17.9,7.39
20110114,16.98,17.01,16.47,16.58,16.97,-0.39,-2.3,25080.48,41698.644,1.56,23.78,13.44,16.3,18.5,20.04,20.7,17.96,17.94
20110113,17.38,17.5,16.7,16.97,17.2,-0.23,-1.34,32187.46,54710.454,1.56,23.78,13.44,16.3,18.5,20.04,20.7,17.98,23.48
20110112,17.02,17.54,17.0,17.2,16.98,0.22,1.3,61189.84,105785.697,1.56,23.78,13.44,16.3,18.5,20.04,20.7,17.99,27.79
20110111,17.07,17.07,16.52,16.98,17.05,-0.07,-0.41,36542.24,61623.436,1.56,23.78,13.44,16.3,18.72,20.04,20.7,18.0,23.33
20110110,18.18,18.24,16.88,17.05,18.16,-1.11,-6.11,79209.43,137364.107,1.56,23.78,13.44,16.3,18.72,20.04,20.7,18.02,22.63
20110107,18.13,18.39,17.86,18.16,18.18,-0.02,-0.11,46230.09,83867.807,1.56,23.78,13.44,16.3,18.72,20.04,20.92,18.04,40.27
20110106,18.61,19.01,18.05,18.18,18.7,-0.52,-2.78,61048.03,112736.243,1.56,23.78,13.44,16.3,18.72,20.04,20.92,18.05,39.97
20110105,18.8,19.29,18.62,18.7,18.86,-0.16,-0.85,62832.64,118701.766,1.56,23.78,13.44,16.3,18.72,20.04,20.92,18.04,46.75
20110104,19.1,19.2,18.61,18.86,19.12,-0.26,-1.36,51222.58,96473.081,1.56,23.78,13.44,16.3,18.72,20.04,20.92,18.04,52.81
20101231,18.99,19.26,18.57,19.12,19.18,-0.06,-0.31,68352.36,129688.432,1.56,23.78,13.44,16.3,18.72,20.04,20.92,18.04,59.49
20101230,17.41,19.2,17.08,19.18,17.45,1.73,9.91,103184.31,190479.295,1.56,23.78,13.44,16.3,18.72,20.04,20.92,18.03,66.4
20101229,17.38,17.49,16.96,17.45,17.33,0.12,0.69,41440.28,71288.882,1.56,23.78,13.44,16.3,18.72,20.04,20.92,18.03,32.04
20101228,17.6,17.6,17.0,17.33,17.61,-0.28,-1.59,37221.11,64192.952,1.56,23.78,13.44,16.3,18.72,20.04,20.92,18.05,27.83
20101227,18.02,18.32,17.4,17.61,17.75,-0.14,-0.79,38121.92,68409.899,1.56,23.78,13.44,16.3,18.72,20.04,20.92,18.06,30.7
20101224,18.3,18.3,17.45,17.75,18.41,-0.66,-3.59,45659.84,81369.978,1.56,23.78,13.44,16.3,18.72,20.04,20.92,18.07,34.15
20101223,18.8,19.07,18.4,18.41,18.69,-0.28,-1.5,38971.41,73076.798,1.56,23.78,13.44,16.3,18.72,20.04,20.92,18.07,42.11
20101222,18.85,19.24,18.63,18.69,18.82,-0.13,-0.69,50798.99,96034.4,1.56,23.78,13.44,16.08,18.94,20.04,20.92,18.07,45.45
20101221,18.77,19.07,18.5,18.82,18.69,0.13,0.7,43910.79,82555.168,1.56,23.78,13.44,16.08,18.94,20.04,20.92,18.07,49.82
20101220,19.28,19.33,18.12,18.69,19.16,-0.47,-2.45,85739.87,159964.833,1.56,23.78,13.44,16.08,18.94,20.04,20.92,18.07,46.21
20101217,19.68,19.85,18.99,19.16,19.72,-0.56,-2.84,85511.07,165431.022,1.56,23.78,13.44,16.08,18.94,20.26,20.92,18.06,54.37
20101216,20.0,20.15,19.6,19.72,20.08,-0.36,-1.79,62686.84,124410.372,1.56,23.78,13.44,16.08,18.72,20.26,20.92,18.05,74.16
20101215,19.98,20.29,19.7,20.08,19.91,0.17,0.85,69027.49,138205.11,1.56,23.78,13.44,16.08,18.72,20.26,20.92,18.03,84.43
20101214,20.25,20.4,19.6,19.91,20.15,-0.24,-1.19,84993.03,169464.162,1.56,23.78,13.44,16.08,18.72,20.26,20.92,18.0,81.03
20101213,19.72,20.3,19.72,20.15,19.52,0.63,3.23,96665.55,193619.649,1.56,23.78,13.44,16.08,18.72,20.26,20.92,17.97,84.51
20101210,19.41,19.79,19.03,19.52,19.44,0.08,0.41,40673.48,79575.471,1.56,23.78,13.44,16.08,18.5,20.26,20.92,17.93,74.43
20101209,19.88,19.92,18.9,19.44,19.74,-0.3,-1.52,49768.96,97372.431,1.56,23.78,13.44,16.08,18.5,20.26,20.92,17.92,74.43
20101208,19.85,20.08,19.61,19.74,19.86,-0.12,-0.6,52736.72,104570.317,1.56,23.78,13.44,16.08,18.5,20.26,20.92,17.9,79.07
20101207,19.18,19.99,18.66,19.86,19.31,0.55,2.85,80371.69,157766.098,1.56,23.78,13.44,15.86,18.5,20.26,20.92,17.89,82.38
20101206,18.89,19.35,18.5,19.31,18.89,0.42,2.22,61463.44,116434.558,1.56,23.78,13.44,15.86,18.28,20.26,20.92,17.87,69.38
20101203,19.25,19.36,18.56,18.89,19.23,-0.34,-1.77,42006.44,79167.004,1.56,23.78,13.44,15.86,18.28,20.26,20.92,17.86,56.74
20101202,19.31,19.78,19.08,19.23,19.14,0.09,0.47,63833.31,124016.384,1.56,23.78,13.44,15.86,18.28,20.26,20.92,17.85,68.61
20101201,19.5,19.56,18.88,19.14,19.59,-0.45,-2.3,69999.31,133931.19,1.56,23.78,13.44,15.86,18.28,20.26,20.92,17.82,62.58
20101130,20.7,20.7,19.0,19.59,20.76,-1.17,-5.64,134920.0,264481.857,1.56,23.78,13.44,15.86,18.28,20.26,20.92,17.82,74.76
20101129,20.77,21.16,20.32,20.76,20.96,-0.2,-0.95,62277.66,129572.011,1.56,23.78,13.22,15.86,18.06,20.48,20.92,17.76,92.29
20101126,20.39,20.99,20.05,20.96,20.34,0.62,3.05,89988.68,184033.06,1.56,23.78,13.22,15.86,18.06,20.26,20.92,17.73,95.92
20101125,21.3,21.57,20.27,20.34,21.02,-0.68,-3.24,121105.49,251182.845,1.56,23.78,13.22,15.86,18.06,20.04,20.92,17.67,87.15
20101124,20.63,21.66,20.45,21.02,21.03,-0.01,-0.05,113413.83,237792.992,1.56,23.78,13.22,15.64,17.84,19.6,20.92,17.58,96.45
20101123,20.5,21.19,19.88,21.03,20.89,0.14,0.67,140215.07,287245.311,1.56,23.78,13.22,15.64,17.84,19.6,20.7,17.5,97.62
20101122,20.4,21.81,20.0,20.89,20.09,0.8,3.98,279889.97,582649.317,1.56,23.78,13.22,15.64,17.62,19.38,20.48,17.4,96.67
20101119,18.55,20.09,18.31,20.09,18.26,1.83,10.02,253449.61,495931.515,1.56,23.78,13.0,15.64,17.62,19.16,19.6,17.16,99.78
20101118,18.5,18.93,17.45,18.26,18.2,0.06,0.33,85412.13,154368.6,1.56,23.78,12.56,15.42,17.4,19.16,19.6,17.02,66.67
20101117,19.0,19.5,18.0,18.2,18.99,-0.79,-4.16,83169.49,154364.632,1.56,23.78,12.56,15.42,17.4,19.16,19.6,17.0,66.84
20101116,18.5,20.25,18.49,18.99,18.46,0.53,2.87,239060.2,464283.141,1.56,23.78,12.56,15.42,17.4,19.16,19.6,16.97,81.67
20101115,17.3,18.5,17.2,18.46,17.19,1.27,7.39,100277.03,180255.548,1.56,23.78,12.12,15.2,17.18,19.16,19.38,16.83,75.78
20101112,18.88,18.88,17.01,17.19,18.85,-1.66,-8.81,121971.49,218209.216,1.56,23.78,12.12,15.2,17.18,19.16,19.38,16.82,52.31
20101111,19.35,19.47,18.77,18.85,19.47,-0.62,-3.18,107999.91,207685.462,1.56,23.78,12.12,15.2,17.18,19.16,19.38,16.79,79.48
20101110,19.14,19.77,18.81,19.47,19.21,0.26,1.35,149861.06,291481.94,1.56,23.78,12.12,15.2,17.18,18.94,19.38,16.74,95.94
20101109,18.8,19.77,18.8,19.21,18.55,0.66,3.56,282295.73,543346.387,1.56,23.78,12.12,14.98,16.96,18.94,19.38,16.65,93.07
20101108,17.41,18.68,17.22,18.55,17.35,1.2,6.92,183731.83,328904.785,1.56,23.78,11.9,14.98,16.96,18.28,19.16,16.47,88.33
20101105,16.73,17.56,16.33,17.35,16.68,0.67,4.02,127849.83,218551.831,1.56,23.78,11.68,14.76,16.74,18.28,19.16,16.41,63.96
20101104,16.6,16.76,16.23,16.68,16.61,0.07,0.42,74138.41,122277.692,1.56,23.78,11.68,14.76,16.74,18.5,19.16,16.4,46.24
20101103,17.21,17.3,16.58,16.61,17.21,-0.6,-3.49,74800.15,125872.709,1.56,23.78,11.68,14.76,16.74,18.5,19.16,16.41,45.57
20101102,17.45,17.9,17.18,17.21,17.39,-0.18,-1.04,112711.72,197899.054,1.56,23.78,11.68,14.76,16.74,18.5,19.16,16.4,61.81
20101101,17.52,17.52,16.9,17.39,17.43,-0.04,-0.23,154315.51,265422.6,1.56,23.78,11.68,14.76,16.74,18.5,19.38,16.38,63.32
20101029,17.16,17.9,17.16,17.43,17.24,0.19,1.1,110801.81,194739.85,1.56,23.78,11.68,14.76,16.74,18.5,19.38,16.35,68.26
20101028,17.2,17.6,16.87,17.24,17.36,-0.12,-0.69,69393.13,118981.74,1.56,23.78,11.68,14.76,16.52,18.5,19.38,16.34,64.02
20101027,16.45,17.63,16.25,17.36,16.52,0.84,5.08,176241.62,300153.769,1.56,23.78,11.68,14.54,16.52,18.5,19.38,16.33,63.74
20101026,16.63,16.73,16.35,16.52,16.65,-0.13,-0.78,85279.33,140309.361,1.56,23.78,11.46,14.54,16.52,18.72,19.38,16.31,46.1
20101025,16.31,16.79,16.04,16.65,16.4,0.25,1.52,84615.49,139574.65,1.56,23.78,11.46,14.54,16.52,18.72,19.38,16.3,51.85
20101022,16.66,16.7,16.24,16.4,16.61,-0.21,-1.26,65285.99,107029.092,1.56,23.78,11.46,14.54,16.52,18.72,19.38,16.31,45.76
20101021,16.58,17.11,16.44,16.61,16.76,-0.15,-0.9,99257.15,165913.607,1.56,23.78,11.46,14.54,16.52,18.72,19.38,16.31,50.35
20101020,16.1,16.76,15.8,16.76,16.19,0.57,3.52,140380.58,231469.427,1.56,23.78,11.46,14.54,16.52,18.72,19.38,16.33,53.53
20101019,15.19,16.28,15.19,16.19,15.33,0.86,5.61,100546.23,160154.877,1.56,23.78,11.46,14.32,16.74,18.72,19.38,16.33,42.04
20101018,15.89,15.89,15.02,15.33,15.79,-0.46,-2.91,87469.15,134013.089,1.56,23.78,11.46,14.32,16.74,18.72,19.38,16.35,25.43
20101015,15.8,16.12,15.35,15.79,15.79,0.0,0.0,138721.53,218878.145,1.56,23.78,11.46,14.32,16.96,18.72,19.38,16.37,31.49
20101014,17.55,17.65,15.69,15.79,17.43,-1.64,-9.41,249910.46,402830.316,1.56,23.78,11.24,14.32,16.96,18.94,19.38,16.41,30.51
20101013,17.7,17.97,17.15,17.43,17.69,-0.26,-1.47,68634.26,119691.177,1.56,23.78,11.24,14.1,17.18,18.94,19.38,16.4,57.1
20101012,17.05,17.8,17.05,17.69,17.12,0.57,3.33,82995.19,145934.209,1.56,23.78,11.24,14.1,17.18,18.94,19.38,16.39,61.33
20101011,17.99,18.15,17.01,17.12,17.95,-0.83,-4.62,140263.25,246135.613,1.56,23.78,11.24,14.1,17.18,18.94,19.38,16.38,49.98
20101008,17.98,18.33,17.61,17.95,17.8,0.15,0.84,66811.82,120764.592,1.56,23.78,11.02,13.88,16.96,18.94,19.38,16.34,64.1
20100930,17.65,17.93,17.08,17.8,18.01,-0.21,-1.17,127361.61,222683.084,1.56,23.78,11.02,13.88,16.74,18.94,19.38,16.33,60.8
20100929,18.65,18.92,17.98,18.01,18.8,-0.79,-4.2,40532.25,75216.473,1.56,23.78,11.02,13.88,16.74,18.94,19.38,16.29,63.34
20100928,19.25,19.45,18.7,18.8,19.14,-0.34,-1.78,37607.91,71439.984,1.56,23.78,11.02,13.88,16.74,18.94,19.38,16.28,81.51
20100927,18.8,19.25,18.71,19.14,18.83,0.31,1.65,37779.47,71729.023,1.56,23.78,11.02,13.88,16.74,18.94,19.38,16.26,86.75
20100921,18.85,19.04,18.65,18.83,18.85,-0.02,-0.11,24008.6,45190.463,1.56,23.78,11.02,13.66,16.74,18.94,19.38,16.24,82.5
20100920,19.05,19.38,18.78,18.85,19.03,-0.18,-0.95,26606.5,50745.976,1.56,23.78,11.02,13.66,16.52,18.94,19.38,16.23,82.6
20100917,19.2,19.45,18.8,19.03,19.15,-0.12,-0.63,39382.81,74815.454,1.56,23.78,11.02,13.66,16.52,18.94,19.38,16.21,86.94
20100916,19.53,19.9,18.72,19.15,19.71,-0.56,-2.84,59008.86,113235.788,1.56,23.78,11.02,13.66,16.52,18.94,19.38,16.2,87.34
20100915,20.2,20.59,19.57,19.71,20.2,-0.49,-2.43,58562.21,116921.489,1.56,23.78,11.02,13.66,16.52,18.94,19.38,16.14,97.55
20100914,19.13,20.22,19.12,20.2,19.11,1.09,5.7,102697.65,202961.656,1.56,23.78,11.02,13.66,16.52,18.72,19.38,16.11,100.05
20100913,19.12,19.58,18.99,19.11,19.12,-0.01,-0.05,52911.11,101747.711,1.56,23.78,10.8,13.66,16.52,18.5,19.16,16.02,91.75
20100910,19.3,19.35,18.75,19.12,19.3,-0.18,-0.93,43691.21,83417.966,1.56,23.78,10.8,13.66,16.3,18.5,19.16,15.99,92.82
20100909,19.46,19.59,18.9,19.3,19.35,-0.05,-0.26,70289.5,134233.279,1.56,23.78,10.8,13.44,16.3,18.5,19.16,15.96,96.11
20100908,19.06,19.8,19.0,19.35,19.05,0.3,1.57,89912.1,173961.461,1.56,23.78,10.8,13.44,16.3,18.5,19.16,15.9,96.31
20100906,18.81,19.88,18.81,19.05,18.76,0.29,1.55,161505.39,313767.463,1.56,23.78,10.8,13.44,16.3,18.28,18.94,15.85,95.85
20100903,18.01,19.17,17.75,18.76,18.07,0.69,3.82,125849.54,232610.332,1.56,23.78,10.8,13.44,16.08,18.28,18.72,15.71,97.44
20100902,18.01,18.22,17.7,18.07,17.91,0.16,0.89,69161.71,124494.003,1.56,23.78,10.58,13.44,16.08,18.28,18.72,15.62,83.73
20100901,18.5,18.69,17.65,17.91,18.44,-0.53,-2.87,56511.92,102742.659,1.56,23.78,10.58,13.44,16.08,18.28,18.72,15.6,79.51
20100831,18.5,18.56,18.1,18.44,18.62,-0.18,-0.97,73734.12,135245.939,1.56,23.78,10.58,13.22,15.86,18.28,18.72,15.56,89.69
20100830,18.02,18.72,17.99,18.62,17.87,0.75,4.2,48655.02,90318.448,1.56,23.78,10.58,13.22,15.86,18.06,18.72,15.52,94.78
20100827,17.83,17.9,17.55,17.87,17.75,0.12,0.68,23613.3,41973.756,1.56,23.78,10.58,13.22,15.86,18.06,18.72,15.49,82.57
20100826,17.72,18.0,17.45,17.75,17.72,0.03,0.17,41146.9,72756.908,1.56,23.78,10.58,13.22,15.86,18.06,18.72,15.48,79.67
20100825,18.4,18.64,17.7,17.72,18.41,-0.69,-3.75,46531.85,84142.133,1.56,23.78,10.58,13.22,15.86,18.06,18.72,15.46,79.82
20100824,18.25,18.68,18.1,18.41,18.34,0.07,0.38,30797.03,56790.415,1.56,23.78,10.58,13.22,15.86,18.06,18.72,15.44,90.54
20100823,18.2,18.51,18.02,18.34,18.15,0.19,1.05,44252.93,81134.667,1.56,23.78,10.58,13.22,15.86,18.06,18.72,15.43,90.77
20100820,18.4,18.4,17.96,18.15,18.43,-0.28,-1.52,37247.44,67621.21,1.56,23.78,10.58,13.22,15.86,18.06,18.72,15.39,87.22
20100819,18.86,19.0,18.15,18.43,18.85,-0.42,-2.23,68823.68,126790.034,1.56,23.78,10.58,13.22,15.86,17.84,18.72,15.37,90.85
20100818,19.05,19.3,18.59,18.85,19.05,-0.2,-1.05,51258.41,96552.151,1.56,23.78,10.58,13.22,15.64,17.84,18.72,15.33,97.73
20100817,18.99,19.38,18.6,19.05,18.99,0.06,0.32,53557.23,101614.363,1.56,23.78,10.58,13.22,15.64,17.62,18.5,15.3,99.49
20100816,18.5,19.3,18.15,18.99,18.3,0.69,3.77,76735.63,144523.397,1.56,23.78,10.58,13.22,15.64,17.62,18.5,15.25,99.84
20100813,18.08,18.33,17.71,18.3,17.89,0.41,2.29,54831.41,99508.332,1.56,23.78,10.58,13.22,15.64,17.4,18.28,15.19,95.58
20100812,17.58,18.33,17.45,17.89,17.77,0.12,0.68,54543.56,98249.534,1.56,23.78,10.58,13.22,15.64,17.4,18.28,15.16,91.24
20100811,17.54,17.99,17.51,17.77,17.62,0.15,0.85,58586.29,103632.526,1.56,23.78,10.58,13.22,15.64,17.18,18.28,15.13,90.01
20100810,18.53,18.54,17.6,17.62,18.51,-0.89,-4.81,76815.46,138397.09,1.56,23.78,10.58,13.22,15.42,17.18,18.28,15.09,89.17
20100809,18.87,18.92,18.1,18.51,18.68,-0.17,-0.91,65211.43,120839.892,1.56,23.78,10.58,13.0,15.42,16.96,18.28,15.05,98.39
20100806,18.4,18.85,18.01,18.68,18.46,0.22,1.19,78144.24,144399.865,1.56,23.78,10.58,13.0,15.42,16.96,18.28,14.99,98.76
20100805,18.3,18.88,18.08,18.46,18.44,0.02,0.11,145952.8,270096.371,1.56,23.78,10.58,13.0,15.42,16.96,17.84,14.94,97.38
20100804,16.86,18.6,16.86,18.44,16.99,1.45,8.53,181071.07,318582.158,1.56,23.78,10.58,13.0,15.2,16.74,17.18,14.82,99.87
20100803,16.99,17.55,16.78,16.99,16.8,0.19,1.13,188849.96,324542.798,1.56,23.78,10.36,12.78,15.2,16.52,16.96,14.69,95.2
20100802,16.35,16.86,16.34,16.8,16.56,0.24,1.45,76694.79,127511.036,1.56,23.78,10.36,12.78,14.98,16.52,16.74,14.58,95.4
20100730,16.65,16.79,16.12,16.56,16.78,-0.22,-1.31,108375.64,178275.605,1.56,23.78,10.14,12.56,14.98,16.3,16.74,14.54,90.73
20100729,15.55,16.8,15.49,16.78,15.49,1.29,8.33,280442.62,447760.613,1.56,23.78,10.14,12.56,14.98,16.3,16.74,14.49,95.28
20100728,15.4,16.15,15.31,15.49,15.4,0.09,0.58,158840.27,248431.644,1.56,23.78,9.92,12.34,14.76,16.3,16.74,14.38,67.13
20100727,15.5,15.6,15.16,15.4,15.43,-0.03,-0.19,42570.22,65458.678,1.56,23.78,9.7,12.12,14.76,16.3,16.96,14.34,63.76
20100726,15.2,15.61,15.07,15.43,15.04,0.39,2.59,58253.65,89848.43,1.56,23.78,9.7,12.12,14.76,16.3,16.96,14.33,68.6
20100723,14.83,15.32,14.73,15.04,14.75,0.29,1.97,72646.25,109425.917,1.56,23.78,9.7,12.12,14.76,16.3,16.96,14.32,59.81
20100722,14.65,14.9,14.58,14.75,14.66,0.09,0.61,34561.08,50946.053,1.56,23.78,9.7,12.12,14.76,16.3,16.96,14.31,46.23
20100721,14.83,15.05,14.6,14.66,14.85,-0.19,-1.28,52568.9,78042.367,1.56,23.78,9.7,12.12,14.76,16.52,16.96,14.32,46.23
20100720,14.33,14.94,14.33,14.85,14.33,0.52,3.63,53100.81,78270.382,1.56,23.78,9.7,12.12,14.76,16.52,16.96,14.31,53.61
20100719,14.15,14.41,13.93,14.33,14.18,0.15,1.06,31614.66,45111.907,1.56,23.78,9.7,12.12,14.76,16.52,16.96,14.32,40.2
20100716,14.4,14.58,13.97,14.18,14.55,-0.37,-2.54,41558.8,58579.753,1.56,23.78,9.7,12.12,14.76,16.52,16.96,14.32,35.44
20100715,14.58,14.78,14.4,14.55,14.63,-0.08,-0.55,44021.1,64076.424,1.56,23.78,9.7,12.12,14.76,16.52,16.96,14.32,45.36
20100714,14.85,14.99,14.55,14.63,14.79,-0.16,-1.08,24600.48,36271.972,1.56,23.78,9.7,12.12,14.76,16.52,16.96,14.33,45.12
20100713,15.15,15.15,14.5,14.79,15.24,-0.45,-2.95,38338.95,56565.107,1.56,23.78,9.7,12.12,14.76,16.52,16.96,14.33,51.4
20100712,14.8,15.46,14.8,15.24,14.73,0.51,3.46,62093.96,93853.334,1.56,23.78,9.7,12.12,14.76,16.52,16.96,14.33,60.26
20100709,14.11,14.81,14.11,14.73,14.37,0.36,2.51,30564.88,44457.746,1.56,23.78,9.7,12.12,14.76,16.52,16.96,14.32,45.75
20100708,14.9,14.98,13.8,14.37,14.84,-0.47,-3.17,58732.53,83915.164,1.56,23.78,9.7,11.9,14.76,16.52,16.96,14.32,40.59
20100707,14.85,15.1,14.75,14.84,14.82,0.02,0.14,27729.4,41371.915,1.56,23.78,9.7,11.9,14.76,16.52,16.96,14.33,50.65
20100706,14.22,14.98,14.22,14.82,14.4,0.42,2.92,24707.36,36400.275,1.56,23.78,9.7,11.9,14.76,16.52,16.96,14.32,50.52
20100705,14.78,14.78,14.05,14.4,14.81,-0.41,-2.77,37407.07,53501.209,1.56,23.78,9.7,11.9,14.76,16.52,16.96,14.33,40.31
20100702,14.67,14.85,14.19,14.81,14.6,0.21,1.44,57831.16,84116.312,1.56,23.78,9.7,11.9,14.98,16.52,16.96,14.33,49.72
20100701,14.69,14.89,14.41,14.6,14.47,0.13,0.9,35798.15,52437.08,1.56,23.78,9.7,11.9,14.98,16.52,16.96,14.34,43.92
20100630,14.75,14.85,14.19,14.47,14.75,-0.28,-1.9,43844.66,63256.502,1.56,23.78,9.7,11.9,14.98,16.52,16.96,14.33,40.33
20100629,16.11,16.27,14.6,14.75,16.11,-1.36,-8.44,90786.48,138018.694,1.56,23.78,9.7,11.9,14.98,16.52,16.96,14.34,43.26
20100628,16.86,16.99,16.05,16.11,16.86,-0.75,-4.45,58531.71,96074.47,1.56,23.78,9.7,11.9,14.98,16.52,16.96,14.32,75.49
20100625,16.91,17.05,16.63,16.86,16.96,-0.1,-0.59,34284.1,57553.916,1.56,23.78,9.7,11.9,14.98,16.52,16.96,14.29,93.42
20100624,17.13,17.29,16.75,16.96,17.09,-0.13,-0.76,55624.08,94652.615,1.56,23.78,9.7,11.9,14.98,16.52,16.96,14.28,93.71
20100623,16.45,17.1,16.22,17.09,16.45,0.64,3.89,97310.78,164154.4,1.56,23.78,9.7,11.9,14.76,16.52,16.96,14.24,98.24
20100622,16.38,16.67,16.18,16.45,16.37,0.08,0.49,34283.08,56499.308,1.56,23.78,9.48,11.9,14.76,16.3,16.74,14.19,85.54
20100621,15.88,16.38,15.52,16.37,16.4,-0.03,-0.18,42369.96,67380.255,1.56,23.78,9.48,11.9,14.76,16.3,16.74,14.17,85.7
20100617,16.3,16.88,16.3,16.4,16.3,0.1,0.61,45239.67,75095.301,1.56,23.78,9.48,11.9,14.76,16.3,16.74,14.16,85.53
20100611,16.6,16.92,16.27,16.3,16.57,-0.27,-1.63,32152.77,53043.997,1.56,23.78,9.48,11.68,14.76,16.3,16.74,14.14,81.18
20100610,16.25,16.95,16.06,16.57,16.19,0.38,2.35,71585.68,119154.779,1.56,23.78,9.48,11.68,14.76,16.3,16.74,14.12,91.13
20100609,15.7,16.35,15.7,16.19,15.7,0.49,3.12,58853.24,95053.69,1.56,23.78,9.48,11.68,14.76,16.3,16.74,14.09,82.92
20100608,15.66,15.81,15.4,15.7,15.69,0.01,0.06,43473.31,67923.657,1.56,23.78,9.48,11.68,14.76,16.3,16.74,14.05,74.03
20100607,14.81,15.97,14.81,15.69,15.52,0.17,1.1,56598.91,86695.705,1.56,23.78,9.48,11.68,14.54,16.3,16.74,14.05,73.82
20100604,15.37,15.73,15.3,15.52,15.44,0.08,0.52,31133.99,48412.868,1.56,23.78,9.48,11.68,14.54,16.3,16.96,14.03,69.0
20100603,15.6,16.0,15.4,15.44,15.58,-0.14,-0.9,39237.05,61686.334,1.56,23.78,9.48,11.68,14.54,16.3,16.96,14.03,69.06
20100602,15.6,15.75,14.91,15.58,15.63,-0.05,-0.32,45912.09,70553.495,1.56,23.78,9.48,11.68,14.54,16.3,16.96,14.01,69.4
20100601,16.55,16.71,15.15,15.63,16.59,-0.96,-5.79,110938.67,176677.696,1.56,23.78,9.48,11.68,14.54,16.3,16.96,14.01,69.21
20100531,15.8,17.19,15.7,16.59,15.8,0.79,5.0,142991.03,238271.921,1.56,23.78,9.26,11.68,14.54,16.3,16.96,13.96,90.55
20100528,16.08,16.39,15.75,15.8,15.95,-0.15,-0.94,44190.23,71146.472,1.56,23.78,9.26,11.68,14.32,16.3,16.74,13.87,76.64
20100527,16.0,16.11,15.39,15.95,16.08,-0.13,-0.81,65291.66,103120.318,1.56,23.78,9.26,11.68,14.32,16.3,16.74,13.85,81.41
20100526,15.8,16.24,15.71,16.08,16.0,0.08,0.5,35416.1,56625.393,1.56,23.78,9.04,11.68,14.32,16.3,16.74,13.82,81.35
20100525,16.35,16.47,15.7,16.0,16.45,-0.45,-2.74,57939.6,92950.715,1.56,23.78,9.04,11.68,14.1,16.3,16.74,13.81,81.51
20100524,16.15,16.65,16.15,16.45,16.14,0.31,1.92,90587.67,149070.43,1.56,23.78,9.04,11.68,14.1,16.3,16.96,13.77,87.7
20100521,14.88,16.16,14.65,16.14,15.22,0.92,6.04,109677.44,170642.592,1.56,23.78,9.04,11.46,14.1,16.08,16.96,13.72,85.97
20100520,14.8,15.46,14.62,15.22,14.8,0.42,2.84,85424.02,129461.919,1.56,23.78,8.82,11.46,13.88,16.08,16.96,13.67,76.1
20100519,14.8,15.24,14.6,14.8,14.81,-0.01,-0.07,52795.88,78918.264,1.56,23.78,8.82,11.46,13.88,16.08,16.96,13.65,68.93
20100518,14.15,14.83,13.79,14.81,14.2,0.61,4.3,42407.05,60582.488,1.56,23.78,8.82,11.46,13.88,16.08,16.96,13.63,69.21
20100517,14.8,15.25,14.18,14.2,15.02,-0.82,-5.46,60155.32,88808.366,1.56,23.78,8.82,11.46,13.66,16.3,16.96,13.63,55.48
20100514,14.66,15.05,14.36,15.02,14.66,0.36,2.46,49430.73,72944.754,1.56,23.78,8.82,11.46,13.66,16.3,16.96,13.62,72.76
20100513,14.0,14.7,13.98,14.66,13.99,0.67,4.79,37968.51,54475.16,1.56,23.78,8.82,11.46,13.66,16.3,16.96,13.6,64.03
20100512,13.78,14.35,13.58,13.99,13.99,0.0,0.0,55572.34,77912.772,1.56,23.78,8.82,11.46,13.66,16.3,16.96,13.6,54.81
20100511,14.79,14.98,13.78,13.99,14.47,-0.48,-3.32,45158.74,65086.38,1.56,23.78,8.82,11.46,13.66,16.3,16.96,13.6,54.76
20100510,14.7,14.99,14.07,14.47,14.7,-0.23,-1.56,38438.84,55508.552,1.56,23.78,8.82,11.46,13.66,16.3,16.96,13.59,59.52
20100507,14.6,15.15,14.25,14.7,14.95,-0.25,-1.67,51757.64,76156.529,1.56,23.78,8.82,11.46,13.66,16.3,16.96,13.58,62.83
20100506,15.87,15.87,14.5,14.95,15.74,-0.79,-5.02,36510.26,56315.921,1.56,23.78,8.6,11.46,13.44,16.3,16.96,13.57,67.43
20100505,14.99,15.97,14.85,15.74,15.08,0.66,4.38,66898.34,103954.946,1.56,23.78,8.6,11.46,13.44,16.3,16.96,13.56,78.55
20100504,14.27,15.18,14.2,15.08,14.72,0.36,2.45,50313.11,75215.692,1.56,23.78,8.6,11.46,13.44,16.3,16.96,13.53,72.24
20100430,14.88,14.89,14.0,14.72,14.93,-0.21,-1.41,88056.41,127955.607,1.56,23.78,8.6,11.46,13.44,16.3,16.96,13.52,64.75
20100429,15.7,16.0,14.8,14.93,15.68,-0.75,-4.78,79783.99,122489.246,1.56,23.78,8.6,11.46,13.44,16.3,16.96,13.5,68.26
20100428,15.55,16.07,15.4,15.68,15.7,-0.02,-0.13,49487.49,77810.321,1.56,23.78,8.6,11.24,13.44,16.3,16.96,13.47,77.37
20100427,16.64,16.64,15.4,15.7,16.64,-0.94,-5.65,92773.05,146222.592,1.56,23.78,8.6,11.24,13.44,16.52,16.96,13.44,77.45
20100426,17.2,17.57,16.35,16.64,17.05,-0.41,-2.4,70887.38,118905.268,1.56,23.78,8.6,11.24,13.44,16.52,16.96,13.39,88.3
20100423,16.61,17.3,16.61,17.05,16.93,0.12,0.71,87574.45,148997.324,1.56,23.78,8.6,11.24,13.44,16.3,16.96,13.33,97.84
20100422,16.8,17.2,16.52,16.93,16.88,0.05,0.3,74804.23,126227.733,1.56,23.78,8.6,11.24,13.22,16.08,16.74,13.26,95.45
20100421,16.46,17.15,16.25,16.88,16.43,0.45,2.74,86190.5,145358.694,1.56,23.78,8.38,11.24,13.22,16.08,16.74,13.19,96.31
20100420,15.56,16.5,15.48,16.43,15.53,0.9,5.8,95085.34,151702.169,1.56,23.78,8.38,11.24,13.22,15.86,16.74,13.12,91.34
20100419,16.6,16.79,15.5,15.53,16.87,-1.34,-7.94,103991.71,167397.539,1.56,23.78,8.38,11.24,13.22,15.42,16.74,13.05,85.28
20100416,17.28,17.28,16.51,16.87,17.13,-0.26,-1.52,74975.91,126762.383,1.56,23.78,8.38,11.24,13.22,14.98,16.74,12.97,96.56
20100415,16.9,17.24,16.62,17.13,16.9,0.23,1.36,78221.21,132947.793,1.56,23.78,8.38,11.02,13.22,14.98,16.52,12.9,98.93
20100414,16.48,17.1,16.28,16.9,16.58,0.32,1.93,67168.34,112096.896,1.56,23.78,8.38,11.02,13.22,14.98,16.3,12.83,98.62
20100413,16.85,17.5,15.97,16.58,16.81,-0.23,-1.37,158085.64,263213.615,1.56,23.78,8.38,11.02,13.22,14.76,16.3,12.77,97.76
20100412,15.85,16.83,15.85,16.81,15.76,1.05,6.66,123922.91,203218.966,1.56,23.78,8.38,11.02,13.0,14.76,15.2,12.61,100.02
20100409,15.21,15.95,15.01,15.76,15.2,0.56,3.68,98581.92,153949.374,1.56,23.78,8.38,11.02,13.0,14.54,14.98,12.5,99.68
20100408,14.74,15.33,14.54,15.2,14.78,0.42,2.84,84956.89,128082.0,1.56,23.78,8.38,11.02,13.0,14.1,14.98,12.43,98.66
20100407,14.71,14.81,14.4,14.78,14.68,0.1,0.68,80247.51,117262.742,1.56,23.78,8.16,11.02,13.0,14.1,14.76,12.38,96.3
20100406,14.86,15.28,14.6,14.68,14.86,-0.18,-1.21,130015.88,194124.333,1.56,23.78,8.16,10.8,12.78,13.88,14.76,12.34,91.83
20100402,14.8,15.19,14.6,14.86,14.84,0.02,0.13,119523.41,177399.32,1.56,23.78,8.16,10.8,12.78,13.66,14.76,12.25,97.88
20100401,14.27,15.08,14.27,14.84,14.26,0.58,4.07,199542.02,295145.445,1.56,23.78,8.16,10.8,12.56,13.66,14.32,12.18,98.94
20100331,13.51,14.35,13.4,14.26,13.5,0.76,5.63,192126.85,270832.975,1.56,23.78,8.16,10.8,12.56,13.44,13.88,12.05,98.96
20100330,13.3,13.6,13.3,13.5,13.4,0.1,0.75,54531.36,73391.875,1.56,23.78,8.16,10.58,12.34,13.44,13.66,11.96,90.33
20100329,13.46,13.78,13.31,13.4,13.63,-0.23,-1.69,72365.89,97225.683,1.56,23.78,8.16,10.58,12.34,13.44,13.66,11.94,79.54
20100326,13.31,13.85,13.21,13.63,13.51,0.12,0.89,63312.51,85903.886,1.56,23.78,8.16,10.58,12.34,13.44,13.66,11.92,90.87
20100325,13.79,13.85,13.36,13.51,13.8,-0.29,-2.1,65299.81,88570.556,1.56,23.78,8.16,10.58,12.12,13.44,13.66,11.9,91.18
20100324,13.5,13.97,13.35,13.8,13.4,0.4,2.99,114928.81,157569.352,1.56,23.78,8.16,10.36,12.12,13.44,13.66,11.87,96.29
20100323,13.46,13.55,13.16,13.4,13.46,-0.06,-0.45,96609.77,128660.818,1.56,23.78,7.94,10.36,12.12,13.22,13.66,11.82,85.09
20100322,13.65,13.65,13.17,13.46,13.72,-0.26,-1.9,166449.89,222770.1,1.56,23.78,7.94,10.36,12.12,13.22,13.66,11.79,93.44
20100319,13.4,14.05,13.19,13.72,13.27,0.45,3.39,220555.61,302378.531,1.56,23.78,7.94,10.36,12.12,13.22,13.66,11.73,96.78
20100318,13.35,13.46,13.0,13.27,13.48,-0.21,-1.56,176091.27,232583.92,1.56,23.78,7.94,10.14,11.9,13.22,13.44,11.63,90.7
20100317,13.23,13.58,12.9,13.48,13.22,0.26,1.97,210722.54,276938.871,1.56,23.78,7.94,9.92,11.9,13.22,13.44,11.56,96.24
20100316,12.9,13.65,12.8,13.22,13.15,0.07,0.53,292684.82,387776.641,1.56,23.78,7.94,9.92,11.9,13.0,13.44,11.47,85.77
20100315,12.35,13.2,12.13,13.15,12.29,0.86,7.0,390520.98,498156.321,1.56,23.78,7.72,9.7,11.68,12.78,13.44,11.34,90.18
20100312,11.67,12.48,11.55,12.29,11.5,0.79,6.87,243508.79,296191.707,1.56,23.78,7.72,9.48,11.68,12.78,13.44,11.21,76.87
20100311,11.63,11.69,11.3,11.5,11.63,-0.13,-1.12,45061.01,51666.189,1.56,23.78,7.72,9.04,11.46,12.78,13.44,11.16,51.45
20100310,11.5,12.1,11.49,11.63,11.41,0.22,1.93,96195.93,113112.111,1.56,23.78,7.72,9.04,11.46,12.78,13.44,11.15,51.31
20100309,11.57,11.57,11.28,11.41,11.63,-0.22,-1.89,33549.62,38176.695,1.56,23.78,7.5,9.04,11.46,12.78,13.44,11.14,42.95
20100308,11.22,11.74,11.2,11.63,11.22,0.41,3.65,54190.91,62109.847,1.56,23.78,7.5,9.04,11.46,12.78,13.44,11.14,52.0
20100305,11.66,11.8,11.17,11.22,11.66,-0.44,-3.77,81855.83,92789.529,1.56,23.78,7.5,8.82,11.46,12.78,13.44,11.14,36.68
20100304,12.35,12.66,11.61,11.66,12.35,-0.69,-5.59,71215.2,86171.118,1.56,23.78,7.5,8.82,11.46,13.0,13.44,11.13,51.07
20100303,11.81,12.53,11.81,12.35,11.91,0.44,3.69,98401.31,120357.209,1.56,23.78,7.5,8.82,11.46,13.0,13.66,11.12,79.18
20100302,11.61,11.93,11.18,11.91,11.6,0.31,2.67,87512.9,101553.443,1.56,23.78,7.5,8.82,11.46,13.0,13.66,11.1,69.35
20100301,11.58,11.88,11.45,11.6,11.68,-0.08,-0.68,65317.42,75656.166,1.56,23.78,7.5,8.82,11.46,13.0,13.66,11.09,53.05
20100226,11.61,11.95,11.4,11.68,11.63,0.05,0.43,73018.9,86231.609,1.56,23.78,7.5,8.6,11.46,13.0,13.66,11.09,52.88
20100225,11.45,11.75,11.32,11.63,11.45,0.18,1.57,65711.32,75593.334,1.56,23.78,7.5,8.6,11.46,13.0,13.66,11.08,53.3
20100224,11.02,11.56,10.92,11.45,11.05,0.4,3.62,59322.07,67290.16,1.56,23.78,7.5,8.6,11.46,13.0,13.66,11.07,47.11
20100223,11.31,11.39,10.7,11.05,11.31,-0.26,-2.3,55694.38,61045.087,1.56,23.78,7.5,8.6,11.46,13.0,13.66,11.07,41.65
20100222,11.41,11.5,11.08,11.31,11.44,-0.13,-1.14,24890.56,27903.949,1.56,23.78,7.5,8.6,11.46,13.0,13.66,11.08,45.99
20100212,11.04,11.55,11.0,11.44,11.05,0.39,3.53,68609.37,77689.701,1.56,23.78,7.5,8.6,11.46,13.0,13.66,11.08,45.78
20100211,10.7,11.15,10.65,11.05,10.71,0.34,3.17,43426.22,47615.39,1.56,23.78,7.5,8.6,11.46,13.0,13.66,11.08,41.29
20100210,10.45,10.89,10.45,10.71,10.56,0.15,1.42,29632.81,31735.859,1.56,23.78,7.5,8.6,11.46,13.0,13.66,11.08,33.24
20100209,10.79,11.08,10.21,10.56,10.81,-0.25,-2.31,84485.1,89249.68,1.56,23.78,7.5,8.6,11.68,13.0,13.66,11.08,30.5
20100208,11.4,11.55,10.77,10.81,11.58,-0.77,-6.65,86928.65,96176.064,1.56,23.78,7.5,8.6,11.68,13.22,13.66,11.1,35.15
20100205,11.5,12.18,11.49,11.58,12.06,-0.48,-3.98,61807.2,72905.624,1.56,23.78,7.5,8.38,11.68,13.22,13.66,11.1,47.58
20100204,11.95,12.27,11.71,12.06,11.96,0.1,0.84,88982.72,106803.353,1.56,23.78,7.5,8.38,11.68,13.22,13.66,11.09,62.95
20100203,12.0,12.1,11.11,11.96,11.8,0.16,1.36,72074.0,84894.88,1.56,23.78,7.5,8.38,11.68,13.22,13.66,11.07,62.94
20100202,11.5,12.2,11.5,11.8,11.56,0.24,2.08,101250.11,119412.078,1.56,23.78,7.5,8.38,11.68,13.22,13.66,11.07,56.28
20100201,11.95,12.09,11.35,11.56,12.23,-0.67,-5.48,107111.49,125695.37,1.56,23.78,7.28,8.38,11.46,13.22,13.66,11.05,50.4
20100129,11.16,12.35,11.08,12.23,11.23,1.0,8.9,195147.74,237966.998,1.56,23.78,7.28,8.38,11.46,13.22,13.66,11.03,66.97
20100128,10.91,11.25,10.82,11.23,10.91,0.32,2.93,87878.41,97706.839,1.56,23.78,7.28,8.38,11.46,13.22,13.66,10.99,44.77
20100127,11.15,11.3,10.76,10.91,11.2,-0.29,-2.59,92724.56,102069.533,1.56,23.78,7.28,8.38,11.46,13.22,13.66,10.99,41.9
20100126,11.75,11.8,11.09,11.2,11.68,-0.48,-4.11,71975.46,82157.472,1.56,23.78,7.28,8.38,11.46,13.22,13.66,10.99,43.5
20100125,12.3,12.48,11.58,11.68,12.38,-0.7,-5.65,66603.64,79598.901,1.56,23.78,7.28,8.16,11.68,13.22,13.66,10.99,49.87
20100122,12.75,13.03,12.11,12.38,12.84,-0.46,-3.58,69110.68,86360.263,1.56,23.78,7.28,8.16,11.46,13.22,13.66,10.97,67.79
20100121,12.98,13.2,12.6,12.84,12.94,-0.1,-0.77,49422.69,63591.057,1.56,23.78,7.28,8.16,11.46,13.22,13.88,10.95,75.58
20100120,14.0,14.0,12.8,12.94,14.04,-1.1,-7.83,181756.82,241069.658,1.56,23.78,7.28,8.16,11.46,13.22,13.88,10.93,75.7
20100119,14.0,14.24,13.77,14.04,14.18,-0.14,-0.99,53124.02,74017.209,1.56,23.78,7.28,8.16,11.24,13.22,13.66,10.82,97.84
20100118,14.3,14.3,13.75,14.18,14.28,-0.1,-0.7,80748.28,113053.496,1.56,23.78,7.28,8.16,11.24,13.22,13.66,10.78,99.62
20100115,13.5,14.34,13.4,14.28,13.4,0.88,6.57,125545.22,175472.812,1.56,23.78,7.28,8.16,11.24,13.0,13.44,10.71,99.67
20100114,13.3,13.75,13.27,13.4,13.29,0.11,0.83,63754.69,86292.316,1.56,23.78,7.28,8.16,11.02,13.0,13.44,10.62,93.95
20100113,13.18,13.86,12.88,13.29,13.46,-0.17,-1.26,88884.5,119032.619,1.56,23.78,7.28,8.16,10.8,12.78,13.22,10.57,95.3
20100112,13.39,13.6,13.14,13.46,13.36,0.1,0.75,71657.57,96072.69,1.56,23.78,7.06,8.16,10.8,12.78,13.22,10.51,99.26
20100111,12.86,13.5,12.65,13.36,12.78,0.58,4.54,132195.91,172697.88,1.56,23.78,7.06,8.16,10.8,12.78,13.22,10.46,96.69
20100108,13.3,13.33,12.65,12.78,13.22,-0.44,-3.33,113091.98,145993.147,1.56,23.78,7.06,8.16,10.58,12.56,13.22,10.38,87.68
20100107,13.0,13.65,13.0,13.22,13.22,0.0,0.0,88548.31,118043.437,1.56,23.78,7.06,7.94,10.58,12.34,13.22,10.31,94.1
20100106,13.53,13.8,13.2,13.22,13.49,-0.27,-2.0,80176.1,108208.235,1.56,23.78,7.06,7.94,10.36,12.34,13.0,10.24,95.97
20100105,12.72,13.64,12.72,13.49,12.86,0.63,4.9,153709.66,204797.447,1.56,23.78,7.06,7.94,10.36,12.34,12.78,10.18,99.97
20100104,12.29,13.04,12.29,12.86,12.23,0.63,5.15,116234.2,148128.981,1.56,23.78,7.06,7.94,10.36,12.12,12.56,10.07,99.48
