trade_date,open,high,low,close,pre_close,change,pct_chg,vol,amount,his_low,his_high,cost_5pct,cost_15pct,cost_50pct,cost_85pct,cost_95pct,weight_avg,winner_rate
20231221,54.5,55.15,54.25,54.57,55.0,-0.43,-0.7818,16036.39,87619.751,38.9,104.55,48.65,49.95,53.2,57.75,74.0,55.07,71.48
20231220,56.2,56.5,54.6,55.0,56.0,-1.0,-1.7857,18164.7,100368.457,38.9,104.55,48.65,49.95,53.2,57.75,74.0,55.02,71.16
20231219,53.73,56.2,52.95,56.0,53.8,2.2,4.0892,30722.24,168840.81,38.9,104.55,48.65,49.95,52.55,57.75,74.0,54.87,82.75
20231218,53.1,56.07,53.1,53.8,52.2,1.6,3.0651,36216.31,198372.725,38.9,104.55,48.65,49.95,52.55,59.05,74.0,54.74,64.99
20231215,53.01,54.14,52.01,52.2,53.16,-0.96,-1.8059,24285.97,129002.305,38.9,104.55,48.65,49.3,51.9,59.7,74.65,54.68,50.1
20231214,51.58,53.6,51.58,53.16,51.34,1.82,3.545,23523.54,124626.445,38.9,104.55,48.0,49.3,51.25,61.0,75.3,54.67,65.76
20231213,50.23,52.48,50.1,51.34,50.22,1.12,2.2302,20300.18,104996.3,38.9,104.55,48.0,49.3,51.25,61.65,75.3,54.75,55.69
20231212,49.8,50.89,49.62,50.22,49.75,0.47,0.9447,10651.75,53491.608,38.9,104.55,48.0,49.3,51.25,61.65,75.3,54.89,36.68
20231211,49.66,50.82,48.42,49.75,50.05,-0.3,-0.5994,13668.17,67359.574,38.9,104.55,48.0,49.3,51.25,61.65,75.3,54.95,22.08
20231208,49.34,51.11,49.26,50.05,49.88,0.17,0.3408,16088.13,80683.404,38.9,104.55,47.35,49.3,51.25,62.3,75.3,55.08,33.88
20231207,50.98,50.98,49.38,49.88,50.99,-1.11,-2.1769,12522.49,62644.997,38.9,104.55,46.7,49.3,51.9,62.3,75.3,55.49,19.25
20231206,48.7,51.68,48.7,50.99,48.79,2.2,4.5091,19396.59,97751.275,38.9,104.55,46.7,49.3,51.9,62.95,75.3,55.63,37.33
20231205,49.98,50.29,48.55,48.79,49.53,-0.74,-1.494,11027.18,54208.994,38.9,104.55,46.7,49.3,52.55,62.95,75.3,55.94,12.56
20231204,51.98,51.99,49.01,49.53,51.76,-2.23,-4.3083,24612.56,122821.755,38.9,104.55,46.7,49.3,52.55,62.95,75.3,56.03,18.11
20231201,50.5,51.96,49.51,51.76,49.99,1.77,3.5407,20677.36,105091.189,38.9,104.55,46.7,49.3,52.55,62.95,75.3,56.14,37.64
20231130,49.49,50.1,49.0,49.99,49.49,0.5,1.0103,8024.37,39827.824,38.9,104.55,46.7,49.3,53.2,62.95,75.3,56.22,23.46
20231129,50.44,51.18,49.4,49.49,50.44,-0.95,-1.8834,11317.0,56756.074,38.9,104.55,46.7,49.3,53.2,62.95,75.3,56.25,17.72
20231128,48.63,50.59,48.41,50.44,49.2,1.24,2.5203,13985.25,69756.745,38.9,104.55,46.7,49.3,53.2,62.95,75.3,56.31,22.47
20231127,48.13,49.49,47.93,49.2,48.44,0.76,1.569,11991.54,58530.071,38.9,104.55,46.7,49.3,53.2,63.6,75.3,56.39,12.14
20231124,49.01,49.46,48.33,48.44,49.06,-0.62,-1.2638,11872.82,57784.916,38.9,104.55,46.7,49.3,53.2,63.6,75.3,56.47,8.1
20231123,49.92,50.85,48.39,49.06,50.11,-1.05,-2.0954,23516.53,115478.415,38.9,104.55,46.7,49.3,53.2,63.6,75.3,56.54,10.78
20231122,50.66,50.82,50.1,50.11,50.5,-0.39,-0.7723,10622.99,53528.459,38.9,104.55,46.05,49.95,53.2,63.6,75.3,56.67,17.85
20231121,50.72,51.36,50.11,50.5,50.79,-0.29,-0.571,13701.05,69636.121,38.9,104.55,46.05,49.95,53.85,63.6,75.3,56.73,17.57
20231120,50.79,51.61,50.7,50.79,50.9,-0.11,-0.2161,12433.25,63597.361,38.9,104.55,46.05,49.95,53.85,63.6,75.3,56.78,23.43
20231117,50.7,51.19,50.48,50.9,50.98,-0.08,-0.1569,9016.4,45837.344,38.9,104.55,46.05,49.95,53.85,63.6,75.3,56.84,23.17
20231116,51.36,51.42,50.45,50.98,51.2,-0.22,-0.4297,11165.48,56794.043,38.9,104.55,46.05,49.95,53.85,63.6,75.3,56.88,22.6
20231115,51.54,51.87,50.54,51.2,51.01,0.19,0.3725,13380.46,68480.509,38.9,104.55,46.05,49.95,53.85,63.6,75.3,56.93,22.16
20231114,51.5,51.5,50.22,51.01,50.3,0.71,1.4115,17837.97,90785.515,38.9,104.55,46.05,49.95,53.85,63.6,75.3,57.0,21.62
20231113,53.0,53.0,50.01,50.3,52.7,-2.4,-4.5541,26020.21,132310.897,38.9,104.55,46.05,49.3,53.85,63.6,75.3,57.08,18.4
20231110,52.15,52.89,51.84,52.7,52.52,0.18,0.3427,14719.86,77440.252,38.9,104.55,46.05,49.3,53.85,64.25,75.3,57.2,38.88
20231109,52.11,53.95,52.11,52.52,52.23,0.29,0.5552,23476.13,124616.497,38.9,104.55,46.05,49.3,53.85,64.25,75.3,57.25,31.08
20231108,52.16,53.1,51.62,52.23,52.23,0.0,0.0,24385.48,127703.769,38.9,104.55,46.05,49.3,54.5,64.25,75.3,57.33,31.68
20231107,51.19,53.07,51.1,52.23,50.96,1.27,2.4922,31125.54,162844.294,38.9,104.55,46.05,49.3,54.5,64.25,75.3,57.43,30.93
20231106,50.49,52.67,50.01,50.96,49.83,1.13,2.2677,31365.42,160950.725,38.9,104.55,46.05,49.3,55.15,64.25,75.3,57.55,22.36
20231103,50.0,50.3,49.46,49.83,49.8,0.03,0.0602,21596.87,107697.39,38.9,104.55,46.05,49.3,55.15,64.9,75.95,57.71,17.52
20231102,49.6,50.34,49.2,49.8,49.9,-0.1,-0.2004,13820.7,68855.989,38.9,104.55,46.05,49.3,55.8,64.9,75.95,57.88,16.94
20231101,49.91,50.31,48.68,49.9,49.64,0.26,0.5238,13658.91,67761.552,38.9,104.55,46.05,49.3,55.8,64.9,75.95,57.98,16.29
20231031,49.66,50.18,48.51,49.64,48.79,0.85,1.7422,16996.69,84256.231,38.9,104.55,46.05,49.3,55.8,64.9,75.95,58.07,15.64
20231030,47.5,50.38,47.25,48.79,46.79,2.0,4.2744,34583.13,170754.304,38.9,104.55,46.05,49.95,56.45,64.9,75.95,58.17,12.75
20231027,44.96,47.19,44.84,46.79,45.01,1.78,3.9547,18231.66,84721.906,38.9,104.55,46.05,51.25,57.1,65.55,75.95,58.5,8.48
20231026,45.1,45.88,44.46,45.01,45.61,-0.6,-1.3155,13412.86,60244.58,38.9,104.55,46.05,51.9,57.1,65.55,75.95,58.71,2.01
20231025,45.88,46.62,45.45,45.61,45.74,-0.13,-0.2842,10795.05,49674.502,38.9,104.55,46.7,51.9,57.1,65.55,75.95,58.87,2.46
20231024,45.93,47.66,44.66,45.74,45.99,-0.25,-0.5436,14120.63,64699.582,38.9,104.55,47.35,51.9,57.1,65.55,75.95,59.0,1.99
20231023,45.28,47.15,45.28,45.99,46.2,-0.21,-0.4545,10347.54,48038.649,38.9,104.55,48.65,51.9,57.75,66.2,75.95,59.17,1.31
20231020,46.75,47.83,46.04,46.2,47.18,-0.98,-2.0772,11324.42,52911.932,38.9,104.55,48.65,52.55,57.75,66.2,75.95,59.29,1.44
20231019,47.89,48.68,46.6,47.18,48.0,-0.82,-1.7083,10401.96,49423.59,38.9,104.55,49.95,52.55,57.75,66.2,75.95,59.42,1.45
20231018,49.2,49.2,48.0,48.0,49.22,-1.22,-2.4787,6887.15,33278.026,38.9,104.55,50.6,52.55,57.75,66.2,75.95,59.51,1.32
20231017,49.2,50.2,48.62,49.22,49.19,0.03,0.061,15987.93,78574.785,38.9,104.55,50.6,52.55,57.75,66.2,75.95,59.58,2.34
20231016,51.77,52.18,49.0,49.19,51.36,-2.17,-4.2251,14225.88,71165.416,38.9,104.55,51.25,52.55,57.75,66.2,75.95,59.73,1.57
20231013,52.66,52.88,51.1,51.36,52.6,-1.24,-2.3574,17342.34,89823.104,38.9,104.55,51.25,52.55,58.4,66.2,75.95,59.83,5.21
20231012,53.45,54.27,52.49,52.6,52.7,-0.1,-0.1898,14097.67,74668.934,38.9,104.55,51.9,53.2,58.4,66.2,75.95,59.99,13.7
20231011,52.01,53.95,52.01,52.7,52.13,0.57,1.0934,11199.3,59413.967,38.9,104.55,51.9,53.2,58.4,66.85,75.95,60.05,13.19
20231010,53.2,53.29,51.9,52.13,53.05,-0.92,-1.7342,7989.13,42033.879,38.9,104.55,51.9,53.2,58.4,66.85,75.95,60.13,7.87
20231009,53.85,54.19,52.6,53.05,53.85,-0.8,-1.4856,10798.15,57438.083,38.9,104.55,51.9,53.2,58.4,66.85,75.95,60.16,12.38
20230928,54.13,54.31,53.6,53.85,54.1,-0.25,-0.4621,7062.03,38051.641,38.9,104.55,51.9,53.2,58.4,66.85,75.95,60.24,18.06
20230927,52.46,54.48,52.31,54.1,52.46,1.64,3.1262,11063.11,59638.915,38.9,104.55,51.9,53.2,58.4,66.85,75.95,60.25,25.61
20230926,52.25,53.53,52.01,52.46,52.62,-0.16,-0.3041,6979.51,36828.086,38.9,104.55,51.9,53.2,59.05,66.85,75.95,60.34,8.01
20230925,52.94,52.94,52.02,52.62,52.6,0.02,0.038,8676.16,45540.034,38.9,104.55,51.9,53.2,59.05,66.85,75.95,60.38,11.8
20230922,51.82,52.8,50.8,52.6,51.9,0.7,1.3487,9051.75,46887.075,38.9,104.55,51.9,53.2,59.05,66.85,75.95,60.42,11.05
20230921,52.65,52.71,51.81,51.9,53.01,-1.11,-2.0939,6676.55,34792.918,38.9,104.55,51.9,53.2,59.05,66.85,75.95,60.51,4.21
20230920,54.07,54.47,52.9,53.01,54.2,-1.19,-2.1956,6725.56,35861.922,38.9,104.55,51.9,53.2,59.05,66.85,75.95,60.55,9.65
20230919,54.89,54.9,53.4,54.2,54.45,-0.25,-0.4591,8668.79,46836.611,38.9,104.55,51.9,53.85,59.05,66.85,75.95,60.58,21.95
20230918,53.81,54.96,53.0,54.45,53.89,0.56,1.0392,11090.82,60178.877,38.9,104.55,51.9,53.85,59.05,66.85,75.95,60.65,21.6
20230915,53.26,54.87,52.89,53.89,53.21,0.68,1.278,17706.93,95719.974,38.9,104.55,51.9,53.85,59.05,67.5,75.95,60.67,21.02
20230914,54.73,54.97,52.81,53.21,54.49,-1.28,-2.3491,9784.48,52342.478,38.9,104.55,51.9,53.85,59.05,67.5,75.95,60.88,14.06
20230913,54.36,54.9,53.35,54.49,54.36,0.13,0.2391,13515.47,73385.174,38.9,104.55,51.9,53.85,59.7,67.5,75.95,60.99,18.53
20230912,53.36,54.87,52.77,54.36,53.61,0.75,1.399,9049.43,48940.535,38.9,104.55,51.9,53.85,59.7,67.5,75.95,61.04,17.91
20230911,52.15,54.13,51.61,53.61,51.99,1.62,3.116,11689.94,62367.078,38.9,104.55,51.9,53.85,59.7,67.5,75.95,61.1,13.63
20230908,51.5,52.45,51.09,51.99,51.46,0.53,1.0299,8595.45,44672.419,38.9,104.55,51.9,53.85,59.7,67.5,75.95,61.19,6.93
20230907,51.6,51.96,51.1,51.46,51.44,0.02,0.0389,7212.21,37137.558,38.9,104.55,51.9,53.85,59.7,67.5,75.95,61.26,4.1
20230906,53.08,53.08,51.28,51.44,53.05,-1.61,-3.0349,10625.77,55058.364,38.9,104.55,51.9,53.85,59.7,67.5,75.95,61.31,3.66
20230905,52.83,53.36,52.61,53.05,53.07,-0.02,-0.0377,7768.51,41240.192,38.9,104.55,52.55,54.5,59.7,67.5,75.95,61.41,7.27
20230904,55.06,55.16,52.5,53.07,54.58,-1.51,-2.7666,14836.41,79125.524,38.9,104.55,52.55,54.5,59.7,67.5,75.95,61.48,6.97
20230901,58.4,58.4,54.2,54.58,58.0,-3.42,-5.8966,17039.46,94567.748,38.9,104.55,52.55,54.5,60.35,68.15,75.95,61.55,16.37
20230831,59.19,59.22,57.1,58.0,58.98,-0.98,-1.6616,10663.31,61572.068,38.9,104.55,52.55,54.5,60.35,68.15,75.95,61.67,33.37
20230830,59.99,60.16,58.7,58.98,59.25,-0.27,-0.4557,9548.87,56808.166,38.9,104.55,52.55,54.5,60.35,68.15,75.95,61.67,37.82
20230829,57.7,59.76,57.61,59.25,58.37,0.88,1.5076,13678.52,80512.655,38.9,104.55,52.55,54.5,60.35,68.15,75.95,61.72,43.56
20230828,61.0,61.0,57.01,58.37,55.5,2.87,5.1712,23603.26,138032.491,38.9,104.55,52.55,54.5,60.35,68.15,75.95,61.7,33.49
20230825,55.43,56.25,54.61,55.5,55.15,0.35,0.6346,10433.66,57781.364,38.9,104.55,52.55,54.5,60.35,68.15,75.95,61.78,20.53
20230824,52.82,56.5,52.66,55.15,52.52,2.63,5.0076,17067.49,93154.375,38.9,104.55,51.9,54.5,61.0,68.15,75.95,61.85,17.36
20230823,52.93,54.94,52.17,52.52,51.63,0.89,1.7238,17261.16,92074.119,38.9,104.55,51.9,54.5,61.0,68.8,75.95,61.94,5.09
20230822,52.88,53.78,51.39,51.63,53.29,-1.66,-3.115,9551.3,49725.367,38.9,104.55,51.9,54.5,61.0,68.8,75.95,62.07,3.57
20230821,53.17,53.97,52.51,53.29,52.7,0.59,1.1195,7291.98,38895.718,38.9,104.55,52.55,55.15,61.0,68.8,75.95,62.17,7.96
20230818,53.94,54.4,52.47,52.7,53.93,-1.23,-2.2807,7096.22,37721.802,38.9,104.55,52.55,55.15,61.0,68.8,75.95,62.23,6.06
20230817,54.45,55.36,53.26,53.93,54.74,-0.81,-1.4797,8844.92,47656.274,38.9,104.55,52.55,55.15,61.0,68.8,76.6,62.26,9.66
20230816,54.05,55.28,54.05,54.74,54.55,0.19,0.3483,6114.67,33552.178,38.9,104.55,52.55,55.8,61.0,68.8,75.95,62.36,12.43
20230815,54.35,55.0,53.89,54.55,54.63,-0.08,-0.1464,8180.64,44504.678,38.9,104.55,52.55,55.8,61.0,68.8,75.95,62.39,12.11
20230814,53.73,54.85,53.24,54.63,54.29,0.34,0.6263,7243.48,39219.594,38.9,104.55,52.55,55.8,61.65,68.8,75.95,62.45,11.42
20230811,53.41,54.48,53.41,54.29,53.5,0.79,1.4766,8455.92,45786.869,38.9,104.55,52.55,55.8,61.65,68.8,76.6,62.48,8.59
20230810,52.65,53.95,52.5,53.5,52.86,0.64,1.2107,9988.81,53402.561,38.9,104.55,52.55,56.45,61.65,68.8,75.95,62.57,6.9
20230809,51.5,53.76,51.5,52.86,51.8,1.06,2.0463,10886.48,57545.424,38.9,104.55,52.55,56.45,61.65,68.8,75.95,62.63,5.65
20230808,50.99,52.36,50.99,51.8,51.6,0.2,0.3876,10715.27,55486.915,38.9,104.55,53.2,56.45,61.65,68.8,75.95,62.75,3.6
20230807,53.98,53.98,49.78,51.6,53.99,-2.39,-4.4267,19399.95,99534.061,38.9,104.55,54.5,56.45,61.65,69.45,76.6,62.84,2.93
20230804,55.66,55.77,53.87,53.99,55.11,-1.12,-2.0323,9788.76,53223.029,38.9,104.55,54.5,57.1,61.65,69.45,76.6,63.06,2.99
20230803,54.45,55.48,54.09,55.11,54.45,0.66,1.2121,5801.19,31853.924,38.9,104.55,55.15,57.1,61.65,69.45,75.95,63.14,4.44
20230802,54.9,55.1,54.06,54.45,54.58,-0.13,-0.2382,12333.96,67337.128,38.9,104.55,55.15,57.1,61.65,69.45,76.6,63.16,2.64
20230801,57.99,57.99,54.28,54.58,57.4,-2.82,-4.9129,16602.93,91931.68,38.9,104.55,55.8,57.1,61.65,69.45,76.6,63.28,3.01
20230731,59.0,59.86,57.2,57.4,58.6,-1.2,-2.0478,8496.79,49465.343,38.9,104.55,55.8,57.75,61.65,69.45,76.6,63.38,13.95
20230728,58.01,59.17,56.6,58.6,58.42,0.18,0.3081,7540.46,43803.932,38.9,104.55,55.8,57.75,62.3,69.45,76.6,63.47,22.1
20230727,58.0,59.16,58.0,58.42,58.52,-0.1,-0.1709,5347.18,31368.769,38.9,104.55,55.8,57.75,62.3,69.45,76.6,63.53,21.1
20230726,56.88,59.07,55.93,58.52,56.55,1.97,3.4836,8135.52,47166.826,38.9,104.55,55.8,57.75,62.3,69.45,76.6,63.57,20.62
20230725,56.3,56.81,55.56,56.55,55.97,0.58,1.0363,4944.9,27804.656,38.9,104.55,55.8,57.75,62.3,69.45,76.6,63.66,10.08
20230724,55.26,57.25,54.77,55.97,55.26,0.71,1.2848,4702.6,26328.978,38.9,104.55,55.8,57.75,62.3,69.45,76.6,63.73,6.11
20230721,54.98,56.11,54.82,55.26,54.95,0.31,0.5641,3482.55,19285.278,38.9,104.55,55.8,58.4,62.3,69.45,76.6,63.79,3.86
20230720,56.34,56.36,54.94,54.95,55.98,-1.03,-1.8399,4356.52,24182.075,38.9,104.55,56.45,58.4,62.3,70.1,76.6,63.84,2.67
20230719,57.46,57.69,55.82,55.98,57.33,-1.35,-2.3548,5764.97,32622.868,38.9,104.55,56.45,58.4,62.3,70.1,76.6,63.91,4.09
20230718,57.37,58.25,57.02,57.33,57.05,0.28,0.4908,4245.37,24382.937,38.9,104.55,56.45,58.4,62.3,70.1,76.6,63.97,9.42
20230717,59.97,59.97,56.88,57.05,59.38,-2.33,-3.9239,6661.53,38373.865,38.9,104.55,56.45,59.05,62.3,70.1,76.6,64.02,6.2
20230714,59.85,59.87,59.14,59.38,59.67,-0.29,-0.486,2189.17,13012.816,38.9,104.55,56.45,59.05,62.3,70.1,76.6,64.09,19.35
20230713,59.81,60.4,59.3,59.67,59.5,0.17,0.2857,5245.31,31404.846,38.9,104.55,56.45,59.05,62.3,70.1,76.6,64.1,19.23
20230712,59.18,60.13,58.8,59.5,59.6,-0.1,-0.1678,4125.48,24561.853,38.9,104.55,56.45,59.05,62.3,70.1,76.6,64.15,19.32
20230711,60.09,60.1,58.58,59.6,59.59,0.01,0.0168,4048.37,23943.235,38.9,104.55,56.45,59.05,62.3,70.1,76.6,64.18,18.94
20230710,59.7,60.45,59.4,59.59,60.0,-0.41,-0.6833,3028.66,18082.481,38.9,104.55,56.45,59.05,62.3,70.1,76.6,64.22,18.56
20230707,59.99,60.61,58.8,60.0,59.99,0.01,0.0167,5341.81,31946.53,38.9,104.55,56.45,59.05,62.3,70.1,76.6,64.23,22.92
20230706,59.81,60.6,59.5,59.99,60.02,-0.03,-0.05,6916.6,41458.733,38.9,104.55,56.45,59.05,62.95,70.1,76.6,64.27,22.36
20230705,58.65,60.48,56.8,60.02,58.65,1.37,2.3359,14529.85,86071.245,38.9,104.55,56.45,59.05,62.95,70.1,76.6,64.33,21.79
20230704,57.39,59.73,56.5,58.65,57.2,1.45,2.535,16384.49,96147.002,38.9,104.55,56.45,59.05,62.95,70.1,76.6,64.48,13.41
20230703,57.19,57.6,56.41,57.2,56.74,0.46,0.8107,6639.64,37956.679,38.9,104.55,56.45,59.7,62.95,70.75,76.6,64.65,8.66
20230630,55.64,57.66,55.59,56.74,55.66,1.08,1.9404,6178.12,34989.801,38.9,104.55,56.45,59.7,62.95,70.75,76.6,64.73,6.1
20230629,57.03,57.39,55.59,55.66,57.06,-1.4,-2.4536,8646.21,48645.329,38.9,104.55,56.45,60.35,62.95,70.75,76.6,64.82,2.82
20230628,57.3,57.9,56.06,57.06,57.25,-0.19,-0.3319,9179.26,52098.929,38.9,104.55,57.75,60.35,62.95,70.75,76.6,64.95,3.86
20230627,58.02,59.24,57.2,57.25,58.85,-1.6,-2.7188,7307.18,42527.808,38.9,104.55,58.4,60.35,62.95,70.75,76.6,65.08,3.19
20230626,58.53,59.69,58.39,58.85,58.52,0.33,0.5639,6926.53,40816.203,38.9,104.55,59.05,61.0,62.95,70.75,76.6,65.17,4.55
20230621,61.0,61.0,58.52,58.52,60.38,-1.86,-3.0805,9875.5,58679.166,38.9,104.55,59.05,61.0,62.95,70.75,76.6,65.27,3.69
20230620,61.55,61.81,59.9,60.38,60.86,-0.48,-0.7887,9073.23,54873.96,38.9,104.55,60.35,61.0,63.6,71.4,76.6,65.57,8.28
20230619,62.1,62.1,60.66,60.86,61.75,-0.89,-1.4413,8182.26,50014.222,38.9,104.55,60.35,61.65,63.6,71.4,76.6,65.64,7.48
20230616,61.97,62.45,61.02,61.75,61.68,0.07,0.1135,5745.03,35382.882,38.9,104.55,60.35,61.65,63.6,71.4,76.6,65.7,23.54
20230615,62.47,62.84,61.6,61.68,62.26,-0.58,-0.9316,7291.22,45266.868,38.9,104.55,60.35,61.65,63.6,71.4,76.6,65.74,22.94
20230614,62.2,63.15,61.75,62.26,61.96,0.3,0.4842,8738.11,54529.924,38.9,104.55,60.35,61.65,63.6,71.4,76.6,65.79,22.32
20230613,63.53,64.2,61.95,61.96,62.65,-0.69,-1.1014,13713.65,86213.884,38.9,104.55,60.35,61.65,63.6,72.05,76.6,65.84,22.56
20230612,63.0,63.71,61.31,62.65,63.54,-0.89,-1.4007,28180.9,175503.478,38.9,104.55,60.35,61.65,63.6,72.05,76.6,65.89,32.35
20230609,60.67,64.5,60.5,63.54,60.93,2.61,4.2836,44417.74,279862.708,38.9,104.55,60.35,61.65,64.25,72.7,76.6,66.07,39.28
20230608,60.47,61.95,59.73,60.93,60.47,0.46,0.7607,17659.43,107769.601,38.9,104.55,60.35,61.0,64.25,73.35,77.25,66.4,8.67
20230607,62.22,62.85,60.38,60.47,61.93,-1.46,-2.3575,10611.6,64568.859,38.9,104.55,60.35,61.65,64.9,73.35,77.25,66.59,7.84
20230606,63.9,63.91,61.8,61.93,63.89,-1.96,-3.0678,10271.0,64425.419,38.9,104.55,60.35,61.65,64.9,73.35,77.25,66.71,17.61
20230605,64.38,64.5,62.55,63.89,64.46,-0.57,-0.8843,7422.28,47235.318,38.9,104.55,60.35,61.65,64.9,73.35,77.25,66.78,38.9
20230602,64.15,64.95,63.69,64.46,64.14,0.32,0.4989,10355.95,66594.431,38.9,104.55,60.35,61.65,65.55,73.35,77.25,66.8,45.61
20230601,64.98,65.8,63.88,64.14,65.02,-0.88,-1.3534,10005.21,64805.933,38.9,104.55,60.35,61.65,65.55,73.35,77.25,66.85,39.11
20230531,67.0,67.1,65.02,65.02,66.98,-1.96,-2.9262,8896.7,58603.966,38.9,104.55,60.35,61.65,65.55,73.35,77.25,66.88,48.45
20230530,66.84,67.88,65.78,66.98,66.59,0.39,0.5857,15589.08,104145.597,38.9,104.55,60.35,61.65,65.55,73.35,77.25,66.86,59.43
20230529,65.94,69.8,65.0,66.59,64.1,2.49,3.8846,30222.75,204255.217,38.9,104.55,60.35,61.65,64.9,74.0,77.25,66.84,55.76
20230526,63.12,64.35,62.8,64.1,63.12,0.98,1.5526,8094.34,51647.893,38.9,104.55,60.35,61.65,64.25,74.0,77.25,66.82,44.52
20230525,63.12,63.52,62.05,63.12,63.12,0.0,0.0,7248.75,45507.683,38.9,104.55,60.35,61.65,64.25,74.0,77.25,66.84,36.91
20230524,64.0,64.8,60.56,63.12,64.2,-1.08,-1.6822,20218.68,126058.657,38.9,104.55,60.35,61.65,64.9,74.0,77.25,66.89,36.07
20230523,63.55,65.46,63.51,64.2,63.5,0.7,1.1024,16661.32,107715.374,38.9,104.55,60.35,61.65,64.9,74.0,77.25,67.06,41.3
20230522,63.4,64.3,62.3,63.5,62.89,0.61,0.9699,10672.2,67558.489,38.9,104.55,60.35,61.65,65.55,74.0,77.25,67.15,35.34
20230519,61.99,65.5,61.58,62.89,62.22,0.67,1.0768,23003.15,145965.888,38.9,104.55,60.35,61.0,65.55,74.0,77.25,67.22,28.27
20230518,61.67,62.5,60.9,62.22,61.81,0.41,0.6633,13306.18,82206.292,38.9,104.55,60.35,61.0,66.2,74.0,77.25,67.38,22.29
20230517,63.28,64.2,61.3,61.81,63.67,-1.86,-2.9213,14564.72,90809.918,38.9,104.55,60.35,61.0,66.85,74.0,77.25,67.55,20.89
20230516,61.99,65.15,61.6,63.67,61.71,1.96,3.1761,24057.84,152507.701,38.9,104.55,59.7,61.0,66.85,74.0,77.9,67.66,35.61
20230515,61.64,61.95,60.22,61.71,61.36,0.35,0.5704,10636.83,65154.88,38.9,104.55,59.7,61.0,67.5,74.0,77.9,67.91,21.16
20230512,60.5,62.3,60.3,61.36,60.16,1.2,1.9947,14646.9,89695.429,38.9,104.55,59.7,61.65,68.15,74.65,77.9,68.05,14.84
20230511,62.23,62.48,60.1,60.16,61.3,-1.14,-1.8597,11980.4,73118.933,38.9,104.55,59.7,61.65,68.15,74.65,77.9,68.2,5.0
20230510,63.8,64.58,59.6,61.3,64.2,-2.9,-4.5171,42453.46,259091.199,38.9,104.55,60.35,61.65,68.15,74.65,77.9,68.36,11.85
20230509,64.1,64.8,62.8,64.2,63.15,1.05,1.6627,16273.67,104106.086,38.9,104.55,60.35,62.95,68.8,74.65,78.55,68.99,22.08
20230508,65.45,65.45,62.72,63.15,65.16,-2.01,-3.0847,18432.29,116771.724,38.9,104.55,60.35,62.95,69.45,74.65,78.55,69.18,17.22
20230505,67.16,67.7,63.7,65.16,67.16,-2.0,-2.978,19247.55,124754.057,38.9,104.55,60.35,62.95,69.45,74.65,78.55,69.41,23.5
20230504,68.91,69.59,65.53,67.16,69.5,-2.34,-3.3669,18496.47,123899.081,38.9,104.55,60.35,62.95,69.45,74.65,78.55,69.6,30.91
20230428,68.36,70.8,67.73,69.5,68.64,0.86,1.2529,11565.41,80401.684,38.9,104.55,60.35,62.3,70.1,74.65,78.55,69.68,48.7
20230427,68.77,69.92,67.99,68.64,69.39,-0.75,-1.0808,14360.1,98471.512,38.9,104.55,60.35,62.3,70.1,75.3,78.55,69.66,39.76
20230426,69.0,71.96,68.8,69.39,71.31,-1.92,-2.6925,16858.19,117891.19,38.9,104.55,60.35,62.3,70.75,75.3,78.55,69.68,41.83
20230425,73.09,73.8,70.31,71.31,73.49,-2.18,-2.9664,15704.35,112771.124,38.9,104.55,60.35,62.3,70.75,75.3,78.55,69.68,52.2
20230424,77.26,79.46,72.83,73.49,77.18,-3.69,-4.781,27471.21,205924.809,38.9,104.55,60.35,62.3,70.1,75.3,78.55,69.62,67.75
20230421,73.1,77.88,72.83,77.18,73.5,3.68,5.0068,28575.87,216505.067,38.9,104.55,59.7,61.65,70.1,74.65,78.55,69.24,93.97
20230420,73.3,74.6,72.8,73.5,73.4,0.1,0.1362,11039.96,81166.344,38.9,104.55,59.7,61.65,68.8,74.65,79.85,68.81,75.84
20230419,74.39,75.07,72.73,73.4,74.49,-1.09,-1.4633,17546.42,129403.559,38.9,104.55,59.7,61.65,68.8,74.65,79.85,68.68,76.24
20230418,75.01,75.75,74.0,74.49,75.01,-0.52,-0.6932,11359.72,84786.055,38.9,104.55,59.7,61.65,68.15,74.65,79.85,68.45,84.2
20230417,72.9,75.54,72.72,75.01,73.46,1.55,2.11,18964.22,141460.546,38.9,104.55,59.7,61.65,68.15,74.0,79.85,68.3,90.31
20230414,73.8,75.8,73.11,73.46,73.5,-0.04,-0.0544,24634.34,182987.197,38.9,104.55,59.7,61.65,67.5,74.0,79.85,68.04,82.22
20230413,70.65,75.47,70.65,73.5,70.93,2.57,3.6233,24688.74,181922.334,38.9,104.55,59.7,61.65,67.5,73.35,80.5,67.72,85.66
20230412,70.6,71.64,69.83,70.93,71.38,-0.45,-0.6304,13625.78,96246.717,38.9,104.55,59.7,61.0,66.85,73.35,80.5,67.42,77.08
20230411,66.8,72.89,66.8,71.38,66.66,4.72,7.0807,33186.67,236191.501,38.9,104.55,59.7,61.0,66.85,73.35,81.15,67.23,76.96
20230410,65.14,67.44,64.0,66.66,64.19,2.47,3.848,20876.62,138210.23,38.9,104.55,58.4,61.0,66.2,73.35,82.45,67.07,52.77
20230407,61.22,66.6,61.22,64.19,61.22,2.97,4.8514,29093.97,188825.808,38.9,104.55,57.75,61.0,66.2,74.0,83.1,67.07,37.26
20230406,60.57,62.3,60.04,61.22,60.72,0.5,0.8235,13832.92,84144.781,38.9,104.55,57.1,61.0,66.85,74.0,83.1,67.33,18.68
20230404,61.1,61.33,60.07,60.72,60.75,-0.03,-0.0494,12461.14,75579.97,38.9,104.55,57.1,61.0,66.85,74.0,83.75,67.5,11.64
20230403,62.17,62.69,60.66,60.75,61.53,-0.78,-1.2677,11242.98,68830.258,38.9,104.55,57.1,61.65,67.5,74.0,83.75,67.87,8.49
20230331,62.4,63.68,61.41,61.53,62.68,-1.15,-1.8347,9278.81,57679.164,38.9,104.55,57.1,61.65,67.5,74.0,83.75,68.01,10.88
20230330,60.77,63.0,60.08,62.68,60.77,1.91,3.143,14528.66,90213.422,38.9,104.55,57.1,62.3,67.5,74.0,83.75,68.13,20.32
20230329,62.39,62.84,59.89,60.77,62.16,-1.39,-2.2362,11732.56,71361.25,38.9,104.55,56.45,62.3,67.5,74.0,83.75,68.32,8.23
20230328,61.9,62.97,61.5,62.16,61.8,0.36,0.5825,9521.35,59321.061,38.9,104.55,56.45,62.3,68.15,74.0,83.75,68.51,11.08
20230327,63.49,63.49,61.61,61.8,62.9,-1.1,-1.7488,13035.36,81057.867,38.9,104.55,56.45,62.95,68.15,74.0,83.75,68.64,10.61
20230324,63.92,65.78,62.68,62.9,64.4,-1.5,-2.3292,8923.93,57147.145,38.9,104.55,56.45,62.95,68.15,74.65,83.75,68.83,12.45
20230323,64.4,65.7,63.7,64.4,63.23,1.17,1.8504,11401.48,73531.701,38.9,104.55,56.45,62.95,68.15,74.65,83.75,68.9,22.12
20230322,62.0,64.22,62.0,63.23,62.27,0.96,1.5417,10172.66,64632.339,38.9,104.55,56.45,62.95,68.15,74.65,83.75,69.0,16.63
20230321,63.68,63.68,61.66,62.27,62.4,-0.13,-0.2083,11767.68,73406.133,38.9,104.55,56.45,62.95,68.15,74.65,83.75,69.12,9.57
20230320,65.6,66.01,62.0,62.4,65.6,-3.2,-4.878,25131.75,158421.989,38.9,104.55,56.45,63.6,68.8,74.65,84.4,69.23,11.23
20230317,66.5,66.9,65.56,65.6,66.11,-0.51,-0.7714,5486.31,36175.697,38.9,104.55,55.8,65.55,68.8,74.65,84.4,69.62,17.62
20230316,67.89,68.28,65.78,66.11,67.89,-1.78,-2.6219,7674.16,51009.31,38.9,104.55,55.8,65.55,68.8,74.65,84.4,69.65,17.44
20230315,67.01,69.77,67.01,67.89,67.79,0.1,0.1475,11942.31,81694.78,38.9,104.55,55.8,64.9,69.45,74.65,84.4,69.7,36.81
20230314,65.88,68.4,65.48,67.79,66.02,1.77,2.681,12775.36,85800.009,38.9,104.55,55.8,64.9,69.45,74.65,84.4,69.74,37.12
20230313,66.88,66.88,65.31,66.02,66.9,-0.88,-1.3154,8283.01,54563.316,38.9,104.55,55.8,64.9,69.45,74.65,84.4,69.81,17.89
20230310,66.78,67.49,66.04,66.9,67.63,-0.73,-1.0794,8403.5,56167.469,38.9,104.55,55.8,64.9,69.45,74.65,84.4,69.9,27.23
20230309,67.4,69.33,67.25,67.63,67.05,0.58,0.865,8421.29,57439.081,38.9,104.55,55.8,64.9,70.1,74.65,84.4,69.96,33.11
20230308,68.4,68.4,66.66,67.05,67.2,-0.15,-0.2232,6992.85,47152.21,38.9,104.55,55.8,64.9,70.1,74.65,84.4,69.98,26.22
20230307,68.7,69.5,67.04,67.2,68.65,-1.45,-2.1122,7586.71,51528.367,38.9,104.55,55.8,64.25,70.1,74.65,84.4,70.0,25.84
20230306,67.01,69.3,66.0,68.65,66.39,2.26,3.4041,16562.16,112646.149,38.9,104.55,55.8,64.25,70.1,74.65,84.4,70.04,37.94
20230303,66.62,67.48,66.04,66.39,66.3,0.09,0.1357,6134.67,40863.397,38.9,104.55,55.8,64.25,70.1,74.65,85.05,70.13,21.49
20230302,67.27,67.7,66.12,66.3,67.27,-0.97,-1.442,9552.29,63530.835,38.9,104.55,55.8,64.25,70.1,74.65,84.4,70.21,20.88
20230301,69.47,69.47,66.68,67.27,69.4,-2.13,-3.0692,15221.81,102708.332,38.9,104.55,55.8,64.25,70.75,74.65,85.05,70.28,23.37
20230228,67.31,69.5,67.31,69.4,67.28,2.12,3.151,12830.76,88138.186,38.9,104.55,55.8,63.6,70.75,75.3,85.05,70.37,36.31
20230227,70.38,70.73,66.9,67.28,70.74,-3.46,-4.8912,22989.67,156214.746,38.9,104.55,55.8,63.6,70.75,75.3,85.05,70.35,23.48
20230224,70.08,70.89,69.0,70.74,69.7,1.04,1.4921,10028.23,70563.685,38.9,104.55,55.15,62.95,70.75,75.3,85.05,70.5,43.43
20230223,71.04,72.49,69.34,69.7,71.05,-1.35,-1.9001,21567.44,152023.767,38.9,104.55,55.15,62.95,71.4,75.3,85.05,70.46,36.97
20230222,71.02,72.0,70.49,71.05,71.3,-0.25,-0.3506,9540.03,68051.046,38.9,104.55,55.15,62.95,71.4,75.3,85.7,70.52,48.04
20230221,74.56,74.56,70.9,71.3,74.2,-2.9,-3.9084,17413.96,125169.248,38.9,104.55,55.15,62.3,71.4,75.3,85.7,70.53,47.69
20230220,74.47,75.16,73.4,74.2,74.7,-0.5,-0.6693,13666.01,101246.407,38.9,104.55,54.5,62.3,71.4,75.3,85.7,70.45,75.13
20230217,72.76,74.85,72.3,74.7,72.86,1.84,2.5254,15147.43,111925.072,38.9,104.55,54.5,62.3,70.75,75.95,85.7,70.34,80.92
20230216,75.17,75.56,72.7,72.86,75.5,-2.64,-3.4967,16865.95,124592.645,38.9,104.55,54.5,62.3,70.75,75.95,85.7,70.22,64.3
20230215,74.11,76.57,72.25,75.5,74.46,1.04,1.3967,22899.1,171598.779,38.9,104.55,54.5,61.65,70.75,75.95,85.7,70.07,83.67
20230214,73.43,74.7,73.21,74.46,73.9,0.56,0.7578,8581.8,63608.823,38.9,104.55,53.85,61.65,70.1,75.95,85.7,69.96,76.38
20230213,73.6,75.4,72.71,73.9,73.9,0.0,0.0,12469.57,92605.907,38.9,104.55,53.85,61.65,70.1,75.95,85.7,69.96,72.51
20230210,72.61,74.83,72.0,73.9,73.22,0.68,0.9287,14917.34,109990.498,38.9,104.55,53.85,61.65,70.1,75.95,85.7,69.87,73.19
20230209,70.0,73.45,70.0,73.22,70.61,2.61,3.6964,18360.51,132788.357,38.9,104.55,53.85,61.65,70.1,75.95,85.7,69.83,70.29
20230208,70.93,71.67,69.69,70.61,70.23,0.38,0.5411,14713.58,104174.494,38.9,104.55,53.85,61.65,70.1,76.6,86.35,69.8,53.68
20230207,69.2,71.3,68.9,70.23,69.4,0.83,1.196,18695.88,130984.007,38.9,104.55,53.85,61.65,70.1,76.6,86.35,69.76,54.1
20230206,74.87,74.87,68.0,69.4,74.7,-5.3,-7.095,35299.11,246664.555,38.9,104.55,53.85,61.65,70.1,76.6,86.35,69.76,45.51
20230203,73.0,77.28,72.8,74.7,71.95,2.75,3.8221,36545.35,276003.605,38.9,104.55,53.85,61.0,70.1,76.6,86.35,69.7,78.02
20230202,70.6,73.21,68.88,71.95,70.62,1.33,1.8833,19018.23,136587.305,38.9,104.55,53.2,61.0,69.45,76.6,86.35,69.51,64.19
20230201,70.84,71.25,69.6,70.62,70.49,0.13,0.1844,21822.4,153609.462,38.9,104.55,53.2,61.0,69.45,77.25,86.35,69.46,56.72
20230131,75.51,75.51,69.68,70.49,75.7,-5.21,-6.8824,41741.29,299560.888,38.9,104.55,53.2,61.0,68.8,77.25,87.0,69.45,56.6
20230130,74.2,76.79,73.5,75.7,75.28,0.42,0.5579,22490.27,168661.492,38.9,104.55,52.55,60.35,68.8,77.9,87.0,69.31,80.6
20230120,76.49,76.81,74.6,75.28,74.5,0.78,1.047,14767.73,111904.066,38.9,104.55,52.55,60.35,68.15,78.55,87.0,69.16,78.69
20230119,72.41,75.39,72.14,74.5,72.85,1.65,2.2649,12745.81,94610.101,38.9,104.55,52.55,60.35,68.15,78.55,87.0,69.05,77.53
20230118,74.52,76.25,72.45,72.85,75.08,-2.23,-2.9702,20601.56,153199.017,38.9,104.55,52.55,60.35,68.15,78.55,87.65,68.97,73.2
20230117,72.7,75.59,71.38,75.08,72.7,2.38,3.2737,25863.59,191373.075,38.9,104.55,52.55,60.35,68.15,79.2,87.65,68.85,79.51
20230116,71.98,73.97,71.28,72.7,71.97,0.73,1.0143,21174.64,154607.799,38.9,104.55,51.9,60.35,67.5,79.2,87.65,68.71,73.74
20230113,70.46,73.45,70.06,71.97,70.76,1.21,1.71,17157.81,123428.744,38.9,104.55,51.9,59.7,67.5,79.2,87.65,68.6,72.67
20230112,70.06,71.44,69.56,70.76,70.28,0.48,0.683,16355.06,115501.46,38.9,104.55,51.9,59.7,67.5,79.85,87.65,68.54,70.88
20230111,73.27,73.45,69.91,70.28,73.44,-3.16,-4.3028,33487.62,239071.134,38.9,104.55,51.9,59.7,67.5,79.85,87.65,68.52,68.59
20230110,68.39,73.88,67.86,73.44,68.42,5.02,7.337,39107.78,281444.813,38.9,104.55,51.25,59.7,67.5,80.5,88.3,68.4,74.82
20230109,66.0,70.5,65.61,68.42,64.76,3.66,5.6516,33103.8,228477.368,38.9,104.55,51.25,59.7,66.85,81.15,88.3,68.29,63.17
20230106,65.21,65.61,63.66,64.76,65.6,-0.84,-1.2805,21032.3,136001.732,38.9,104.55,51.25,59.05,66.85,81.15,88.95,68.29,38.34
20230105,66.01,67.17,64.3,65.6,66.65,-1.05,-1.5754,35905.88,235845.352,38.9,104.55,51.25,59.05,66.85,81.8,88.95,68.37,43.64
20230104,60.93,67.34,60.93,66.65,61.24,5.41,8.8341,44366.7,284880.432,38.9,104.55,50.6,59.05,66.85,82.45,88.95,68.48,45.67
20230103,60.6,61.66,60.06,61.24,60.6,0.64,1.0561,18650.41,113746.949,38.9,104.55,50.6,58.4,67.5,83.1,89.6,68.72,25.75
20221230,61.23,61.99,60.4,60.6,61.23,-0.63,-1.0289,10599.91,64739.41,38.9,104.55,50.6,57.75,67.5,83.1,89.6,68.87,21.91
20221229,60.29,63.09,59.9,61.23,60.3,0.93,1.5423,22750.93,140665.843,38.9,104.55,50.6,57.75,67.5,83.1,89.6,68.97,24.1
20221228,59.87,61.0,59.2,60.3,59.53,0.77,1.2935,21148.73,127310.932,38.9,104.55,49.95,57.1,67.5,83.75,89.6,69.15,20.43
20221227,60.57,60.59,58.78,59.53,60.45,-0.92,-1.5219,22123.77,132060.84,38.9,104.55,49.95,57.1,68.15,83.75,89.6,69.34,18.18
20221226,62.8,63.45,60.01,60.45,62.43,-1.98,-3.1716,22487.64,137201.635,38.9,104.55,49.95,57.1,68.15,83.75,89.6,69.58,18.64
20221223,62.5,62.57,60.6,62.43,62.0,0.43,0.6935,13265.35,81891.81,38.9,104.55,49.95,56.45,68.15,83.75,90.25,69.79,23.12
20221222,62.8,63.75,61.4,62.0,62.37,-0.37,-0.5932,14965.18,93583.317,38.9,104.55,49.95,56.45,68.15,84.4,90.25,69.93,20.01
20221221,64.07,64.07,62.21,62.37,63.6,-1.23,-1.934,18022.42,113380.995,38.9,104.55,49.95,56.45,68.15,84.4,90.25,70.05,21.42
20221220,63.22,64.66,62.01,63.6,63.86,-0.26,-0.4071,20907.77,132999.382,38.9,104.55,49.95,56.45,68.15,84.4,90.25,70.19,21.94
20221219,67.66,67.68,63.05,63.86,68.05,-4.19,-6.1572,35280.3,227825.63,38.9,104.55,49.95,55.8,68.15,84.4,90.25,70.36,22.39
20221216,67.5,69.58,66.14,68.05,67.2,0.85,1.2649,25038.88,170003.708,38.9,104.55,49.3,55.8,68.8,84.4,90.25,70.58,40.93
20221215,68.73,70.0,67.09,67.2,68.52,-1.32,-1.9264,26890.51,183459.795,38.9,104.55,49.3,55.8,68.8,85.05,90.25,70.63,33.51
20221214,67.8,70.5,65.71,68.52,67.91,0.61,0.8982,44773.96,304942.208,38.9,104.55,49.3,55.8,68.8,85.05,90.9,70.7,47.0
20221213,66.92,68.04,65.74,67.91,66.83,1.08,1.616,27515.62,184665.497,38.9,104.55,49.3,55.15,68.8,85.05,90.9,70.85,40.6
20221212,68.67,69.37,66.6,66.83,68.25,-1.42,-2.0806,30467.93,205639.33,38.9,104.55,49.3,55.15,69.45,85.05,90.9,70.98,29.96
20221209,67.4,69.5,66.5,68.25,67.32,0.93,1.3815,30892.96,210350.168,38.9,104.55,48.65,55.15,70.1,85.7,90.9,71.1,42.66
20221208,69.09,70.21,67.18,67.32,69.67,-2.35,-3.373,35224.32,240190.945,38.9,104.55,48.65,54.5,70.1,85.7,90.9,71.21,34.0
20221207,67.52,70.35,66.25,69.67,68.15,1.52,2.2304,41981.78,287799.282,38.9,104.55,48.65,54.5,72.7,85.7,91.55,71.32,46.63
20221206,71.8,72.44,64.76,68.15,74.4,-6.25,-8.4005,90547.37,613817.025,38.9,104.55,48.65,53.85,74.0,85.7,91.55,71.42,38.59
20221205,84.0,85.0,73.0,74.4,75.0,-0.6,-0.8,87512.09,686029.22,38.9,104.55,48.0,53.85,75.3,86.35,91.55,71.72,45.32
20221202,74.0,75.19,73.68,75.0,74.23,0.77,1.0373,25112.81,187407.699,38.9,104.55,47.35,53.2,74.65,87.0,92.2,71.05,52.11
20221201,77.9,79.5,73.74,74.23,77.69,-3.46,-4.4536,49733.93,375089.764,38.9,104.55,47.35,52.55,74.65,87.0,92.2,70.95,49.35
20221130,85.0,85.0,77.69,77.69,86.0,-8.31,-9.6628,46097.6,366905.841,38.9,104.55,47.35,52.55,72.05,87.0,92.2,70.62,56.92
20221129,82.4,87.49,82.4,86.0,83.03,2.97,3.577,34016.22,288246.01,38.9,104.55,47.35,51.9,68.8,87.65,92.2,70.08,79.38
20221128,84.6,86.8,82.54,83.03,85.0,-1.97,-2.3176,19675.22,164603.396,38.9,104.55,46.7,51.9,68.15,87.65,92.2,69.51,67.77
20221125,86.0,86.1,82.82,85.0,85.38,-0.38,-0.4451,19705.13,166854.767,38.9,104.55,46.7,51.9,67.5,87.65,92.2,69.18,73.21
20221124,86.75,88.0,83.0,85.38,86.88,-1.5,-1.7265,36913.83,315916.258,38.9,104.55,46.7,51.9,66.85,88.3,92.85,68.85,75.73
20221123,86.23,88.22,84.71,86.88,87.06,-0.18,-0.2068,30264.28,260756.631,38.9,104.55,46.7,51.25,64.9,88.3,92.85,68.14,80.74
20221122,93.4,95.58,85.71,87.06,92.68,-5.62,-6.0639,54062.79,484743.404,38.9,104.55,46.7,51.25,64.25,88.3,92.85,67.5,82.42
20221121,93.0,97.21,89.7,92.68,94.27,-1.59,-1.6866,34310.73,320431.021,38.9,104.55,46.7,50.6,62.3,86.35,92.2,66.03,95.47
20221118,86.4,95.2,86.4,94.27,86.2,8.07,9.3619,43468.59,399183.736,38.9,104.55,46.7,50.6,60.35,84.4,90.25,64.95,99.09
20221117,85.11,88.0,83.88,86.2,86.2,0.0,0.0,26614.87,227749.562,38.9,104.55,46.7,50.6,59.05,79.85,87.0,63.63,92.53
20221116,90.0,91.88,83.82,86.2,84.23,1.97,2.3388,57627.19,501671.005,38.9,104.55,46.05,49.95,58.4,78.55,87.0,62.94,93.35
20221115,79.24,84.66,78.15,84.23,78.26,5.97,7.6284,50064.97,405314.108,38.9,104.55,46.05,49.95,57.1,75.95,81.15,61.25,98.09
20221114,73.9,79.23,71.31,78.26,73.8,4.46,6.0434,60292.76,457204.01,38.9,104.55,46.05,49.95,56.45,73.35,77.9,60.06,96.06
20221111,78.11,79.98,73.05,73.8,68.49,5.31,7.753,70410.65,540712.534,38.9,104.55,46.05,49.3,56.45,68.8,77.25,58.88,89.69
20221110,68.98,70.95,68.4,68.49,68.9,-0.41,-0.5951,22763.66,158689.954,38.9,104.55,46.05,49.3,55.8,66.85,70.1,57.41,89.78
20221109,68.85,69.44,68.17,68.9,68.85,0.05,0.0726,12767.57,87857.173,38.9,104.55,45.4,48.65,55.8,65.55,69.45,57.07,94.41
20221108,67.99,70.48,67.56,68.85,67.38,1.47,2.1817,18227.86,125781.138,38.9,104.55,45.4,48.65,55.15,65.55,69.45,56.88,94.55
20221107,68.11,68.61,66.63,67.38,67.54,-0.16,-0.2369,13636.49,92195.711,38.9,104.55,45.4,48.65,55.15,64.25,68.8,56.61,91.86
20221104,65.5,69.2,65.18,67.54,65.46,2.08,3.1775,23600.24,158534.301,38.9,104.55,45.4,48.65,55.15,64.25,68.8,56.42,93.99
20221103,63.7,67.2,62.21,65.46,66.21,-0.75,-1.1328,34514.39,224234.881,38.9,104.55,45.4,48.65,55.15,62.95,68.8,56.11,90.51
20221102,58.22,69.0,57.59,66.21,58.12,8.09,13.9195,65955.88,426653.891,38.9,104.55,45.4,48.65,54.5,61.65,68.8,55.7,93.15
20221101,55.52,58.4,54.28,58.12,54.5,3.62,6.6422,23039.11,130594.766,38.9,104.55,45.4,48.0,54.5,59.05,69.45,55.11,80.25
20221031,55.27,56.74,54.28,54.5,55.11,-0.61,-1.1069,13972.04,77396.146,38.9,104.55,45.4,48.0,54.5,59.7,69.45,55.04,49.47
20221028,56.47,57.3,54.81,55.11,56.47,-1.36,-2.4084,17597.73,98493.533,38.9,104.55,45.4,48.0,53.85,59.7,69.45,55.03,56.09
20221027,59.52,60.44,55.91,56.47,59.6,-3.13,-5.2517,22192.04,127770.927,38.9,104.55,45.4,48.0,53.85,59.7,69.45,54.98,72.53
20221026,55.49,60.2,55.0,59.6,55.1,4.5,8.167,32055.66,188313.92,38.9,104.55,45.4,48.0,53.85,59.7,69.45,54.87,84.4
20221025,54.9,55.98,53.5,55.1,54.23,0.87,1.6043,12456.49,68385.601,38.9,104.55,45.4,47.35,53.85,59.7,70.1,54.72,60.8
20221024,56.0,57.5,53.54,54.23,54.3,-0.07,-0.1289,14153.09,78536.783,38.9,104.55,45.4,47.35,53.85,59.7,70.1,54.69,55.09
20221021,54.38,54.56,52.88,54.3,53.4,0.9,1.6854,9177.92,49448.434,38.9,104.55,45.4,47.35,53.85,59.7,70.1,54.66,55.79
20221020,52.94,55.2,52.8,53.4,52.93,0.47,0.888,13499.7,73111.408,38.9,104.55,45.4,47.35,53.2,59.7,70.1,54.67,50.28
20221019,56.9,57.0,52.44,52.93,57.7,-4.77,-8.2669,21225.33,114938.957,38.9,104.55,45.4,47.35,53.2,59.7,70.1,54.67,46.17
20221018,52.44,59.41,52.2,57.7,51.43,6.27,12.1913,30276.45,170533.707,38.9,104.55,44.75,47.35,53.2,60.35,70.1,54.63,77.51
20221017,49.85,51.46,49.81,51.43,50.35,1.08,2.145,7126.71,36403.23,38.9,104.55,44.75,47.35,53.2,60.35,70.1,54.54,39.49
20221014,49.08,50.67,48.61,50.35,49.6,0.75,1.5121,11425.87,56903.45,38.9,104.55,44.75,47.35,53.2,60.35,70.1,54.59,31.01
20221013,46.8,50.14,45.89,49.6,46.18,3.42,7.4058,11017.41,52787.831,38.9,104.55,44.75,47.35,53.2,60.35,70.1,54.59,26.32
20221012,46.38,46.5,44.92,46.18,45.88,0.3,0.6539,3629.61,16541.098,38.9,104.55,44.75,47.35,53.2,60.35,70.1,54.69,10.59
20221011,45.36,46.85,45.36,45.88,45.49,0.39,0.8573,4714.0,21801.553,38.9,104.55,44.75,47.35,53.2,60.35,70.1,54.7,7.56
20221010,47.8,47.88,45.05,45.49,47.3,-1.81,-3.8266,4238.73,19667.952,38.9,104.55,44.75,47.35,53.2,60.35,70.1,54.73,7.43
20220930,46.9,47.87,46.71,47.3,47.1,0.2,0.4246,3688.98,17428.886,38.9,104.55,44.75,47.35,53.2,60.35,70.1,54.76,12.76
20220929,47.12,48.5,46.91,47.1,47.12,-0.02,-0.0424,7378.59,35268.312,38.9,104.55,44.75,47.35,53.2,60.35,70.1,54.81,12.63
20220928,46.66,49.0,46.66,47.12,47.09,0.03,0.0637,8007.56,38321.952,38.9,104.55,44.75,47.35,53.2,60.35,70.1,54.83,12.66
20220927,45.78,47.12,45.68,47.09,45.78,1.31,2.8615,3492.87,16232.38,38.9,104.55,44.75,48.0,53.85,60.35,70.1,54.9,12.57
20220926,45.01,45.78,44.4,45.78,45.26,0.52,1.1489,3600.81,16317.003,38.9,104.55,44.75,48.0,53.85,60.35,70.1,54.92,7.46
20220923,47.0,47.41,45.06,45.26,47.0,-1.74,-3.7021,4113.67,18863.9,38.9,104.55,44.75,48.0,53.85,60.35,70.1,54.93,5.14
20220922,46.5,47.35,46.5,47.0,46.97,0.03,0.0639,1926.64,9058.094,38.9,104.55,44.75,48.0,53.85,60.35,70.1,54.98,11.51
20220921,47.1,47.28,46.31,46.97,47.52,-0.55,-1.1574,2711.37,12711.824,38.9,104.55,44.75,48.0,53.85,60.35,70.1,54.97,11.34
20220920,47.19,47.75,46.37,47.52,47.0,0.52,1.1064,4392.08,20621.526,38.9,104.55,44.75,48.0,53.85,60.35,70.1,55.0,13.42
20220919,48.5,48.7,46.88,47.0,48.19,-1.19,-2.4694,3052.09,14500.231,38.9,104.55,44.75,48.0,53.85,60.35,70.1,55.03,10.84
20220916,49.0,49.49,47.41,48.19,48.98,-0.79,-1.6129,4518.51,21870.643,38.9,104.55,44.75,48.65,53.85,60.35,70.1,55.04,14.89
20220915,50.0,50.48,48.82,48.98,50.0,-1.02,-2.04,3121.97,15464.354,38.9,104.55,44.75,48.65,53.85,60.35,70.1,55.09,17.22
20220914,49.49,50.18,49.01,50.0,50.02,-0.02,-0.04,2548.08,12666.957,38.9,104.55,44.75,48.65,53.85,60.35,70.1,55.09,24.44
20220913,51.08,51.09,49.92,50.02,50.52,-0.5,-0.9897,3769.08,19028.219,38.9,104.55,44.75,48.65,53.85,60.35,70.1,55.1,24.25
20220909,51.21,51.79,49.95,50.52,50.75,-0.23,-0.4532,2745.72,13829.291,38.9,104.55,44.75,48.65,53.85,60.35,70.1,55.1,24.08
20220908,50.35,52.01,50.05,50.75,50.35,0.4,0.7944,4331.43,22094.92,38.9,104.55,44.75,48.65,53.85,60.35,70.1,55.11,28.04
20220907,50.86,50.86,50.0,50.35,50.2,0.15,0.2988,2708.8,13613.358,38.9,104.55,44.75,48.65,53.85,60.35,70.1,55.14,24.15
20220906,50.44,50.47,49.5,50.2,50.17,0.03,0.0598,3533.18,17693.472,38.9,104.55,44.75,48.0,53.85,60.35,70.1,55.14,24.1
20220905,49.51,50.46,49.41,50.17,49.89,0.28,0.5612,4057.64,20289.457,38.9,104.55,44.75,48.0,53.85,60.35,70.1,55.15,23.84
20220902,51.65,52.25,49.7,49.89,51.65,-1.76,-3.4076,7028.65,35361.456,38.9,104.55,44.75,48.0,53.85,60.35,70.1,55.16,20.41
20220901,50.01,53.38,50.01,51.65,50.63,1.02,2.0146,6952.38,36256.152,38.9,104.55,44.75,48.0,53.85,60.35,70.1,55.21,31.16
20220831,50.42,50.9,50.0,50.63,50.01,0.62,1.2398,5340.77,26939.034,38.9,104.55,44.75,48.0,53.85,61.0,70.1,55.19,26.92
20220830,50.0,50.7,49.58,50.01,50.1,-0.09,-0.1796,2861.44,14354.482,38.9,104.55,44.75,48.0,53.85,61.0,70.1,55.22,23.44
20220829,50.88,51.72,49.7,50.1,50.95,-0.85,-1.6683,4627.45,23334.099,38.9,104.55,44.75,48.0,53.85,61.0,70.1,55.25,23.32
20220826,51.0,52.34,50.3,50.95,50.19,0.76,1.5142,5765.83,29509.841,38.9,104.55,44.75,48.0,53.85,61.0,70.1,55.25,25.99
20220825,50.29,50.51,48.5,50.19,49.76,0.43,0.8641,6047.69,30053.529,38.9,104.55,44.75,48.0,53.85,61.0,70.1,55.27,23.24
20220824,52.5,52.96,49.62,49.76,51.6,-1.84,-3.5659,9137.02,46459.655,38.9,104.55,44.75,48.0,53.85,61.0,70.1,55.3,20.58
20220823,53.47,53.65,51.51,51.6,53.47,-1.87,-3.4973,6623.53,34520.934,38.9,104.55,44.75,48.0,54.5,61.0,70.1,55.32,28.81
20220822,54.05,54.34,52.95,53.47,53.85,-0.38,-0.7057,3185.58,17044.772,38.9,104.55,44.75,48.0,54.5,61.0,70.1,55.35,43.9
20220819,54.03,54.77,53.83,53.85,54.07,-0.22,-0.4069,3469.15,18844.675,38.9,104.55,44.75,48.0,54.5,61.0,70.1,55.33,43.84
20220818,54.5,54.5,53.68,54.07,54.3,-0.23,-0.4236,2804.52,15129.328,38.9,104.55,44.75,48.0,54.5,61.0,70.1,55.33,49.22
20220817,54.3,54.54,53.81,54.3,54.3,0.0,0.0,2562.26,13861.439,38.9,104.55,44.75,48.0,54.5,61.0,70.1,55.34,49.12
20220816,55.29,55.41,54.1,54.3,55.3,-1.0,-1.8083,5932.1,32414.196,38.9,104.55,44.75,48.0,54.5,61.0,70.1,55.32,49.09
20220815,55.1,56.2,54.65,55.3,55.1,0.2,0.363,5034.05,27966.576,38.9,104.55,44.75,48.0,54.5,61.0,70.1,55.32,60.12
20220812,55.07,55.58,54.41,55.1,54.86,0.24,0.4375,4624.32,25418.63,38.9,104.55,44.75,48.0,54.5,61.0,70.1,55.33,54.9
20220811,54.31,54.99,54.19,54.86,54.3,0.56,1.0313,3494.94,19065.994,38.9,104.55,44.75,48.0,54.5,61.0,70.1,55.3,54.83
20220810,54.5,54.84,54.0,54.3,54.5,-0.2,-0.367,2692.41,14644.139,38.9,104.55,44.75,48.0,53.85,61.0,70.1,55.32,50.03
20220809,54.6,54.64,53.88,54.5,54.6,-0.1,-0.1832,3487.76,18907.559,38.9,104.55,44.75,48.0,53.85,61.0,70.1,55.31,50.06
20220808,55.01,55.92,54.36,54.6,54.61,-0.01,-0.0183,3607.12,19844.555,38.9,104.55,44.75,48.0,53.85,61.0,70.1,55.31,54.51
20220805,54.05,54.95,54.03,54.61,54.12,0.49,0.9054,5906.66,32121.993,38.9,104.55,44.75,48.0,53.85,61.0,70.1,55.29,54.53
20220804,55.49,56.5,53.77,54.12,55.03,-0.91,-1.6536,5783.13,31668.489,38.9,104.55,44.75,48.0,53.85,61.0,70.1,55.29,50.32
20220803,54.93,56.16,54.5,55.03,54.55,0.48,0.8799,8192.22,45425.678,38.9,104.55,44.75,48.0,53.85,61.0,70.1,55.29,54.35
20220802,56.22,56.35,53.0,54.55,56.22,-1.67,-2.9705,9050.51,49373.077,38.9,104.55,44.75,48.0,53.85,61.0,70.1,55.28,54.83
20220801,55.89,56.79,55.55,56.22,55.97,0.25,0.4467,4738.21,26630.559,38.9,104.55,44.75,48.0,53.85,61.0,70.1,55.26,64.49
20220729,57.5,57.5,55.68,55.97,56.61,-0.64,-1.1305,5757.98,32422.283,38.9,104.55,44.75,48.0,53.85,61.0,70.1,55.25,64.53
20220728,55.87,56.95,55.21,56.61,55.35,1.26,2.2764,5734.56,32376.614,38.9,104.55,44.75,48.0,53.85,61.0,70.1,55.23,69.61
20220727,55.26,55.59,55.0,55.35,55.24,0.11,0.1991,3130.83,17290.089,38.9,104.55,44.75,48.0,53.85,61.0,70.1,55.22,60.05
20220726,56.29,56.3,55.02,55.24,55.83,-0.59,-1.0568,3196.69,17696.887,38.9,104.55,44.75,47.35,53.85,61.0,70.1,55.22,59.98
20220725,56.3,57.3,55.7,55.83,55.86,-0.03,-0.0537,4716.82,26612.045,38.9,104.55,44.75,47.35,53.85,61.0,70.1,55.21,64.7
20220722,55.99,56.58,54.75,55.86,55.8,0.06,0.1075,6738.01,37620.634,38.9,104.55,44.75,47.35,53.85,61.0,70.1,55.19,64.81
20220721,57.16,57.44,55.6,55.8,57.11,-1.31,-2.2938,5511.79,31108.189,38.9,104.55,44.75,47.35,53.85,61.0,70.1,55.18,60.56
20220720,55.49,57.57,55.49,57.11,55.64,1.47,2.642,7474.09,42618.808,38.9,104.55,44.75,47.35,53.85,61.0,70.1,55.16,72.44
20220719,55.12,56.15,54.58,55.64,54.68,0.96,1.7557,7216.27,40235.296,38.9,104.55,44.75,47.35,53.85,61.0,70.1,55.13,61.44
20220718,54.14,56.0,53.78,54.68,54.14,0.54,0.9974,7573.58,41682.733,38.9,104.55,44.75,47.35,53.2,61.0,70.1,55.13,58.26
20220715,55.5,55.5,54.12,54.14,55.48,-1.34,-2.4153,4653.96,25456.482,38.9,104.55,44.75,47.35,53.2,61.0,70.1,55.11,54.99
20220714,55.01,56.2,54.5,55.48,55.31,0.17,0.3074,4127.28,22980.128,38.9,104.55,44.75,47.35,53.2,61.0,70.1,55.11,61.18
20220713,56.08,56.56,55.0,55.31,56.08,-0.77,-1.373,5546.29,30844.412,38.9,104.55,44.75,47.35,53.2,61.0,70.1,55.1,61.19
20220712,56.54,57.23,55.32,56.08,56.08,0.0,0.0,8432.87,47553.302,38.9,104.55,44.75,47.35,53.2,61.0,70.1,55.07,64.55
20220711,56.36,56.76,55.74,56.08,56.36,-0.28,-0.4968,5116.48,28783.375,38.9,104.55,44.75,47.35,53.2,61.0,70.1,55.07,64.81
20220708,56.76,57.0,55.83,56.36,56.35,0.01,0.0177,5041.99,28490.481,38.9,104.55,44.75,47.35,53.2,61.0,70.1,55.06,64.86
20220707,57.44,57.5,55.7,56.35,56.69,-0.34,-0.5998,7886.52,44587.535,38.9,104.55,44.75,47.35,53.2,61.65,70.1,55.04,65.19
20220706,54.5,57.44,54.47,56.69,54.4,2.29,4.2096,11466.93,64576.924,38.9,104.55,44.75,47.35,53.2,61.65,70.1,54.99,68.29
20220705,54.31,55.28,53.51,54.4,53.99,0.41,0.7594,8200.3,44493.062,38.9,104.55,44.75,47.35,53.2,61.65,70.1,54.98,58.48
20220704,52.02,54.54,51.82,53.99,52.02,1.97,3.787,11778.28,62909.171,38.9,104.55,44.75,47.35,53.2,61.65,70.1,54.96,58.64
20220701,51.74,52.18,51.61,52.02,51.73,0.29,0.5606,3378.65,17549.345,38.9,104.55,44.75,47.35,53.2,61.65,70.1,54.96,42.58
20220630,51.74,52.77,51.52,51.73,51.8,-0.07,-0.1351,5693.85,29655.875,38.9,104.55,44.75,47.35,53.2,61.65,70.1,54.97,36.08
20220629,52.69,52.98,51.5,51.8,53.0,-1.2,-2.2642,8491.77,44171.919,38.9,104.55,44.75,47.35,53.2,61.65,70.1,54.98,36.28
20220628,53.0,53.39,51.4,53.0,52.91,0.09,0.1701,8675.61,45432.351,38.9,104.55,44.75,47.35,53.2,61.65,70.1,54.99,47.73
20220627,54.1,54.93,52.4,52.91,54.06,-1.15,-2.1273,11836.92,63252.619,38.9,104.55,44.75,47.35,53.2,61.65,70.1,54.98,47.44
20220624,53.38,54.54,53.38,54.06,53.33,0.73,1.3688,6357.57,34402.588,38.9,104.55,44.75,47.35,53.2,61.65,70.1,55.0,56.95
20220623,53.88,53.93,52.38,53.33,53.11,0.22,0.4142,8814.95,46879.34,38.9,104.55,44.75,47.35,53.2,61.65,70.1,55.0,53.34
20220622,53.65,54.43,52.85,53.11,53.63,-0.52,-0.9696,6219.25,33160.055,38.9,104.55,44.75,47.35,53.2,61.65,70.1,54.99,48.21
20220621,54.93,55.83,53.53,53.63,53.2,0.43,0.8083,12058.56,66061.419,38.9,104.55,44.75,47.35,53.2,61.65,70.1,54.96,53.08
20220620,53.17,53.97,52.8,53.2,53.15,0.05,0.0941,7267.17,38777.487,38.9,104.55,44.75,46.7,53.2,61.65,70.1,54.94,49.17
20220617,52.4,53.4,51.8,53.15,51.43,1.72,3.3444,11034.21,58223.385,38.9,104.55,44.75,46.7,53.2,61.65,70.1,54.97,49.6
20220616,52.89,52.9,51.0,51.43,52.41,-0.98,-1.8699,9100.85,47136.469,38.9,104.55,44.1,46.7,53.2,61.65,70.1,55.0,39.68
20220615,52.56,53.5,52.32,52.41,52.79,-0.38,-0.7198,7649.28,40414.515,38.9,104.55,44.1,46.7,53.2,61.65,70.1,55.01,44.66
20220614,53.83,54.24,52.23,52.79,53.83,-1.04,-1.932,7189.23,38143.673,38.9,104.55,44.1,46.7,53.2,61.65,70.1,54.98,48.78
20220613,52.51,54.2,52.51,53.83,53.28,0.55,1.0323,10767.74,57717.767,38.9,104.55,44.1,46.7,53.2,61.65,70.1,55.01,52.36
20220610,52.18,54.69,52.18,53.28,52.45,0.83,1.5825,12040.34,64384.73,38.9,104.55,44.1,46.7,53.2,61.65,70.1,55.01,52.12
20220609,51.99,53.29,51.77,52.45,52.0,0.45,0.8654,10291.6,54042.995,38.9,104.55,44.1,46.7,53.2,62.3,70.1,55.0,46.44
20220608,51.7,52.48,51.31,52.0,51.7,0.3,0.5803,8767.51,45494.119,38.9,104.55,44.1,46.7,53.2,62.3,70.1,55.01,46.41
20220607,51.51,52.2,51.19,51.7,51.23,0.47,0.9174,8154.4,42109.165,38.9,104.55,44.1,46.7,53.2,62.3,70.1,55.07,41.88
20220606,51.17,52.18,50.73,51.23,51.17,0.06,0.1173,10594.38,54330.743,38.9,104.55,44.1,46.7,53.2,62.3,70.1,55.08,37.41
20220602,51.16,51.55,50.02,51.17,51.15,0.02,0.0391,7063.84,36119.121,38.9,104.55,44.1,46.7,53.2,62.3,70.1,55.12,37.79
20220601,50.0,51.97,50.0,51.15,50.1,1.05,2.0958,12599.32,64586.032,38.9,104.55,44.1,46.7,53.85,62.3,70.1,55.12,37.61
20220531,49.26,50.65,48.33,50.1,48.62,1.48,3.044,9714.66,48428.69,38.9,104.55,44.1,46.7,53.85,62.3,70.1,55.17,35.09
20220530,49.3,49.79,48.03,48.62,49.0,-0.38,-0.7755,4494.05,21943.437,38.9,104.55,44.1,46.7,53.85,62.3,70.1,55.21,24.31
20220527,49.78,50.29,48.2,49.0,49.7,-0.7,-1.4085,7525.63,36887.894,38.9,104.55,44.1,46.7,53.85,62.3,70.1,55.2,27.99
20220526,50.0,50.61,49.51,49.7,49.78,-0.08,-0.1607,6363.98,31905.296,38.9,104.55,44.1,46.7,53.85,62.3,70.1,55.29,31.15
20220525,48.1,50.88,47.2,49.78,48.09,1.69,3.5142,11742.79,57945.245,38.9,104.55,44.1,46.7,54.5,62.3,70.1,55.27,31.3
20220524,48.5,49.85,48.09,48.09,49.04,-0.95,-1.9372,8348.87,40797.315,38.9,104.55,44.1,46.7,54.5,62.3,70.1,55.33,24.79
20220523,49.0,50.15,48.8,49.04,49.5,-0.46,-0.9293,8784.71,43527.466,38.9,104.55,44.1,46.7,54.5,62.3,70.1,55.43,27.59
20220520,48.68,51.2,46.8,49.5,48.0,1.5,3.125,15024.01,73042.234,38.9,104.55,44.1,46.05,54.5,62.3,70.1,55.46,29.91
20220519,46.58,49.0,46.0,48.0,46.44,1.56,3.3592,7874.11,37531.666,38.9,104.55,44.1,46.05,55.15,62.3,70.1,55.52,22.48
20220518,46.2,46.8,45.6,46.44,46.2,0.24,0.5195,3869.7,17881.275,38.9,104.55,44.1,46.05,55.15,62.3,70.1,55.62,15.37
20220517,46.15,46.8,45.35,46.2,46.15,0.05,0.1083,3947.94,18207.325,38.9,104.55,44.1,46.05,55.15,62.3,70.1,55.64,15.16
20220516,46.91,47.17,46.08,46.15,46.49,-0.34,-0.7313,3389.69,15796.444,38.9,104.55,44.1,46.7,55.15,62.3,70.1,55.67,14.9
20220513,47.2,47.5,46.46,46.49,47.2,-0.71,-1.5042,3722.34,17403.708,38.9,104.55,44.1,46.7,55.15,62.3,70.1,55.71,14.78
20220512,47.27,47.8,46.81,47.2,47.57,-0.37,-0.7778,4382.61,20695.317,38.9,104.55,44.1,46.7,55.15,62.3,70.1,55.72,17.67
20220511,46.04,48.5,45.89,47.57,45.88,1.69,3.6835,9848.75,46921.675,38.9,104.55,44.1,46.7,55.15,62.3,70.1,55.78,20.46
20220510,45.69,47.47,45.13,45.88,46.2,-0.32,-0.6926,6794.62,31193.709,38.9,104.55,44.1,46.7,55.8,62.95,70.1,55.84,11.93
20220509,45.39,47.37,45.39,46.2,45.39,0.81,1.7845,6573.72,30546.241,38.9,104.55,43.45,46.7,55.8,62.95,70.1,55.92,14.47
20220506,44.66,46.26,44.52,45.39,45.7,-0.31,-0.6783,4965.68,22554.147,38.9,104.55,43.45,46.7,55.8,62.95,70.1,55.95,8.6
20220505,45.58,46.39,44.61,45.7,45.58,0.12,0.2633,7632.77,34790.58,38.9,104.55,43.45,46.7,55.8,62.95,70.1,56.02,11.34
20220429,43.96,45.67,43.96,45.58,43.96,1.62,3.6852,7372.08,33155.237,38.9,104.55,43.45,46.7,55.8,62.95,70.1,56.09,10.81
20220428,45.0,46.49,43.5,43.96,43.37,0.59,1.3604,7714.76,34534.447,38.9,104.55,43.45,47.35,55.8,62.95,70.1,56.17,5.13
20220427,40.4,43.6,40.4,43.37,41.05,2.32,5.6516,9738.82,41540.242,38.9,104.55,43.45,47.35,55.8,62.95,70.1,56.24,4.37
20220426,42.5,42.99,40.6,41.05,41.24,-0.19,-0.4607,4812.08,20061.752,38.9,104.55,44.1,47.35,56.45,62.95,70.1,56.39,0.88
20220425,41.66,44.99,40.12,41.24,41.76,-0.52,-1.2452,8155.39,34553.826,38.9,104.55,44.75,48.0,56.45,62.95,70.1,56.46,0.76
20220422,41.69,42.29,41.03,41.76,41.75,0.01,0.024,4084.16,16994.126,38.9,104.55,45.4,48.0,56.45,62.95,70.1,56.58,1.13
20220421,43.9,44.25,41.71,41.75,43.97,-2.22,-5.0489,5742.12,24608.676,38.9,104.55,45.4,48.0,56.45,62.95,70.1,56.66,0.84
20220420,44.5,44.5,43.7,43.97,44.14,-0.17,-0.3851,2432.66,10724.264,38.9,104.55,45.4,48.0,56.45,62.95,70.1,56.71,1.82
20220419,46.27,46.28,44.14,44.14,45.58,-1.44,-3.1593,3614.13,16146.207,38.9,104.55,45.4,48.65,56.45,62.95,70.1,56.75,2.43
20220418,45.0,45.74,43.71,45.58,45.0,0.58,1.2889,3592.39,16067.156,38.9,104.55,45.4,48.65,56.45,62.95,70.1,56.81,5.44
20220415,45.84,45.84,44.79,45.0,45.84,-0.84,-1.8325,3983.47,18006.014,38.9,104.55,45.4,48.65,56.45,62.95,70.1,56.83,3.04
20220414,46.4,46.83,45.39,45.84,45.82,0.02,0.0436,6687.05,30697.121,38.9,104.55,46.05,48.65,56.45,62.95,70.1,56.88,4.66
20220413,46.5,46.7,44.88,45.82,46.31,-0.49,-1.0581,4257.35,19452.099,38.9,104.55,46.05,48.65,56.45,62.95,70.1,56.95,4.32
20220412,46.33,46.46,45.23,46.31,45.73,0.58,1.2683,3970.06,18215.483,38.9,104.55,46.05,48.65,56.45,62.95,70.1,57.0,5.71
20220411,46.4,46.93,45.4,45.73,46.3,-0.57,-1.2311,5814.28,26691.405,38.9,104.55,46.05,49.3,56.45,62.95,70.1,57.04,3.76
20220408,47.29,47.76,46.15,46.3,47.16,-0.86,-1.8236,5341.87,24906.221,38.9,104.55,46.7,49.3,56.45,62.95,70.1,57.1,4.83
20220407,48.78,48.95,47.06,47.16,48.78,-1.62,-3.321,6698.76,31899.757,38.9,104.55,46.7,49.3,56.45,62.95,70.1,57.15,6.33
20220406,50.78,50.97,48.37,48.78,50.34,-1.56,-3.0989,9503.78,46871.635,38.9,104.55,46.7,49.3,57.1,62.95,70.1,57.23,13.01
20220401,51.8,51.8,50.2,50.34,51.9,-1.56,-3.0058,7939.0,40404.385,38.9,104.55,46.7,49.95,57.1,62.95,70.1,57.29,16.27
20220331,51.58,52.79,51.22,51.9,52.07,-0.17,-0.3265,3937.23,20443.245,38.9,104.55,46.7,49.95,57.1,62.95,70.1,57.34,21.93
20220330,51.71,52.5,51.06,52.07,51.53,0.54,1.0479,4949.61,25730.897,38.9,104.55,46.7,49.95,57.1,62.95,70.1,57.35,26.23
20220329,52.01,52.75,51.37,51.53,52.02,-0.49,-0.9419,5764.84,30051.304,38.9,104.55,46.7,49.95,57.1,62.95,70.1,57.38,21.8
20220328,54.0,54.86,51.85,52.02,54.0,-1.98,-3.6667,8002.28,42345.024,38.9,104.55,46.7,49.3,57.1,62.95,70.1,57.41,25.61
20220325,55.2,57.45,54.0,54.0,56.65,-2.65,-4.6778,12388.99,68398.961,38.9,104.55,46.7,49.3,57.1,62.95,70.1,57.42,34.74
20220324,56.7,57.75,55.72,56.65,58.2,-1.55,-2.6632,17166.57,97143.521,38.9,104.55,46.7,49.3,57.1,62.95,70.1,57.44,46.91
20220323,57.0,61.5,57.0,58.2,57.01,1.19,2.0874,27429.95,163044.278,38.9,104.55,46.7,49.3,57.1,62.95,70.1,57.44,56.02
20220322,52.53,59.8,52.53,57.01,50.48,6.53,12.9358,33629.76,192600.237,38.9,104.55,46.05,49.3,57.1,63.6,70.75,57.31,48.24
20220321,50.28,50.94,48.71,50.48,49.05,1.43,2.9154,5337.19,26566.949,38.9,104.55,46.05,48.65,57.1,63.6,70.75,57.29,19.08
20220318,49.0,49.57,48.69,49.05,49.03,0.02,0.0408,2449.83,12045.119,38.9,104.55,46.05,48.65,57.1,63.6,70.75,57.39,15.21
20220317,48.4,50.25,47.8,49.03,47.6,1.43,3.0042,5031.99,24733.055,38.9,104.55,46.05,48.65,57.1,63.6,70.75,57.38,15.09
20220316,48.02,48.03,45.51,47.6,47.03,0.57,1.212,5269.92,24629.035,38.9,104.55,46.05,49.3,57.1,63.6,70.75,57.43,10.21
20220315,48.62,49.44,46.7,47.03,49.53,-2.5,-5.0474,4597.49,22191.37,38.9,104.55,46.05,49.3,57.1,63.6,70.75,57.52,7.16
20220314,48.05,51.36,48.05,49.53,49.5,0.03,0.0606,5033.35,25321.2,38.9,104.55,46.05,49.3,57.1,63.6,70.75,57.55,15.05
20220311,48.06,49.92,47.31,49.5,48.6,0.9,1.8519,4838.63,23397.62,38.9,104.55,46.05,49.95,57.1,63.6,70.75,57.62,14.9
20220310,49.0,49.45,48.42,48.6,47.9,0.7,1.4614,3106.28,15203.656,38.9,104.55,46.05,49.95,57.75,63.6,70.75,57.64,11.37
20220309,49.0,49.48,46.17,47.9,48.89,-0.99,-2.025,5535.26,26346.647,38.9,104.55,46.05,49.95,57.75,63.6,70.75,57.71,9.52
20220308,49.82,50.06,48.41,48.89,49.78,-0.89,-1.7879,3441.58,16895.487,38.9,104.55,46.05,50.6,57.75,63.6,70.75,57.77,12.21
20220307,51.02,51.3,49.66,49.78,50.99,-1.21,-2.373,3500.17,17516.269,38.9,104.55,46.05,50.6,57.75,63.6,70.75,57.8,12.87
20220304,50.55,51.59,50.36,50.99,51.0,-0.01,-0.0196,2987.19,15211.906,38.9,104.55,46.05,50.6,57.75,63.6,70.75,57.81,15.82
20220303,51.96,51.96,50.91,51.0,51.41,-0.41,-0.7975,3270.88,16747.783,38.9,104.55,46.05,50.6,57.75,63.6,70.75,57.85,15.61
20220302,51.99,52.0,51.09,51.41,51.98,-0.57,-1.0966,2281.16,11757.441,38.9,104.55,46.05,50.6,57.75,63.6,70.75,57.88,19.18
20220301,52.35,52.81,51.7,51.98,52.32,-0.34,-0.6498,2645.55,13759.184,38.9,104.55,46.05,50.6,57.75,63.6,70.75,57.9,23.4
20220228,52.59,53.21,51.52,52.32,51.81,0.51,0.9844,4259.0,22287.858,38.9,104.55,46.05,50.6,57.75,63.6,70.75,57.9,23.23
20220225,52.0,53.3,51.77,51.81,51.44,0.37,0.7193,3079.58,16098.348,38.9,104.55,46.05,50.6,57.75,63.6,70.75,57.93,19.1
20220224,51.22,53.49,51.21,51.44,51.2,0.24,0.4688,6949.48,36313.273,38.9,104.55,46.05,50.6,57.75,63.6,70.75,57.96,19.15
20220223,51.0,51.87,50.6,51.2,50.76,0.44,0.8668,2698.55,13867.992,38.9,104.55,46.05,50.6,57.75,63.6,70.75,58.0,15.84
20220222,52.0,52.0,50.3,50.76,52.06,-1.3,-2.4971,4177.65,21281.417,38.9,104.55,46.05,50.6,57.75,63.6,70.75,58.01,15.83
20220221,52.0,52.4,51.16,52.06,52.0,0.06,0.1154,3054.95,15834.367,38.9,104.55,46.05,50.6,57.75,63.6,70.75,58.07,21.79
20220218,51.18,52.19,51.18,52.0,51.95,0.05,0.0962,2643.0,13703.698,38.9,104.55,46.05,50.6,57.75,63.6,70.75,58.08,21.45
20220217,51.7,52.38,51.55,51.95,51.8,0.15,0.2896,1917.63,9943.481,38.9,104.55,46.05,50.6,57.75,63.6,70.75,58.11,21.14
20220216,52.36,52.52,51.4,51.8,51.55,0.25,0.485,2248.5,11652.27,38.9,104.55,46.05,50.6,57.75,63.6,70.75,58.12,17.92
20220215,51.2,52.28,51.01,51.55,51.0,0.55,1.0784,2695.67,13942.544,38.9,104.55,46.05,50.6,57.75,63.6,70.75,58.14,17.81
20220214,51.86,53.42,50.89,51.0,52.0,-1.0,-1.9231,3675.57,19115.724,38.9,104.55,46.05,50.6,57.75,63.6,70.75,58.14,15.71
20220211,53.78,53.78,51.88,52.0,53.28,-1.28,-2.4024,4405.15,23081.444,38.9,104.55,46.05,50.6,57.75,63.6,70.75,58.19,20.11
20220210,53.9,54.49,53.2,53.28,54.18,-0.9,-1.6611,3228.57,17297.604,38.9,104.55,46.05,50.6,57.75,63.6,70.75,58.21,26.29
20220209,53.86,54.52,53.6,54.18,54.24,-0.06,-0.1106,3099.18,16779.9,38.9,104.55,46.05,50.6,58.4,63.6,70.75,58.23,29.36
20220208,54.3,54.4,53.06,54.24,54.4,-0.16,-0.2941,3335.42,17925.995,38.9,104.55,46.05,50.6,58.4,63.6,70.75,58.25,29.21
20220207,53.95,55.21,53.02,54.4,53.02,1.38,2.6028,3924.29,21354.068,38.9,104.55,46.05,50.6,58.4,63.6,70.75,58.24,28.87
20220128,53.4,54.3,52.72,53.02,53.4,-0.38,-0.7116,4332.67,23153.312,38.9,104.55,46.05,50.6,58.4,63.6,70.75,58.28,23.01
20220127,53.35,54.97,52.74,53.4,53.27,0.13,0.244,4389.45,23530.24,38.9,104.55,46.05,50.6,58.4,63.6,70.75,58.29,25.85
20220126,55.0,55.55,52.23,53.27,55.06,-1.79,-3.251,6919.5,36990.016,38.9,104.55,46.05,49.95,58.4,63.6,70.75,58.32,25.7
20220125,56.91,57.8,54.9,55.06,57.39,-2.33,-4.0599,8354.02,46466.325,38.9,104.55,46.05,49.95,58.4,63.6,70.75,58.36,29.42
20220124,58.3,58.99,56.93,57.39,58.34,-0.95,-1.6284,5552.45,31951.012,38.9,104.55,46.05,49.95,58.4,63.6,70.75,58.39,41.51
20220121,61.03,61.06,57.82,58.34,61.5,-3.16,-5.1382,11119.72,65449.109,38.9,104.55,46.05,49.95,58.4,63.6,70.75,58.38,47.12
20220120,63.16,63.73,60.91,61.5,62.51,-1.01,-1.6157,10866.25,67292.08,38.9,104.55,46.05,49.95,58.4,63.6,70.75,58.36,71.02
20220119,57.26,64.46,57.13,62.51,57.9,4.61,7.962,25777.99,159263.444,38.9,104.55,46.05,49.95,58.4,63.6,70.75,58.28,78.97
20220118,61.05,61.46,57.7,57.9,61.05,-3.15,-5.1597,11647.35,68922.141,38.9,104.55,46.05,49.3,57.75,63.6,70.75,58.13,50.39
20220117,60.6,62.17,59.71,61.05,60.76,0.29,0.4773,10755.73,65447.599,38.9,104.55,46.05,49.3,57.75,63.6,70.75,58.08,72.43
20220114,56.5,61.6,56.27,60.76,56.85,3.91,6.8777,14780.0,88363.511,38.9,104.55,46.05,49.3,57.75,64.25,70.75,58.03,69.65
20220113,57.85,58.07,56.8,56.85,57.69,-0.84,-1.4561,5120.69,29292.862,38.9,104.55,45.4,48.65,57.75,64.25,70.75,57.99,41.66
20220112,56.67,57.84,56.21,57.69,56.8,0.89,1.5669,5327.1,30476.656,38.9,104.55,45.4,48.65,57.75,64.25,70.75,57.99,46.59
20220111,57.32,57.85,56.51,56.8,57.34,-0.54,-0.9418,3649.06,20825.823,38.9,104.55,45.4,48.65,57.75,64.25,70.75,58.0,42.0
20220110,57.67,58.12,56.2,57.34,56.79,0.55,0.9685,4322.65,24801.06,38.9,104.55,45.4,48.65,57.75,64.25,70.75,57.99,46.23
20220107,57.5,57.97,56.5,56.79,57.52,-0.73,-1.2691,4516.07,25822.987,38.9,104.55,45.4,48.65,57.75,64.25,70.75,58.0,42.12
20220106,57.5,58.8,57.5,57.52,57.94,-0.42,-0.7249,3649.11,21156.521,38.9,104.55,45.4,48.65,57.75,64.25,70.75,58.0,45.95
20220105,57.88,59.37,57.5,57.94,58.88,-0.94,-1.5965,5528.9,32072.814,38.9,104.55,45.4,48.65,57.75,64.25,70.75,57.99,51.07
20220104,58.45,59.94,58.45,58.88,58.45,0.43,0.7357,7644.76,45172.789,38.9,104.55,45.4,48.65,57.75,64.25,70.75,57.98,56.05
20211231,57.8,59.99,57.8,58.45,57.88,0.57,0.9848,5907.71,34858.27,38.9,104.55,45.4,48.65,57.75,64.25,70.75,57.96,56.6
20211230,57.99,58.41,57.1,57.88,57.42,0.46,0.8011,4016.77,23270.277,38.9,104.55,45.4,48.65,57.75,64.25,70.75,57.96,52.04
20211229,56.15,58.27,56.15,57.42,56.78,0.64,1.1272,5155.76,29586.411,38.9,104.55,45.4,48.65,57.75,64.25,70.75,57.92,47.58
20211228,56.2,57.29,55.81,56.78,56.2,0.58,1.032,2952.33,16735.567,38.9,104.55,45.4,48.65,57.75,64.25,70.75,57.92,44.06
20211227,57.58,57.58,55.63,56.2,56.6,-0.4,-0.7067,4601.55,25853.977,38.9,104.55,45.4,48.65,57.75,64.25,70.75,57.95,41.01
20211224,57.62,58.32,56.58,56.6,57.62,-1.02,-1.7702,5032.69,28670.269,38.9,104.55,45.4,48.65,57.75,64.25,70.75,57.96,43.74
20211223,59.48,59.48,57.5,57.62,58.95,-1.33,-2.2561,5069.87,29310.319,38.9,104.55,45.4,48.65,57.75,64.25,70.75,57.96,46.64
20211222,58.1,59.67,57.98,58.95,58.1,0.85,1.463,4820.15,28471.621,38.9,104.55,45.4,48.0,57.75,64.25,70.75,57.94,55.09
20211221,57.3,58.31,56.9,58.1,57.94,0.16,0.2761,4859.22,28034.696,38.9,104.55,45.4,48.0,57.75,64.25,70.75,57.93,51.06
20211220,57.31,58.65,57.18,57.94,57.99,-0.05,-0.0862,5251.07,30537.208,38.9,104.55,45.4,48.0,57.75,64.25,70.75,57.93,50.73
20211217,58.84,58.84,57.11,57.99,58.25,-0.26,-0.4464,4376.54,25263.677,38.9,104.55,45.4,48.0,57.75,64.25,70.75,57.92,50.62
20211216,57.99,59.2,57.85,58.25,58.08,0.17,0.2927,5591.64,32613.593,38.9,104.55,45.4,48.0,57.75,64.25,70.75,57.91,50.47
20211215,59.67,59.7,57.71,58.08,59.7,-1.62,-2.7136,8804.04,51405.652,38.9,104.55,45.4,48.0,57.75,64.25,70.75,57.87,50.6
20211214,60.02,61.0,59.63,59.7,60.28,-0.58,-0.9622,5637.29,33882.004,38.9,104.55,45.4,48.0,57.75,64.25,70.75,57.92,57.13
20211213,60.1,61.18,59.29,60.28,59.4,0.88,1.4815,8138.12,48949.043,38.9,104.55,45.4,48.0,57.75,64.25,70.75,57.89,61.02
20211210,59.98,60.68,58.18,59.4,59.39,0.01,0.0168,9933.75,59099.117,38.9,104.55,45.4,48.0,57.75,64.25,70.75,57.86,58.13
20211209,61.5,61.5,59.08,59.39,58.82,0.57,0.9691,6408.2,38536.726,38.9,104.55,45.4,48.0,57.1,64.25,70.75,57.83,58.14
20211208,59.15,59.23,57.55,58.82,58.28,0.54,0.9266,6296.62,36879.722,38.9,104.55,45.4,48.0,57.1,64.9,70.75,57.79,55.89
20211207,60.94,61.89,57.74,58.28,60.91,-2.63,-4.3178,15736.81,92770.568,38.9,104.55,45.4,48.0,57.1,64.9,70.75,57.77,53.17
20211206,62.61,63.63,60.86,60.91,62.6,-1.69,-2.6997,11534.66,71593.748,38.9,104.55,45.4,48.0,57.1,64.9,70.75,57.73,62.47
20211203,62.15,63.63,61.61,62.6,62.62,-0.02,-0.0319,8263.94,51787.159,38.9,104.55,45.4,48.0,56.45,64.9,70.75,57.62,73.0
20211202,61.63,64.6,61.33,62.62,61.65,0.97,1.5734,14804.83,94140.007,38.9,104.55,45.4,48.0,56.45,64.9,70.75,57.57,73.24
20211201,63.14,63.14,61.1,61.65,62.98,-1.33,-2.1118,9633.81,59601.953,38.9,104.55,45.4,48.0,56.45,64.9,70.75,57.38,68.13
20211130,64.2,65.0,62.2,62.98,64.64,-1.66,-2.5681,13392.31,84786.482,38.9,104.55,45.4,47.35,55.8,64.9,70.75,57.34,77.02
20211129,65.97,65.98,63.46,64.64,64.19,0.45,0.701,17419.31,112391.214,38.9,104.55,45.4,47.35,55.8,64.9,70.75,57.16,83.65
20211126,63.41,64.8,63.06,64.19,63.78,0.41,0.6428,8771.79,56178.837,38.9,104.55,45.4,47.35,55.15,64.9,70.75,56.97,82.49
20211125,61.91,64.96,61.9,63.78,61.01,2.77,4.5402,18692.27,119012.211,38.9,104.55,45.4,47.35,55.15,64.9,71.4,56.84,82.74
20211124,63.1,63.63,60.25,61.01,61.8,-0.79,-1.2783,11650.57,71382.024,38.9,104.55,45.4,47.35,55.15,64.9,71.4,56.64,75.53
20211123,61.0,63.98,60.5,61.8,61.1,0.7,1.1457,16321.34,101915.672,38.9,104.55,45.4,47.35,54.5,65.55,71.4,56.53,78.28
20211122,55.17,62.58,55.17,61.1,54.77,6.33,11.5574,29308.47,174561.029,38.9,104.55,44.75,47.35,54.5,65.55,71.4,56.32,77.7
20211119,56.06,56.68,53.86,54.77,55.63,-0.86,-1.5459,9505.17,52188.553,38.9,104.55,44.75,47.35,53.85,66.2,71.4,56.18,54.16
20211118,56.95,57.5,55.05,55.63,57.06,-1.43,-2.5061,9981.74,55870.784,38.9,104.55,44.75,47.35,53.85,66.2,71.4,56.16,57.02
20211117,56.2,57.49,56.05,57.06,55.97,1.09,1.9475,10347.06,59044.866,38.9,104.55,44.75,47.35,53.85,66.2,71.4,56.15,62.65
20211116,56.76,57.29,55.81,55.97,56.56,-0.59,-1.0431,9149.38,51666.767,38.9,104.55,44.75,47.35,53.85,66.2,71.4,56.12,60.44
20211115,55.49,57.46,54.47,56.56,54.44,2.12,3.8942,13088.53,73920.866,38.9,104.55,44.75,47.35,53.85,66.2,71.4,56.11,62.74
20211112,55.0,55.6,53.84,54.44,54.68,-0.24,-0.4389,5155.18,28013.997,38.9,104.55,44.75,47.35,53.2,66.85,71.4,56.08,54.58
20211111,54.9,55.49,54.06,54.68,55.0,-0.32,-0.5818,6640.13,36222.47,38.9,104.55,44.75,47.35,53.2,66.85,71.4,56.08,57.68
20211110,53.5,56.28,52.49,55.0,52.78,2.22,4.2061,13167.96,72568.157,38.9,104.55,44.75,46.7,53.2,66.85,71.4,56.07,57.67
20211109,51.61,53.9,51.61,52.78,51.84,0.94,1.8133,7131.09,37691.69,38.9,104.55,44.75,46.7,53.2,66.85,71.4,56.08,47.73
20211108,50.74,52.87,50.58,51.84,52.11,-0.27,-0.5181,11505.04,59474.384,38.9,104.55,44.75,46.7,53.2,66.85,71.4,56.1,37.85
20211105,47.86,55.2,47.3,52.11,47.66,4.45,9.337,21582.91,113132.694,38.9,104.55,44.75,46.7,53.2,66.85,71.4,56.16,42.04
20211104,47.87,48.0,47.0,47.66,47.3,0.36,0.7611,3397.66,16181.179,38.9,104.55,44.75,46.7,53.2,66.85,71.4,56.27,21.52
20211103,46.58,47.96,46.58,47.3,46.75,0.55,1.1765,4164.95,19705.982,38.9,104.55,44.75,46.7,53.85,66.85,71.4,56.32,16.35
20211102,47.24,48.03,46.6,46.75,46.85,-0.1,-0.2134,8708.17,41244.952,38.9,104.55,44.75,46.7,53.85,66.85,71.4,56.37,16.06
20211101,45.37,47.3,45.14,46.85,45.56,1.29,2.8314,5732.44,26741.552,38.9,104.55,44.75,46.7,53.85,66.85,71.4,56.46,15.9
20211029,44.97,45.95,43.88,45.56,44.99,0.57,1.2669,4812.41,21683.183,38.9,104.55,44.75,46.7,53.85,66.85,71.4,56.54,8.9
20211028,44.15,45.66,43.66,44.99,44.15,0.84,1.9026,5435.59,24535.682,38.9,104.55,44.75,47.35,53.85,66.85,71.4,56.61,5.89
20211027,45.56,45.56,44.15,44.15,46.0,-1.85,-4.0217,7035.05,31433.755,38.9,104.55,44.75,47.35,53.85,67.5,71.4,56.7,4.08
20211026,46.11,46.49,45.03,46.0,46.25,-0.25,-0.5405,10123.05,46316.695,38.9,104.55,45.4,47.35,53.85,67.5,71.4,56.8,6.63
20211025,46.68,46.68,45.81,46.25,46.14,0.11,0.2384,2971.98,13684.471,38.9,104.55,45.4,47.35,54.5,67.5,71.4,56.95,8.01
20211022,46.6,46.87,45.73,46.14,46.59,-0.45,-0.9659,3713.06,17105.884,38.9,104.55,45.4,47.35,54.5,67.5,71.4,57.0,7.62
20211021,46.53,46.9,46.22,46.59,46.6,-0.01,-0.0215,4144.57,19264.097,38.9,104.55,45.4,47.35,54.5,67.5,71.4,57.06,7.3
20211020,47.51,48.1,46.37,46.6,47.63,-1.03,-2.1625,7196.25,33660.79,38.9,104.55,45.4,48.0,54.5,67.5,71.4,57.1,7.07
20211019,48.88,49.0,47.29,47.63,47.86,-0.23,-0.4806,5129.04,24573.841,38.9,104.55,45.4,48.0,54.5,67.5,71.4,57.2,14.08
20211018,46.85,47.86,46.1,47.86,46.81,1.05,2.2431,6243.56,29374.271,38.9,104.55,45.4,48.0,54.5,67.5,71.4,57.27,13.82
20211015,47.66,48.0,46.6,46.81,47.66,-0.85,-1.7835,5641.97,26478.92,38.9,104.55,45.4,48.0,54.5,67.5,71.4,57.35,9.51
20211014,47.89,48.68,47.12,47.66,47.53,0.13,0.2735,4919.21,23436.865,38.9,104.55,45.4,48.0,55.15,67.5,71.4,57.41,12.39
20211013,48.19,48.68,46.9,47.53,47.7,-0.17,-0.3564,5860.72,27928.571,38.9,104.55,45.4,48.0,55.15,67.5,71.4,57.48,12.13
20211012,48.95,48.95,47.31,47.7,48.76,-1.06,-2.1739,4931.78,23681.426,38.9,104.55,45.4,48.0,55.15,67.5,71.4,57.55,11.82
20211011,48.19,49.2,47.78,48.76,47.49,1.27,2.6742,6601.82,32042.923,38.9,104.55,45.4,48.65,55.15,67.5,71.4,57.6,17.26
20211008,47.27,48.97,47.06,47.49,47.27,0.22,0.4654,6237.6,29972.231,38.9,104.55,45.4,48.65,55.15,67.5,71.4,57.69,11.72
20210930,46.54,48.25,46.54,47.27,46.4,0.87,1.875,6308.6,29943.331,38.9,104.55,45.4,48.65,55.8,67.5,71.4,57.76,9.27
20210929,48.15,48.58,45.98,46.4,48.59,-2.19,-4.5071,14367.39,67472.148,38.9,104.55,45.4,48.65,55.8,67.5,71.4,57.85,7.42
20210928,50.21,50.75,47.8,48.59,50.26,-1.67,-3.3227,13995.77,68425.498,38.9,104.55,44.75,49.3,56.45,67.5,71.4,58.06,11.21
20210927,53.08,54.12,50.05,50.26,53.06,-2.8,-5.277,13162.81,68005.88,38.9,104.55,44.75,49.95,56.45,67.5,71.4,58.22,15.65
20210924,53.03,53.96,52.8,53.06,53.43,-0.37,-0.6925,4699.73,24997.755,38.9,104.55,44.75,49.95,57.1,68.15,71.4,58.31,32.69
20210923,53.72,54.4,52.9,53.43,53.44,-0.01,-0.0187,5119.66,27324.014,38.9,104.55,44.75,49.95,57.1,68.15,71.4,58.34,37.65
20210922,52.65,54.98,52.1,53.44,53.15,0.29,0.5456,7743.09,41691.099,38.9,104.55,44.75,49.95,57.1,68.15,71.4,58.37,37.51
20210917,51.99,53.58,51.2,53.15,51.38,1.77,3.4449,9770.85,51491.259,38.9,104.55,44.75,49.95,57.75,68.15,71.4,58.41,33.11
20210916,52.85,53.49,51.0,51.38,52.85,-1.47,-2.7815,7093.35,36862.37,38.9,104.55,44.75,49.95,57.75,68.15,71.4,58.47,22.55
20210915,53.51,53.88,52.27,52.85,54.19,-1.34,-2.4728,7805.28,41337.206,38.9,104.55,44.75,49.95,57.75,68.15,71.4,58.52,31.97
20210914,53.64,55.83,52.83,54.19,54.33,-0.14,-0.2577,14064.58,76125.852,38.9,104.55,44.75,49.3,57.75,68.15,71.4,58.58,38.56
20210913,50.99,57.48,50.99,54.33,50.71,3.62,7.1386,25002.0,137423.571,38.9,104.55,44.75,49.3,58.4,68.15,71.4,58.64,38.36
20210910,51.25,51.38,49.7,50.71,50.9,-0.19,-0.3733,10076.55,50607.068,38.9,104.55,44.75,49.3,58.4,68.15,71.4,58.76,20.48
20210909,51.98,51.98,50.1,50.9,51.65,-0.75,-1.4521,10645.61,54110.017,38.9,104.55,44.75,49.3,58.4,68.15,71.4,58.88,19.58
20210908,52.8,52.88,51.46,51.65,52.2,-0.55,-1.0536,9505.85,49378.152,38.9,104.55,44.1,49.3,58.4,68.15,71.4,58.97,22.08
20210907,52.78,52.99,52.03,52.2,52.66,-0.46,-0.8735,6893.68,36122.955,38.9,104.55,44.1,49.3,59.05,68.15,71.4,59.06,26.15
20210906,51.01,53.3,51.0,52.66,51.52,1.14,2.2127,9566.56,50048.658,38.9,104.55,44.1,48.65,59.05,68.15,71.4,59.11,29.51
20210903,51.9,53.55,50.64,51.52,51.25,0.27,0.5268,12734.99,66053.951,38.9,104.55,44.1,48.65,59.05,68.15,72.05,59.18,22.5
20210902,53.94,53.94,50.81,51.25,53.11,-1.86,-3.5022,14013.78,72588.206,38.9,104.55,44.1,48.65,59.05,68.8,72.05,59.32,20.12
20210901,52.19,53.8,50.12,53.11,51.7,1.41,2.7273,12806.1,66986.868,38.9,104.55,44.1,48.65,59.05,68.8,72.05,59.43,26.58
20210831,52.99,53.97,51.43,51.7,52.5,-0.8,-1.5238,13803.62,72557.956,38.9,104.55,44.1,48.65,59.7,68.8,72.05,59.56,21.74
20210830,57.5,57.8,52.19,52.5,57.8,-5.3,-9.1696,33012.33,178600.874,38.9,104.55,44.1,48.65,59.7,68.8,72.05,59.65,23.27
20210827,57.58,58.87,57.26,57.8,58.0,-0.2,-0.3448,7117.98,41313.446,38.9,104.55,43.45,48.0,60.35,68.8,72.05,59.87,37.0
20210826,59.85,59.85,57.51,58.0,60.05,-2.05,-3.4138,15244.04,89064.344,38.9,104.55,43.45,48.0,60.35,68.8,72.05,59.87,36.72
20210825,59.98,60.98,58.92,60.05,59.42,0.63,1.0602,10983.78,65994.992,38.9,104.55,43.45,48.0,60.35,68.8,72.05,59.88,48.03
20210824,60.28,62.69,58.81,59.42,61.0,-1.58,-2.5902,17153.2,103555.329,38.9,104.55,43.45,48.0,60.35,68.8,72.05,59.88,44.39
20210823,58.33,62.32,57.6,61.0,58.37,2.63,4.5057,16645.54,99861.593,38.9,104.55,43.45,48.0,60.35,68.8,72.05,59.8,51.25
20210820,58.46,59.78,57.0,58.37,58.86,-0.49,-0.8325,11184.69,65261.208,38.9,104.55,43.45,48.0,60.35,69.45,72.05,59.85,39.38
20210819,58.35,59.6,58.08,58.86,58.6,0.26,0.4437,9482.92,55930.293,38.9,104.55,43.45,48.0,61.0,69.45,72.05,59.82,42.13
20210818,61.39,62.78,57.65,58.6,61.38,-2.78,-4.5292,26425.64,156799.2,38.9,104.55,42.8,47.35,61.0,69.45,72.05,59.8,41.83
20210817,61.8,63.88,60.3,61.38,61.78,-0.4,-0.6475,15812.05,97860.236,38.9,104.55,42.8,47.35,61.0,69.45,72.05,59.81,50.93
20210816,67.48,67.86,61.71,61.78,67.44,-5.66,-8.3926,23474.29,148485.656,38.9,104.55,42.8,47.35,61.0,69.45,72.05,59.7,53.49
20210813,66.88,68.16,66.0,67.44,67.03,0.41,0.6117,12488.05,83854.271,38.9,104.55,42.8,47.35,60.35,69.45,72.05,59.57,72.38
20210812,69.22,69.93,66.83,67.03,69.99,-2.96,-4.2292,17619.5,119414.003,38.9,104.55,42.8,47.35,60.35,69.45,72.05,59.38,72.63
20210811,70.0,72.9,68.67,69.99,69.87,0.12,0.1717,22328.1,158011.35,38.9,104.55,42.8,47.35,59.7,69.45,72.05,59.09,85.64
20210810,67.02,70.76,66.0,69.87,66.77,3.1,4.6428,17158.12,117590.417,38.9,104.55,42.8,46.7,59.05,68.8,72.05,58.75,88.08
20210809,68.68,68.68,66.4,66.77,67.33,-0.56,-0.8317,13172.44,88623.958,38.9,104.55,42.8,46.7,58.4,68.8,72.05,58.45,75.85
20210806,69.0,69.78,67.0,67.33,70.25,-2.92,-4.1566,18907.6,128196.118,38.9,104.55,42.8,46.7,58.4,68.8,72.05,58.29,78.91
20210805,71.11,73.48,68.9,70.25,70.12,0.13,0.1854,22755.56,161055.388,38.9,104.55,42.8,46.7,57.75,68.8,72.05,57.93,90.19
20210804,70.51,71.68,68.09,70.12,70.53,-0.41,-0.5813,24353.13,170234.335,38.9,104.55,42.15,46.05,57.75,67.5,71.4,57.49,92.57
20210803,69.0,72.95,68.03,70.53,69.27,1.26,1.819,34816.05,246994.407,38.9,104.55,42.15,46.05,57.1,66.2,71.4,56.92,93.11
20210802,65.61,71.98,63.58,69.27,62.45,6.82,10.9207,37550.63,255037.392,38.9,104.55,42.15,46.05,55.8,64.9,69.45,56.19,94.98
20210730,58.92,63.97,57.6,62.45,58.84,3.61,6.1353,26756.15,163357.533,38.9,104.55,42.15,45.4,54.5,63.6,67.5,55.42,79.95
20210729,55.79,59.7,55.79,58.84,55.79,3.05,5.4669,17188.7,100340.745,38.9,104.55,42.15,45.4,53.85,63.6,67.5,55.21,65.36
20210728,58.91,58.91,53.53,55.79,58.06,-2.27,-3.9097,19525.52,109718.751,38.9,104.55,42.15,45.4,53.2,64.25,67.5,55.09,55.46
20210727,60.39,61.44,57.0,58.06,60.4,-2.34,-3.8742,22462.36,133827.32,38.9,104.55,42.15,45.4,53.2,64.25,67.5,55.05,61.99
20210726,64.1,65.09,59.5,60.4,62.55,-2.15,-3.4373,32686.84,202376.588,38.9,104.55,42.15,45.4,52.55,64.25,67.5,54.81,70.08
20210723,67.0,69.0,61.5,62.55,67.7,-5.15,-7.6071,41462.12,268142.65,38.9,104.55,42.15,45.4,51.9,64.25,67.5,54.42,78.98
20210722,64.1,68.0,63.66,67.7,64.08,3.62,5.6492,29466.02,195529.671,38.9,104.55,42.15,44.75,51.25,62.95,66.85,53.71,95.56
20210721,64.0,64.77,62.39,64.08,64.54,-0.46,-0.7127,22465.64,142981.416,38.9,104.55,42.15,44.75,50.6,61.65,66.2,53.1,91.42
20210720,60.37,66.69,60.08,64.54,60.33,4.21,6.9783,37400.44,240348.48,38.9,104.55,42.15,44.75,49.95,61.0,66.2,52.69,93.32
20210719,60.86,62.66,60.0,60.33,60.29,0.04,0.0663,17673.25,108161.502,38.9,104.55,42.15,44.75,49.95,59.7,66.2,52.04,86.13
20210716,60.46,62.0,59.22,60.29,60.61,-0.32,-0.528,19669.41,119312.648,38.9,104.55,41.5,44.1,49.3,58.4,66.2,51.75,88.48
20210715,58.11,62.53,56.58,60.61,57.41,3.2,5.5739,33696.42,205205.483,38.9,104.55,41.5,44.1,49.3,57.75,66.2,51.43,91.73
20210714,59.7,59.7,56.21,57.41,59.2,-1.79,-3.0236,32628.86,188156.927,38.9,104.55,41.5,44.1,49.3,56.45,66.85,50.89,88.53
20210713,50.42,59.65,49.51,59.2,49.71,9.49,19.0907,50029.3,279693.586,38.9,104.55,41.5,44.1,48.65,54.5,67.5,50.54,92.16
20210712,49.01,50.99,48.73,49.71,50.13,-0.42,-0.8378,13242.62,66334.891,38.9,104.55,41.5,43.45,48.65,53.2,69.45,50.25,62.62
20210709,45.29,50.53,44.8,50.13,45.01,5.12,11.3752,26075.15,125486.7,38.9,104.55,41.5,43.45,48.0,53.85,69.45,50.21,67.47
20210708,45.8,46.2,44.71,45.01,45.78,-0.77,-1.682,8987.14,40604.69,38.9,104.55,41.5,43.45,48.0,53.85,69.45,50.25,24.08
20210707,46.89,46.91,45.6,45.78,46.91,-1.13,-2.4089,9583.41,44085.894,38.9,104.55,41.5,42.8,48.65,53.85,69.45,50.25,28.59
20210706,47.32,48.17,46.65,46.91,47.33,-0.42,-0.8874,7657.13,36202.987,38.9,104.55,41.5,42.8,48.65,53.85,69.45,50.27,36.27
20210705,47.24,48.2,46.8,47.33,46.95,0.38,0.8094,6559.81,31131.039,38.9,104.55,41.5,42.8,48.65,53.85,69.45,50.31,36.2
20210702,47.9,48.68,46.79,46.95,48.09,-1.14,-2.3706,7202.18,34181.383,38.9,104.55,41.5,42.8,48.65,53.85,69.45,50.28,36.46
20210701,49.42,49.48,48.05,48.09,49.67,-1.58,-3.181,7097.4,34627.601,38.9,104.55,41.5,42.8,48.65,53.85,69.45,50.3,48.04
20210630,49.78,50.07,49.32,49.67,49.35,0.32,0.6484,4760.98,23638.089,38.9,104.55,41.5,42.8,48.65,53.85,69.45,50.29,60.23
20210629,50.36,50.54,49.18,49.35,50.31,-0.96,-1.9082,6156.55,30605.333,38.9,104.55,41.5,42.8,48.65,53.85,69.45,50.25,60.36
20210628,49.18,50.94,49.18,50.31,49.73,0.58,1.1663,7236.16,36505.638,38.9,104.55,41.5,42.8,48.65,53.85,69.45,50.28,64.2
20210625,48.93,50.06,48.93,49.73,49.0,0.73,1.4898,7426.14,36865.392,38.9,104.55,41.5,42.8,48.65,53.85,69.45,50.21,60.8
20210624,50.3,50.95,48.36,49.0,50.69,-1.69,-3.334,11668.9,57604.691,38.9,104.55,41.5,42.8,48.0,53.85,69.45,50.23,56.39
20210623,50.82,51.39,50.0,50.69,50.81,-0.12,-0.2362,8848.2,44831.256,38.9,104.55,41.5,42.8,48.0,53.85,70.1,50.16,67.02
20210622,48.8,51.12,48.8,50.81,48.89,1.92,3.9272,10060.08,50779.369,38.9,104.55,41.5,42.8,48.0,53.85,69.45,50.13,67.19
20210621,47.71,50.08,47.62,48.89,48.21,0.68,1.4105,9761.18,48187.07,38.9,104.55,41.5,42.8,48.0,53.85,69.45,50.12,58.75
20210618,47.88,48.8,47.84,48.21,48.15,0.06,0.1246,4928.21,23782.075,38.9,104.55,41.5,42.8,48.0,53.85,69.45,50.07,53.85
20210617,47.82,48.96,47.8,48.15,47.95,0.2,0.4171,7466.73,36067.367,38.9,104.55,41.5,42.8,48.0,53.85,69.45,50.08,53.83
20210616,50.38,50.66,47.9,47.95,50.51,-2.56,-5.0683,12009.83,58871.913,38.9,104.55,41.5,42.8,48.0,53.85,69.45,50.09,48.64
20210615,52.5,52.5,50.51,50.51,52.53,-2.02,-3.8454,9583.52,49048.765,38.9,104.55,41.5,42.8,48.0,53.85,69.45,50.04,62.31
20210611,53.26,54.71,52.5,52.53,53.0,-0.47,-0.8868,9355.88,50091.235,38.9,104.55,41.5,42.15,47.35,53.85,69.45,49.98,72.66
20210610,50.69,53.21,50.5,53.0,50.57,2.43,4.8052,13899.22,72184.727,38.9,104.55,41.5,42.15,47.35,53.85,69.45,49.87,78.57
20210609,51.96,53.0,50.57,50.57,52.31,-1.74,-3.3263,9299.8,47937.042,38.9,104.55,41.5,42.15,47.35,53.85,69.45,49.77,66.89
20210608,53.43,53.96,52.2,52.31,53.43,-1.12,-2.0962,6796.77,35904.231,38.9,104.55,41.5,42.15,47.35,53.85,69.45,49.71,74.44
20210607,52.0,54.1,52.0,53.43,51.98,1.45,2.7895,9478.71,50687.697,38.9,104.55,41.5,42.15,47.35,53.85,69.45,49.61,82.69
20210604,52.5,53.36,51.51,51.98,52.85,-0.87,-1.6462,10560.6,55276.086,38.9,104.55,41.5,42.15,46.7,53.85,69.45,49.49,77.03
20210603,52.88,55.39,52.66,52.85,53.0,-0.15,-0.283,18585.72,100247.627,38.9,104.55,41.5,42.15,46.7,53.85,69.45,49.4,79.83
20210602,53.6,54.59,52.84,53.0,53.62,-0.62,-1.1563,10020.47,53656.028,38.9,104.55,41.5,42.15,46.7,53.2,69.45,49.12,83.1
20210601,51.22,54.0,51.22,53.62,51.51,2.11,4.0963,15973.31,85145.24,38.9,104.55,41.5,42.15,46.7,53.2,69.45,49.01,86.28
20210531,51.56,52.68,50.99,51.51,51.54,-0.03,-0.0582,17177.22,88977.827,38.9,104.55,40.85,42.15,46.05,51.9,69.45,48.8,83.34
20210528,47.6,51.67,46.88,51.54,47.68,3.86,8.0956,24866.86,124103.771,38.9,104.55,40.85,42.15,46.05,51.9,69.45,48.62,84.83
20210527,47.46,48.06,47.27,47.68,47.38,0.3,0.6332,6532.58,31112.274,38.9,104.55,40.85,42.15,46.05,52.55,70.75,48.55,70.08
20210526,47.32,47.87,47.12,47.38,47.75,-0.37,-0.7749,6386.11,30269.896,38.9,104.55,40.85,42.15,45.4,53.2,70.75,48.52,70.24
20210525,47.98,48.8,47.01,47.75,47.82,-0.07,-0.1464,8209.99,39208.16,38.9,104.55,40.85,42.15,45.4,53.2,70.75,48.51,70.1
20210524,46.9,48.38,46.3,47.82,46.9,0.92,1.9616,6584.89,31294.125,38.9,104.55,40.85,42.15,45.4,53.2,70.75,48.51,70.54
20210521,47.68,48.19,46.9,46.9,47.68,-0.78,-1.6359,5288.28,25126.126,38.9,104.55,40.85,42.15,45.4,53.85,70.75,48.47,65.26
20210520,49.45,49.45,47.5,47.68,48.7,-1.02,-2.0945,8800.96,42464.171,38.9,104.55,40.85,42.15,45.4,53.85,70.75,48.48,70.73
20210519,48.5,49.69,47.8,48.7,48.72,-0.02,-0.0411,9249.54,45003.647,38.9,104.55,40.85,42.15,45.4,53.85,70.75,48.43,79.81
20210518,48.8,49.53,48.03,48.72,49.02,-0.3,-0.612,12674.68,62028.227,38.9,104.55,40.85,42.15,45.4,54.5,70.75,48.4,80.06
20210517,47.93,49.52,47.0,49.02,47.81,1.21,2.5309,14813.02,71492.321,38.9,104.55,40.85,42.15,45.4,55.15,70.75,48.34,80.66
20210514,45.01,48.14,44.8,47.81,45.0,2.81,6.2444,15790.26,74472.51,38.9,104.55,40.85,42.15,44.75,55.15,70.75,48.27,77.36
20210513,46.0,46.18,44.3,45.0,46.35,-1.35,-2.9126,9417.99,42610.673,38.9,104.55,40.85,42.15,44.75,55.8,70.75,48.23,51.89
20210512,46.3,46.56,45.2,46.35,46.33,0.02,0.0432,7613.16,34936.771,38.9,104.55,40.85,42.15,44.75,55.8,70.75,48.26,67.58
20210511,46.0,46.43,45.14,46.33,46.39,-0.06,-0.1293,10944.35,50054.639,38.9,104.55,40.85,42.15,44.75,55.8,70.75,48.27,67.15
20210510,44.47,46.69,43.75,46.39,44.5,1.89,4.2472,17880.26,81443.378,38.9,104.55,40.85,41.5,44.75,56.45,70.75,48.28,66.59
20210507,42.5,45.95,42.5,44.5,42.6,1.9,4.4601,17516.19,78284.919,38.9,104.55,40.85,41.5,44.75,56.45,71.4,48.29,47.85
20210506,43.38,43.38,42.11,42.6,43.37,-0.77,-1.7754,8699.14,36944.215,38.9,104.55,40.85,41.5,44.75,57.75,71.4,48.47,29.45
20210430,40.9,44.27,40.52,43.37,40.6,2.77,6.8227,16395.3,70467.559,38.9,104.55,40.85,41.5,44.75,57.75,71.4,48.55,36.26
20210429,41.09,41.41,40.56,40.6,41.08,-0.48,-1.1685,3909.24,15959.76,38.9,104.55,40.85,41.5,44.75,58.4,72.05,48.73,3.9
20210428,40.93,41.59,40.5,41.08,40.9,0.18,0.4401,4547.5,18642.331,38.9,104.55,40.85,41.5,44.75,58.4,72.05,48.76,7.29
20210427,41.79,41.79,40.61,40.9,41.85,-0.95,-2.27,4614.3,18923.946,38.9,104.55,40.85,41.5,45.4,58.4,72.05,48.81,6.77
20210426,42.02,42.78,41.78,41.85,41.85,0.0,0.0,5470.62,23088.621,38.9,104.55,40.85,42.15,45.4,58.4,72.05,48.87,14.26
20210423,42.73,42.73,41.82,41.85,42.21,-0.36,-0.8529,5554.43,23472.893,38.9,104.55,40.85,42.15,45.4,58.4,72.05,48.93,14.28
20210422,42.25,42.78,41.86,42.21,42.22,-0.01,-0.0237,5918.81,25045.313,38.9,104.55,40.85,42.15,45.4,58.4,72.05,48.99,25.08
20210421,41.79,42.58,41.78,42.22,41.9,0.32,0.7637,3851.3,16297.122,38.9,104.55,40.85,42.15,45.4,58.4,72.05,49.04,24.31
20210420,42.02,42.5,41.79,41.9,42.02,-0.12,-0.2856,4981.9,20989.41,38.9,104.55,40.85,42.15,45.4,58.4,72.05,49.07,14.36
20210419,40.3,42.22,40.16,42.02,40.35,1.67,4.1388,8267.82,34618.718,38.9,104.55,40.85,42.15,45.4,58.4,72.05,49.15,14.06
20210416,39.11,40.5,39.02,40.35,39.41,0.94,2.3852,3441.98,13748.923,38.9,104.55,40.85,42.15,45.4,59.05,72.05,49.25,3.49
20210415,39.11,39.66,38.9,39.41,39.37,0.04,0.1016,2982.2,11720.58,38.9,104.55,40.85,42.15,45.4,59.05,72.05,49.29,0.76
20210414,40.01,40.01,39.0,39.37,39.99,-0.62,-1.5504,5383.76,21143.019,38.9,104.55,41.5,42.15,45.4,59.05,72.05,49.34,0.49
20210413,40.69,41.22,39.78,39.99,40.59,-0.6,-1.4782,4446.93,17978.72,38.9,104.55,41.5,42.15,45.4,59.05,72.05,49.43,0.08
20210412,41.6,41.68,40.4,40.59,41.69,-1.1,-2.6385,5532.71,22585.196,38.9,104.55,41.5,42.15,45.4,59.05,72.05,49.48,0.53
20210409,41.8,42.0,41.2,41.69,41.87,-0.18,-0.4299,2522.52,10493.982,38.9,104.55,41.5,42.15,45.4,59.05,72.05,49.57,8.93
20210408,41.99,42.0,41.29,41.87,41.83,0.04,0.0956,4608.53,19199.712,38.9,104.55,41.5,42.15,45.4,59.05,72.05,49.59,8.52
20210407,42.69,42.7,41.82,41.83,42.36,-0.53,-1.2512,3492.58,14726.749,38.9,104.55,41.5,42.15,46.05,59.05,72.05,49.65,7.76
20210406,43.29,43.29,42.3,42.36,42.88,-0.52,-1.2127,3009.78,12808.157,38.9,104.55,41.5,42.15,46.05,59.05,72.05,49.67,16.49
20210402,42.18,43.17,42.18,42.88,42.18,0.7,1.6596,3887.49,16626.332,38.9,104.55,41.5,42.15,46.05,59.05,72.05,49.72,23.3
20210401,41.58,42.48,41.58,42.18,41.9,0.28,0.6683,3817.96,16084.854,38.9,104.55,41.5,42.15,46.05,59.7,72.05,49.75,16.12
20210331,41.93,42.3,41.47,41.9,41.6,0.3,0.7212,3331.8,13938.913,38.9,104.55,41.5,42.15,46.05,59.7,72.05,49.79,7.55
20210330,41.22,42.37,41.22,41.6,41.46,0.14,0.3377,4128.83,17211.826,38.9,104.55,41.5,42.8,46.05,59.7,72.05,49.82,7.16
20210329,41.62,42.0,41.21,41.46,41.62,-0.16,-0.3844,3133.01,13008.806,38.9,104.55,41.5,42.8,46.05,59.7,72.05,49.87,1.68
20210326,41.41,42.0,41.2,41.62,41.25,0.37,0.897,2958.54,12329.644,38.9,104.55,41.5,42.8,46.05,59.7,72.05,49.93,6.15
20210325,41.27,41.69,41.19,41.25,41.56,-0.31,-0.7459,3109.81,12865.654,38.9,104.55,41.5,42.8,46.05,59.7,72.05,49.95,1.54
20210324,42.06,42.16,41.2,41.56,42.11,-0.55,-1.3061,3405.79,14202.101,38.9,104.55,41.5,42.8,46.05,59.7,72.05,50.01,5.06
20210323,42.61,42.88,41.62,42.11,42.5,-0.39,-0.9176,4296.15,18115.057,38.9,104.55,42.15,42.8,46.05,59.7,72.05,50.03,4.65
20210322,42.83,43.2,42.02,42.5,42.83,-0.33,-0.7705,4094.33,17442.859,38.9,104.55,42.15,42.8,46.05,59.7,72.05,50.08,11.58
20210319,42.12,43.3,41.95,42.83,42.39,0.44,1.038,4238.56,18157.268,38.9,104.55,42.15,42.8,46.05,59.7,72.05,50.12,17.51
20210318,42.54,42.93,42.23,42.39,42.6,-0.21,-0.493,2805.8,11960.636,38.9,104.55,42.15,42.8,46.05,59.7,72.05,50.17,10.91
20210317,42.5,42.7,42.21,42.6,42.5,0.1,0.2353,2550.83,10842.162,38.9,104.55,42.15,42.8,46.05,59.7,72.05,50.21,10.73
20210316,42.15,42.5,41.8,42.5,41.62,0.88,2.1144,4688.5,19751.766,38.9,104.55,42.15,42.8,46.05,59.7,72.05,50.22,10.39
20210315,42.18,42.69,41.0,41.62,42.21,-0.59,-1.3978,4766.42,19893.124,38.9,104.55,42.15,42.8,46.05,59.7,72.05,50.3,4.26
20210312,41.79,43.2,41.56,42.21,41.8,0.41,0.9809,5767.73,24484.791,38.9,104.55,42.15,43.45,46.05,59.7,72.05,50.36,8.71
20210311,42.23,42.48,41.63,41.8,42.23,-0.43,-1.0182,6242.17,26234.967,38.9,104.55,42.15,43.45,46.05,60.35,72.05,50.43,3.62
20210310,42.13,42.78,41.85,42.23,42.0,0.23,0.5476,4277.8,18053.867,38.9,104.55,42.15,43.45,46.05,60.35,72.05,50.51,6.92
20210309,43.93,43.93,41.9,42.0,43.92,-1.92,-4.3716,7382.57,31564.359,38.9,104.55,42.15,43.45,46.7,60.35,72.05,50.59,3.0
20210308,45.45,46.19,43.76,43.92,45.85,-1.93,-4.2094,8808.87,39786.329,38.9,104.55,42.15,43.45,46.7,60.35,72.05,50.68,15.69
20210305,45.32,46.27,45.0,45.85,45.56,0.29,0.6365,4799.98,21876.673,38.9,104.55,42.15,43.45,46.7,60.35,72.05,50.73,40.07
20210304,45.54,46.39,45.4,45.56,45.92,-0.36,-0.784,5352.45,24546.766,38.9,104.55,42.15,43.45,46.7,60.35,72.05,50.77,39.87
20210303,46.51,46.78,45.65,45.92,46.33,-0.41,-0.885,7172.31,32971.959,38.9,104.55,42.15,43.45,46.7,60.35,72.05,50.81,39.88
20210302,47.86,48.3,46.32,46.33,48.18,-1.85,-3.8398,10398.06,49065.324,38.9,104.55,42.15,43.45,46.7,60.35,72.05,50.86,46.84
20210301,46.89,48.18,46.47,48.18,46.89,1.29,2.7511,9598.14,45734.248,38.9,104.55,42.15,43.45,46.7,61.0,71.4,50.89,66.05
20210226,46.46,48.18,46.05,46.89,47.15,-0.26,-0.5514,11732.36,55525.37,38.9,104.55,42.15,43.45,46.7,61.0,72.05,50.91,56.72
20210225,46.81,47.99,44.9,47.15,46.81,0.34,0.7263,16085.11,74655.636,38.9,104.55,42.15,43.45,46.7,61.0,72.05,50.95,57.02
20210224,45.9,47.68,45.9,46.81,46.12,0.69,1.4961,10975.64,51303.695,38.9,104.55,42.15,43.45,46.7,61.0,72.05,51.08,56.13
20210223,46.02,47.39,46.0,46.12,46.7,-0.58,-1.242,8744.82,40804.467,38.9,104.55,42.15,43.45,46.05,61.0,72.05,51.14,50.35
20210222,45.41,47.66,45.3,46.7,45.38,1.32,2.9088,14223.69,66678.985,38.9,104.55,42.15,43.45,46.05,61.0,72.05,51.18,50.5
20210219,44.6,45.86,44.5,45.38,44.87,0.51,1.1366,8432.43,38194.53,38.9,104.55,42.15,43.45,46.05,61.65,72.05,51.26,39.45
20210218,45.97,46.0,44.48,44.87,45.19,-0.32,-0.7081,11987.46,53840.527,38.9,104.55,42.15,43.45,46.05,61.65,72.05,51.32,39.11
20210210,42.6,45.44,42.57,45.19,43.1,2.09,4.8492,12016.79,53404.345,38.9,104.55,42.15,43.45,46.7,61.65,72.05,51.41,38.59
20210209,43.19,43.79,42.3,43.1,42.6,0.5,1.1737,6397.59,27549.3,38.9,104.55,42.15,43.45,46.7,61.65,72.05,51.55,13.8
20210208,41.11,43.15,41.11,42.6,40.93,1.67,4.0801,8578.66,36326.006,38.9,104.55,42.15,43.45,46.7,61.65,72.05,51.64,7.51
20210205,41.77,42.74,40.8,40.93,42.04,-1.11,-2.6403,7540.08,31532.145,38.9,104.55,42.15,43.45,46.7,61.65,72.05,51.78,1.63
20210204,42.37,43.5,41.74,42.04,42.37,-0.33,-0.7789,6729.93,28478.191,38.9,104.55,42.8,43.45,46.7,61.65,72.05,51.9,2.47
20210203,43.11,43.91,42.3,42.37,43.21,-0.84,-1.944,7554.18,32429.311,38.9,104.55,42.8,43.45,47.35,61.65,72.05,52.0,4.3
20210202,43.01,44.4,42.64,43.21,43.17,0.04,0.0927,7017.89,30533.528,38.9,104.55,42.8,44.1,47.35,61.65,72.05,52.1,8.42
20210201,43.3,43.89,42.77,43.17,43.2,-0.03,-0.0694,6027.43,26057.265,38.9,104.55,42.8,44.1,47.35,61.65,72.05,52.19,8.14
20210129,45.96,45.96,42.88,43.2,45.97,-2.77,-6.0257,13387.25,59046.274,38.9,104.55,42.8,44.1,47.35,62.3,72.05,52.27,7.46
20210128,45.26,48.25,45.12,45.97,45.63,0.34,0.7451,14358.95,67179.89,38.9,104.55,42.8,44.1,47.35,62.3,72.05,52.43,36.12
20210127,46.13,47.09,45.11,45.63,46.34,-0.71,-1.5322,8233.74,37528.63,38.9,104.55,42.8,44.1,48.0,62.3,72.7,52.54,36.91
20210126,47.48,48.46,46.3,46.34,48.08,-1.74,-3.619,12478.65,58794.735,38.9,104.55,42.8,44.1,48.0,62.3,72.05,52.64,40.66
20210125,45.98,49.63,45.98,48.08,45.36,2.72,5.9965,24217.33,116870.299,38.9,104.55,42.8,44.1,48.0,62.3,72.05,52.72,51.2
20210122,43.65,45.7,43.65,45.36,44.51,0.85,1.9097,12445.79,55981.087,38.9,104.55,42.8,44.1,48.0,62.95,73.35,52.93,33.49
20210121,43.67,45.45,43.67,44.51,43.65,0.86,1.9702,13303.0,59618.119,38.9,104.55,42.15,44.1,48.65,62.95,73.35,53.13,23.36
20210120,43.92,44.23,43.0,43.65,44.3,-0.65,-1.4673,7283.07,31677.403,38.9,104.55,42.15,44.1,50.6,62.95,73.35,53.31,14.72
20210119,44.29,45.17,44.0,44.3,44.4,-0.1,-0.2252,8656.05,38609.407,38.9,104.55,42.15,44.1,50.6,62.95,73.35,53.43,22.18
20210118,44.62,45.37,44.0,44.4,44.52,-0.12,-0.2695,9115.1,40609.183,38.9,104.55,42.15,44.1,51.25,62.95,73.35,53.54,21.47
20210115,44.35,45.22,43.23,44.52,43.96,0.56,1.2739,10070.29,44873.596,38.9,104.55,42.15,44.1,51.9,62.95,73.35,53.67,20.71
20210114,42.51,44.96,42.51,43.96,42.95,1.01,2.3516,9291.59,40831.838,38.9,104.55,42.15,44.1,51.9,63.6,73.35,53.84,13.97
20210113,45.14,45.16,42.16,42.95,44.82,-1.87,-4.1722,11294.31,48560.685,38.9,104.55,42.15,44.1,51.9,63.6,73.35,53.98,9.42
20210112,44.44,45.45,44.21,44.82,44.05,0.77,1.748,7668.27,34369.972,38.9,104.55,42.15,44.1,52.55,63.6,73.35,54.21,23.57
20210111,45.69,45.69,43.8,44.05,45.4,-1.35,-2.9736,10150.76,45143.931,38.9,104.55,42.15,44.1,52.55,63.6,73.35,54.28,11.98
20210108,45.25,45.51,44.03,45.4,44.85,0.55,1.2263,7405.35,33252.61,38.9,104.55,42.15,44.1,52.55,63.6,73.35,54.49,21.74
20210107,47.35,47.65,43.91,44.85,47.22,-2.37,-5.0191,15743.35,71352.706,38.9,104.55,42.15,44.1,53.2,63.6,73.35,54.6,20.99
20210106,48.38,49.59,46.89,47.22,48.38,-1.16,-2.3977,12752.66,61113.898,38.9,104.55,42.15,44.1,53.85,64.25,74.0,54.9,31.35
20210105,46.12,49.24,45.95,48.38,46.11,2.27,4.923,17547.57,84904.186,38.9,104.55,42.15,44.1,53.85,64.25,74.0,55.04,35.85
20210104,45.46,46.73,44.8,46.11,45.55,0.56,1.2294,11965.12,54745.109,38.9,104.55,42.15,44.1,54.5,64.25,74.65,55.31,29.9
20201231,43.27,46.38,43.13,45.55,43.13,2.42,5.6109,15955.19,72309.212,38.9,104.55,42.15,44.1,55.15,64.9,75.3,55.47,25.47
20201230,44.48,44.48,42.0,43.13,44.2,-1.07,-2.4208,10807.35,46613.442,38.9,104.55,42.15,44.1,55.15,64.9,75.3,55.82,10.71
20201229,44.79,45.97,43.79,44.2,45.4,-1.2,-2.6432,12698.11,56567.213,38.9,104.55,42.15,44.1,55.8,64.9,75.3,56.12,15.16
20201228,41.88,47.99,41.02,45.4,41.72,3.68,8.8207,25888.82,116676.252,38.9,104.55,42.15,44.75,55.8,64.9,75.95,56.38,17.05
20201225,41.0,42.36,40.21,41.72,40.79,0.93,2.28,9898.13,41051.065,38.9,104.55,42.15,45.4,56.45,65.55,76.6,57.01,4.43
20201224,42.32,42.32,40.6,40.79,42.28,-1.49,-3.5241,12479.02,51387.444,38.9,104.55,42.8,46.05,57.1,65.55,76.6,57.34,0.16
20201223,43.5,43.5,41.33,42.28,43.38,-1.1,-2.5357,15203.02,64337.625,38.9,104.55,42.8,46.7,57.1,65.55,76.6,57.72,2.15
20201222,44.5,44.52,42.4,43.38,45.28,-1.9,-4.1961,24240.17,105119.178,38.9,104.55,44.1,47.35,57.75,65.55,77.25,58.2,2.42
20201221,45.13,45.95,44.3,45.28,44.96,0.32,0.7117,8960.11,40658.69,38.9,104.55,46.05,51.25,58.4,66.2,77.9,58.94,2.43
20201218,46.26,46.48,44.58,44.96,45.99,-1.03,-2.2396,10990.03,49456.637,38.9,104.55,46.05,51.25,58.4,66.2,77.9,59.23,1.22
20201217,45.46,46.95,45.45,45.99,45.4,0.59,1.2996,12881.61,59392.746,38.9,104.55,46.7,51.9,58.4,66.2,77.9,59.58,0.75
20201216,50.58,50.58,45.2,45.4,50.58,-5.18,-10.2412,28918.32,135960.625,38.9,104.55,48.65,51.9,59.05,66.2,77.9,59.93,0.06
20201215,51.48,52.29,50.06,50.58,51.49,-0.91,-1.7673,7197.14,36671.607,38.9,104.55,51.25,53.2,59.05,66.85,78.55,60.77,0.51
20201214,51.87,51.98,50.78,51.49,51.87,-0.38,-0.7326,4307.72,22166.861,38.9,104.55,51.9,53.2,59.7,66.85,79.2,60.88,3.95
20201211,52.88,53.18,51.35,51.87,52.85,-0.98,-1.8543,5340.04,27720.346,38.9,104.55,51.9,53.2,59.7,66.85,79.2,60.94,3.38
20201210,50.59,53.35,50.59,52.85,50.58,2.27,4.4879,9784.88,51494.751,38.9,104.55,51.9,53.85,59.7,66.85,79.2,61.05,11.16
20201209,52.6,53.0,50.0,50.58,52.6,-2.02,-3.8403,9420.68,48347.889,38.9,104.55,51.9,53.85,59.7,66.85,79.2,61.23,0.4
20201208,53.88,53.88,52.4,52.6,53.45,-0.85,-1.5903,5446.84,28820.519,38.9,104.55,52.55,54.5,59.7,66.85,79.2,61.41,7.73
20201207,54.18,54.18,53.33,53.45,54.15,-0.7,-1.2927,4727.84,25358.5,38.9,104.55,52.55,54.5,60.35,66.85,79.2,61.5,10.35
20201204,54.05,54.79,53.36,54.15,54.55,-0.4,-0.7333,6512.95,35130.911,38.9,104.55,52.55,54.5,60.35,66.85,79.2,61.56,12.4
20201203,52.65,55.78,52.52,54.55,52.91,1.64,3.0996,12101.01,66318.724,38.9,104.55,52.55,55.15,60.35,66.85,79.2,61.67,13.92
20201202,52.9,53.36,52.37,52.91,52.61,0.3,0.5702,5317.6,28118.87,38.9,104.55,52.55,55.15,60.35,66.85,79.2,61.84,7.36
20201201,52.16,52.97,52.0,52.61,52.16,0.45,0.8627,5659.91,29734.443,38.9,104.55,52.55,55.15,60.35,66.85,79.2,61.94,6.71
20201130,53.35,53.55,52.0,52.16,52.68,-0.52,-0.9871,6291.78,33185.875,38.9,104.55,52.55,55.8,60.35,66.85,79.2,62.05,3.28
20201127,52.69,53.18,52.0,52.68,52.38,0.3,0.5727,3829.32,20089.463,38.9,104.55,53.2,55.8,60.35,67.5,79.2,62.13,4.8
20201126,53.1,53.33,51.8,52.38,53.06,-0.68,-1.2816,5479.78,28666.07,38.9,104.55,53.2,55.8,60.35,67.5,79.2,62.21,2.85
20201125,54.76,55.2,52.5,53.06,55.01,-1.95,-3.5448,11546.57,61506.334,38.9,104.55,53.85,55.8,61.0,67.5,79.2,62.32,3.09
20201124,55.55,56.18,54.78,55.01,55.6,-0.59,-1.0612,7120.93,39404.192,38.9,104.55,55.15,55.8,61.0,67.5,79.2,62.52,4.52
20201123,56.65,56.65,55.28,55.6,55.9,-0.3,-0.5367,5611.08,31195.774,38.9,104.55,55.15,56.45,61.0,67.5,79.85,62.63,8.67
20201120,56.9,56.9,55.61,55.9,56.5,-0.6,-1.0619,5709.59,31965.295,38.9,104.55,55.15,56.45,61.0,67.5,79.85,62.68,13.08
20201119,55.01,57.36,54.81,56.5,55.51,0.99,1.7835,6547.32,36904.077,38.9,104.55,55.15,56.45,61.0,67.5,79.85,62.78,16.08
20201118,55.3,56.2,54.72,55.51,55.16,0.35,0.6345,5274.97,29261.942,38.9,104.55,55.15,56.45,61.0,67.5,79.85,62.84,8.17
20201117,56.14,56.52,54.75,55.16,56.57,-1.41,-2.4925,7641.88,42115.37,38.9,104.55,55.15,57.1,61.0,67.5,79.85,62.93,7.53
20201116,56.99,56.99,55.5,56.57,56.31,0.26,0.4617,5755.2,32414.76,38.9,104.55,55.15,57.1,61.0,67.5,79.85,63.04,12.66
20201113,57.48,57.48,56.02,56.31,57.62,-1.31,-2.2735,8609.89,48748.497,38.9,104.55,55.15,57.75,61.65,67.5,79.85,63.12,8.84
20201112,58.49,58.49,57.27,57.62,57.6,0.02,0.0347,5463.89,31597.793,38.9,104.55,55.15,57.75,61.65,67.5,79.85,63.21,12.92
20201111,59.9,60.4,57.55,57.6,60.53,-2.93,-4.8406,11337.49,66206.198,38.9,104.55,55.15,57.75,61.65,67.5,79.85,63.27,12.98
20201110,60.38,62.66,59.8,60.53,59.68,0.85,1.4243,13877.72,84916.301,38.9,104.55,55.15,57.75,61.65,67.5,79.85,63.34,40.07
20201109,58.75,60.54,58.72,59.68,58.69,0.99,1.6868,11439.61,68527.379,38.9,104.55,55.15,57.75,61.65,67.5,79.85,63.41,29.48
20201106,59.48,59.88,57.8,58.69,59.9,-1.21,-2.02,9335.63,54660.088,38.9,104.55,55.15,57.75,61.65,68.15,79.85,63.48,24.29
20201105,57.19,60.4,55.9,59.9,55.52,4.38,7.889,17352.76,101738.697,38.9,104.55,55.15,57.75,61.65,68.15,79.85,63.54,32.74
20201104,55.99,56.5,55.01,55.52,55.72,-0.2,-0.3589,7128.85,39670.432,38.9,104.55,54.5,57.75,62.3,68.15,80.5,63.75,7.84
20201103,54.75,56.5,54.7,55.72,54.69,1.03,1.8833,8943.9,49768.638,38.9,104.55,54.5,57.75,62.3,68.15,80.5,63.87,7.21
20201102,57.0,57.79,54.6,54.69,56.98,-2.29,-4.019,12020.83,66672.651,38.9,104.55,54.5,58.4,62.3,68.15,80.5,64.0,5.04
20201030,60.62,61.2,56.98,56.98,60.54,-3.56,-5.8804,17409.8,101875.02,38.9,104.55,54.5,58.4,62.3,68.15,80.5,64.19,7.08
20201029,61.1,62.0,60.11,60.54,61.27,-0.73,-1.1914,9463.56,57779.148,38.9,104.55,54.5,58.4,62.3,68.15,80.5,64.39,29.02
20201028,62.68,63.3,60.23,61.27,62.68,-1.41,-2.2495,13246.11,81352.701,38.9,104.55,54.5,58.4,62.95,68.8,80.5,64.45,35.37
20201027,60.51,63.18,60.36,62.68,60.56,2.12,3.5007,11978.09,74513.46,38.9,104.55,53.85,58.4,62.95,68.8,80.5,64.47,47.89
20201026,61.35,61.95,60.01,60.56,61.32,-0.76,-1.2394,8581.34,52231.919,38.9,104.55,53.85,58.4,62.95,69.45,80.5,64.54,30.1
20201023,64.4,65.59,60.8,61.32,64.4,-3.08,-4.7826,17910.78,112316.114,38.9,104.55,53.85,58.4,62.95,69.45,80.5,64.57,34.46
20201022,66.68,66.68,64.0,64.4,66.92,-2.52,-3.7657,15214.17,98826.393,38.9,104.55,53.2,58.4,62.95,70.1,80.5,64.67,58.23
20201021,65.43,68.65,64.81,66.92,65.58,1.34,2.0433,18746.76,126613.478,38.9,104.55,53.2,58.4,62.95,70.75,81.15,64.59,75.06
20201020,64.5,66.35,63.66,65.58,64.44,1.14,1.7691,11807.26,77184.471,38.9,104.55,53.2,58.4,62.95,71.4,81.15,64.48,69.01
20201019,66.02,67.87,63.8,64.44,67.77,-3.33,-4.9137,21594.46,142082.622,38.9,104.55,53.2,57.75,62.3,71.4,81.15,64.43,63.22
20201016,67.83,68.7,66.47,67.77,67.4,0.37,0.549,19074.56,128521.967,38.9,104.55,52.55,57.75,62.3,72.05,81.15,64.38,78.41
20201015,64.6,69.28,64.5,67.4,65.46,1.94,2.9636,39929.65,270336.023,38.9,104.55,52.55,57.75,62.3,72.05,81.15,64.16,75.74
20201014,62.8,65.76,61.88,65.46,62.74,2.72,4.3354,30280.25,195663.974,38.9,104.55,51.9,57.75,61.65,74.0,81.8,63.92,77.12
20201013,61.82,64.41,61.67,62.74,62.33,0.41,0.6578,19347.85,121363.076,38.9,104.55,51.9,57.75,61.0,74.65,81.8,63.93,65.47
20201012,61.1,62.34,59.58,62.33,60.75,1.58,2.6008,24919.1,151994.472,38.9,104.55,51.9,57.75,61.0,75.3,82.45,63.98,66.66
20201009,62.05,62.77,60.45,60.75,60.32,0.43,0.7129,14907.87,91364.341,38.9,104.55,51.9,57.1,61.0,75.95,82.45,64.13,47.0
20200930,59.03,62.2,59.03,60.32,58.6,1.72,2.9352,16127.46,97860.357,38.9,104.55,51.9,57.1,61.0,76.6,82.45,64.19,43.28
20200929,58.27,60.36,57.5,58.6,57.7,0.9,1.5598,15519.41,91632.75,38.9,104.55,51.9,57.1,61.0,77.25,82.45,64.31,31.15
20200928,62.78,63.5,57.69,57.7,62.48,-4.78,-7.6504,22864.93,135751.656,38.9,104.55,51.9,57.1,61.65,77.25,82.45,64.5,17.47
20200925,62.18,64.65,61.51,62.48,61.83,0.65,1.0513,22846.24,143476.913,38.9,104.55,51.25,56.45,61.65,77.9,83.1,64.71,59.28
20200924,61.16,64.65,61.16,61.83,62.59,-0.76,-1.2143,32119.03,201951.494,38.9,104.55,51.25,56.45,61.0,78.55,83.1,64.83,54.91
20200923,58.7,64.96,57.89,62.59,59.0,3.59,6.0847,43270.31,266543.374,38.9,104.55,51.25,55.8,60.35,78.55,83.75,64.96,60.69
20200922,58.01,61.5,57.99,59.0,58.69,0.31,0.5282,26581.77,159299.479,38.9,104.55,51.25,55.15,60.35,79.2,83.75,65.33,38.55
20200921,59.62,59.62,57.25,58.69,58.56,0.13,0.222,17319.72,101452.148,38.9,104.55,51.25,55.15,60.35,79.85,84.4,65.69,40.17
20200918,59.33,59.98,56.86,58.56,60.78,-2.22,-3.6525,41195.58,240140.932,38.9,104.55,51.25,54.5,61.0,79.85,84.4,65.98,38.94
20200917,50.96,60.78,50.71,60.78,50.65,10.13,20.0,64853.87,380719.526,38.9,104.55,51.25,53.85,62.3,79.85,85.05,66.74,43.35
20200916,51.92,51.92,50.4,50.65,51.81,-1.16,-2.239,12278.99,62491.56,38.9,104.55,51.25,53.85,68.8,80.5,87.65,68.41,4.99
20200915,50.9,52.19,50.32,51.81,50.99,0.82,1.6082,11791.52,60791.17,38.9,104.55,51.25,55.8,70.1,81.15,88.3,68.91,7.14
20200914,51.16,52.25,50.91,50.99,50.8,0.19,0.374,10766.62,55508.485,38.9,104.55,51.25,57.1,70.1,81.15,89.6,69.35,3.16
20200911,50.05,51.15,49.53,50.8,50.01,0.79,1.5797,11699.32,59012.756,38.9,104.55,52.55,57.75,70.75,81.15,90.25,69.78,3.02
20200910,52.86,53.27,50.0,50.01,52.31,-2.3,-4.3969,13789.12,70830.585,38.9,104.55,53.2,57.75,71.4,81.15,90.9,70.28,0.06
20200909,55.5,55.5,52.3,52.31,55.63,-3.32,-5.968,18559.15,98390.115,38.9,104.55,55.15,58.4,71.4,81.15,91.55,70.83,0.17
20200908,56.48,56.55,54.9,55.63,55.5,0.13,0.2342,12249.69,67937.806,38.9,104.55,57.1,59.05,71.4,81.15,92.2,71.52,1.34
20200907,58.59,59.39,55.2,55.5,58.7,-3.2,-5.4514,17811.39,101847.419,38.9,104.55,57.75,59.7,72.05,81.8,92.2,71.96,0.05
20200904,57.2,59.19,57.18,58.7,58.2,0.5,0.8591,11893.43,69346.66,38.9,104.55,58.4,60.35,72.7,81.8,92.85,72.55,8.32
20200903,57.7,59.31,57.1,58.2,57.42,0.78,1.3584,16769.79,97701.974,38.9,104.55,58.4,61.0,72.7,81.8,92.85,72.93,3.57
20200902,59.68,60.85,57.11,57.42,59.62,-2.2,-3.69,26148.38,151289.817,38.9,104.55,59.05,61.65,74.0,81.8,93.5,73.51,0.24
20200901,61.8,62.42,59.58,59.62,61.8,-2.18,-3.5275,16219.07,98203.849,38.9,104.55,61.0,62.3,74.65,82.45,94.15,74.44,0.79
20200831,61.47,63.68,61.2,61.8,61.48,0.32,0.5205,13724.2,85584.382,38.9,104.55,61.0,62.95,75.3,82.45,94.15,74.97,9.37
20200828,60.81,62.65,60.81,61.48,61.15,0.33,0.5397,14392.58,88805.738,38.9,104.55,61.0,63.6,75.3,82.45,94.15,75.3,5.37
20200827,60.87,61.95,58.92,61.15,60.8,0.35,0.5757,18872.59,113861.527,38.9,104.55,61.65,66.85,75.95,82.45,94.8,75.76,4.62
20200826,61.88,63.2,60.5,60.8,61.76,-0.96,-1.5544,16023.66,98786.651,38.9,104.55,62.3,68.15,76.6,82.45,94.8,76.44,0.09
20200825,63.99,64.66,61.51,61.76,64.25,-2.49,-3.8755,20072.67,126219.856,38.9,104.55,63.6,69.45,76.6,83.1,94.8,76.99,0.86
20200824,66.88,68.0,61.73,64.25,67.36,-3.11,-4.617,18510.88,119199.463,38.9,104.55,67.5,70.75,77.25,83.1,95.45,77.64,1.25
20200821,67.6,68.66,66.93,67.36,67.38,-0.02,-0.0297,10305.76,69750.466,38.9,104.55,68.8,70.75,77.9,83.1,95.45,78.15,0.38
20200820,68.5,69.0,66.94,67.38,68.5,-1.12,-1.635,13825.74,93501.778,38.9,104.55,69.45,71.4,77.9,83.1,95.45,78.37,0.2
20200819,72.3,72.3,68.4,68.5,72.36,-3.86,-5.3344,24562.93,171295.184,38.9,104.55,70.1,71.4,78.55,83.75,96.1,78.71,0.15
20200818,71.91,72.98,70.82,72.36,72.01,0.35,0.486,17022.26,122593.361,38.9,104.55,70.75,72.05,78.55,83.75,96.1,79.23,17.48
20200817,70.37,72.07,69.86,72.01,70.33,1.68,2.3887,17134.64,122257.753,38.9,104.55,70.75,72.7,79.2,83.75,96.1,79.5,11.43
20200814,71.12,72.0,69.07,70.33,71.12,-0.79,-1.1108,18053.39,126810.951,38.9,104.55,71.4,73.35,79.2,84.4,96.1,79.86,2.49
20200813,72.0,72.68,71.03,71.12,72.12,-1.0,-1.3866,16702.43,119725.471,38.9,104.55,72.05,74.0,79.2,84.4,96.75,80.27,0.87
20200812,73.71,73.71,71.1,72.12,74.18,-2.06,-2.777,23893.52,172037.268,38.9,104.55,72.7,74.65,79.2,85.05,96.75,80.62,4.71
20200811,76.58,77.57,73.51,74.18,75.68,-1.5,-1.982,18077.46,137019.928,38.9,104.55,74.0,75.3,79.85,85.05,96.75,81.09,8.79
20200810,74.9,75.98,73.4,75.68,74.54,1.14,1.5294,18487.39,138566.092,38.9,104.55,74.0,75.3,79.85,85.7,97.4,81.32,16.38
20200807,76.3,77.4,72.68,74.54,76.79,-2.25,-2.9301,28462.77,212377.973,38.9,104.55,73.35,75.95,79.85,85.7,97.4,81.57,8.11
20200806,79.66,80.88,75.98,76.79,80.0,-3.21,-4.0125,37419.24,290514.585,38.9,104.55,74.0,77.25,80.5,87.0,97.4,82.04,14.24
20200805,81.45,81.81,78.8,80.0,82.18,-2.18,-2.6527,34713.76,278757.507,38.9,104.55,74.0,77.25,80.5,90.25,98.05,82.4,44.08
20200804,81.02,85.97,81.02,82.18,81.77,0.41,0.5014,50832.72,423801.936,38.9,104.55,74.0,76.6,80.5,91.55,98.05,82.58,63.34
20200803,80.58,82.83,79.02,81.77,80.42,1.35,1.6787,41927.28,341567.474,38.9,104.55,73.35,76.6,80.5,92.85,98.7,82.46,63.67
20200731,78.23,81.0,78.15,80.42,79.65,0.77,0.9667,41067.25,327045.347,38.9,104.55,73.35,75.95,79.85,94.15,98.7,82.64,51.88
20200730,79.58,83.76,78.37,79.65,79.45,0.2,0.2517,56660.56,461195.102,38.9,104.55,73.35,75.95,80.5,94.8,98.7,82.97,42.52
20200729,74.7,80.7,74.7,79.45,74.28,5.17,6.9602,50862.91,399121.025,38.9,104.55,73.35,75.3,79.85,95.45,99.35,83.2,46.79
20200728,74.0,75.54,72.51,74.28,74.0,0.28,0.3784,24601.41,182140.185,38.9,104.55,73.35,74.65,80.5,96.1,99.35,83.89,11.6
20200727,72.9,76.33,70.55,74.0,72.9,1.1,1.5089,34511.98,253936.082,38.9,104.55,73.35,75.95,81.15,96.1,100.0,84.44,6.16
20200724,78.96,80.39,72.88,72.9,80.21,-7.31,-9.1136,43067.83,329205.197,38.9,104.55,75.3,77.25,81.8,96.75,100.0,85.35,0.97
20200723,78.51,80.87,76.36,80.21,80.2,0.01,0.0125,40663.61,320314.16,38.9,104.55,75.95,78.55,83.1,96.75,100.0,86.26,32.37
20200722,79.35,83.23,78.03,80.2,80.9,-0.7,-0.8653,42530.42,342291.474,38.9,104.55,75.95,78.55,84.4,97.4,100.0,87.0,26.37
20200721,78.59,82.38,76.08,80.9,77.99,2.91,3.7312,52800.22,418125.419,38.9,104.55,75.95,78.55,86.35,98.05,100.65,87.65,28.24
20200720,82.45,83.8,71.0,77.99,82.09,-4.1,-4.9945,62032.5,472807.768,38.9,104.55,75.3,79.85,89.6,98.05,100.65,88.8,11.46
20200717,81.0,83.97,79.0,82.09,80.05,2.04,2.5484,48652.27,398795.638,38.9,104.55,79.85,81.8,92.2,98.7,100.65,90.66,16.57
20200716,86.83,88.15,77.07,80.05,87.88,-7.83,-8.9099,80481.99,671282.663,38.9,104.55,79.85,83.1,93.5,98.7,101.3,91.78,5.82
20200715,102.1,103.2,85.0,87.88,100.3,-12.42,-12.3829,110615.73,1048317.76,38.9,104.55,83.1,87.0,94.8,99.35,101.3,93.74,16.9
20200714,101.8,103.99,96.88,100.3,101.8,-1.5,-1.4735,87398.61,870814.61,38.9,104.55,81.15,85.7,95.45,99.35,101.3,93.69,89.37
20200713,96.0,102.33,94.0,101.8,96.18,5.62,5.8432,98618.8,972945.039,38.9,103.9,78.55,85.05,94.15,97.4,99.35,92.14,99.55
20200710,93.0,99.28,92.48,96.18,94.15,2.03,2.1561,92496.07,894552.488,38.9,103.9,77.25,84.4,92.2,96.1,97.4,90.46,88.62
20200709,91.55,98.26,91.2,94.15,92.15,2.0,2.1704,104387.45,987481.22,38.9,103.9,75.95,83.75,90.9,94.8,96.1,89.09,75.41
20200708,92.5,95.5,88.39,92.15,91.61,0.54,0.5895,92380.54,849067.811,38.9,103.9,75.3,82.45,87.65,93.5,95.45,87.43,73.58
20200707,88.73,98.5,88.5,91.61,88.73,2.88,3.2458,119452.54,1122260.634,38.9,103.9,75.3,80.5,86.35,92.85,95.45,86.26,79.7
20200706,85.0,92.51,81.02,88.73,85.52,3.21,3.7535,138638.03,1190553.992,38.9,103.9,74.65,77.25,85.05,87.65,88.95,83.66,92.37
20200703,84.03,89.32,84.03,85.52,84.92,0.6,0.7065,112673.65,974648.274,38.9,103.9,73.35,75.95,84.4,87.0,87.65,82.47,63.74
20200702,85.55,87.58,82.5,84.92,90.62,-5.7,-6.29,161209.11,1371674.781,38.9,103.9,70.75,75.3,83.1,85.7,87.0,81.07,68.79
20200701,75.65,90.62,75.65,90.62,75.52,15.1,19.9947,191104.49,1584455.136,38.9,103.9,69.45,74.65,77.9,84.4,87.0,78.88,99.95
20200630,75.28,77.98,73.03,75.52,76.0,-0.48,-0.6316,110167.55,829841.956,38.9,103.9,68.8,72.05,75.95,79.2,83.75,75.96,44.96
20200629,75.93,78.8,74.5,76.0,74.0,2.0,2.7027,123383.27,949030.592,38.9,103.9,68.8,70.1,75.95,80.5,85.05,76.12,51.41
20200624,72.31,78.85,71.6,74.0,71.3,2.7,3.7868,170279.66,1290471.975,38.9,103.9,68.15,69.45,75.3,81.8,85.7,75.97,32.86
20200623,70.0,71.83,67.18,71.3,73.07,-1.77,-2.4223,190508.23,1327787.308,38.9,103.9,68.15,68.8,77.25,83.75,86.35,76.39,39.03
20200622,85.0,89.99,72.85,73.07,25.64,47.43,184.9844,335169.83,2735216.463,38.9,103.9,75.3,77.25,81.15,85.05,87.65,81.38,0.07
