datetime,open,close,high,low,volume,turnover,amplitude,pricelimit,change,turnoverratio,takeprofitratio,averagecost,ratio90low,raio90high,concentration90,raio70low,raio70high,concentration70
2023-02-15,327.0,324.95,329.4,323.44,21126,687083433.0,1.82,-0.56,-1.83,0.17,0.13688256447156133,326.32,324.36,328.44,0.006249999999999976,325.0,327.72,0.004167177350165416
2023-02-16,326.0,322.65,326.94,321.58,22756,737667741.0,1.65,-0.71,-2.3,0.19,0.042034268899724066,325.2,322.73,327.98,0.008065437722237924,323.63,326.93,0.005082455531866874
2023-02-17,321.08,318.98,324.77,318.66,23063,741586777.0,1.89,-1.14,-3.67,0.19,0.002660388162698807,324.14,320.03,327.67,0.011796420662325405,321.11,326.44,0.008237070423656241
2023-02-20,318.05,326.18,326.6,316.05,33250,1070563585.0,3.31,2.26,7.2,0.27,0.8811254303251523,323.13,319.01,327.25,0.01275492719036432,320.35,325.91,0.008595711802202009
2023-02-21,324.98,322.49,325.68,319.1,25537,820345974.0,2.02,-1.13,-3.69,0.21,0.41607641479556984,322.95,319.28,326.98,0.011923084112731824,320.53,325.55,0.007766022095143128
2023-02-22,322.0,317.47,323.6,315.5,34768,1104145221.0,2.51,-1.56,-5.02,0.29,0.03371575404408344,322.22,317.93,326.69,0.013603558206071153,319.42,325.11,0.00882911870213306
2023-02-23,315.5,316.12,318.69,315.5,20137,637600698.0,1.0,-0.43,-1.35,0.17,0.015949405005127204,321.75,316.53,326.51,0.015523091551067172,317.93,324.92,0.010883829604642941
2023-02-24,315.0,315.04,317.3,314.5,16443,519022275.0,0.89,-0.34,-1.08,0.14,0.0096561896124976,321.3,315.8,326.4,0.016505761445032647,316.9,324.7,0.01215710723192022
2023-02-27,314.42,312.47,315.5,309.0,25895,807641534.0,2.06,-0.82,-2.57,0.21,0.05605955016008289,320.77,312.29,326.25,0.021870467301507206,315.57,324.47,0.013904268169921482
2023-02-28,312.78,314.02,319.95,312.78,28280,892703407.0,2.29,0.5,1.55,0.23,0.0998105441791272,320.09,312.56,326.11,0.021222667776348642,315.16,324.33,0.014344365523147414
2023-03-01,315.0,316.49,316.98,311.01,23526,741331547.0,1.9,0.79,2.47,0.19,0.3254827222996878,319.41,312.42,325.98,0.0212317707019225,314.48,324.06,0.015009144226524607
2023-03-02,313.02,311.4,316.6,310.58,19635,614220525.0,1.9,-1.61,-5.09,0.16,0.02370395410030368,318.58,312.15,325.98,0.021669990155741184,313.79,323.92,0.015887248525567325
2023-03-03,313.98,313.1,315.75,310.1,16679,522124215.0,1.81,0.55,1.7,0.14,0.12142311966782837,318.04,311.88,325.84,0.0218986398595658,313.38,323.79,0.01633065790305245
2023-03-06,312.92,313.01,314.1,310.0,20725,645977140.0,1.31,-0.03,-0.09,0.17,0.16595379870422586,317.35,311.6,325.7,0.02212758428954154,312.83,323.65,0.016993546754396988
2023-03-07,312.0,308.0,313.5,307.0,26127,811062001.0,2.08,-1.6,-5.01,0.22,0.003532950667416892,316.62,310.46,325.64,0.023870316990719436,312.11,323.39,0.017742255716597013
2023-03-08,306.06,306.09,309.88,305.0,20052,614287932.0,1.58,-0.62,-1.91,0.17,0.007260478866482063,316.3,308.28,325.47,0.02713178294573645,311.55,323.18,0.018317853457172396
2023-03-09,306.0,303.61,308.6,303.46,22839,698715470.0,1.68,-0.81,-2.48,0.19,0.0,315.82,306.25,325.4,0.030318369442517708,310.25,323.13,0.0203399327526364
2023-03-10,303.61,309.76,311.99,303.0,31115,958392522.0,2.96,2.03,6.15,0.26,0.1943158557721371,315.23,305.83,325.32,0.030879556967678485,308.32,322.84,0.023019306103178552
2023-03-13,310.38,309.01,313.33,307.68,28693,891842378.0,1.82,-0.24,-0.75,0.24,0.16576410690699395,314.69,306.01,325.15,0.03031811047735704,308.49,322.67,0.02245785961285711
2023-03-14,308.95,308.73,313.13,308.18,15143,469703233.0,1.6,-0.09,-0.28,0.12,0.15549197189955696,314.34,306.01,325.15,0.03031811047735704,308.67,322.49,0.021896413122535666
2023-03-15,313.56,308.4,314.0,308.18,18027,559894068.0,1.89,-0.11,-0.33,0.15,0.13669089842316692,313.99,306.01,324.97,0.030045821792793508,308.67,322.49,0.021896413122535666
2023-03-16,307.4,314.09,316.67,307.01,29795,936983058.0,3.13,1.85,5.69,0.25,0.5251230950685001,313.63,306.19,324.97,0.029756663987035692,308.85,322.14,0.021060155462238533
2023-03-17,314.99,298.95,317.0,297.23,74715,2272684060.0,6.29,-4.82,-15.14,0.62,0.0017253419387040741,312.78,304.79,324.65,0.03155734838261705,307.38,321.63,0.02265450897518543
2023-03-20,298.95,295.4,302.88,294.4,36434,1080831860.0,2.84,-1.19,-3.55,0.3,0.0021730710931404376,312.49,299.8,324.47,0.039509246776367996,306.14,321.41,0.024329937480081533
2023-03-21,297.77,305.5,306.8,297.01,34982,1062361710.0,3.31,3.42,10.1,0.29,0.1727634984085607,312.02,299.57,324.47,0.03990053903369714,304.74,321.18,0.02627030319146653
2023-03-22,307.74,308.6,309.89,303.01,24347,747063376.0,2.25,1.01,3.1,0.2,0.313109567930375,311.78,299.57,324.47,0.03990053903369714,304.97,320.94,0.025519723100281777
2023-03-23,307.25,311.88,312.88,307.08,18068,562346757.0,1.88,1.06,3.28,0.15,0.5229013667393163,311.55,299.57,324.23,0.039539002132416394,304.97,320.94,0.025519723100281777
2023-03-24,310.56,304.0,313.7,304.0,24888,763867814.0,3.11,-2.53,-7.88,0.21,0.11695628580811357,311.31,299.8,324.23,0.03914769867457079,305.21,320.71,0.024769143009097026
2023-03-27,304.0,305.5,308.7,301.0,26559,810286323.0,2.53,0.49,1.5,0.22,0.1841403455981901,311.08,299.8,324.23,0.03914769867457079,304.74,320.47,0.02517277432956689
2023-03-28,306.0,307.63,308.2,302.05,22747,697154211.0,2.01,0.7,2.13,0.19,0.31365513346228585,310.84,300.04,324.23,0.038756689694913374,304.74,320.24,0.02480638136106493
2023-03-29,310.23,308.0,311.0,306.4,20530,632816654.0,1.5,0.12,0.37,0.17,0.3222888571707695,310.61,300.04,324.0,0.03839485831544444,304.74,320.0,0.02443971286828767
2023-03-30,309.0,313.46,315.94,307.03,31212,977127463.0,2.89,1.77,5.46,0.26,0.6784065844707363,310.84,300.27,324.0,0.03800413261345876,304.97,319.77,0.023687721703109597
2023-03-31,314.74,311.71,315.47,311.2,22558,705354513.0,1.36,-0.56,-1.75,0.19,0.5489307390200939,311.08,300.27,324.0,0.03800413261345876,304.97,319.53,0.023320494523445166
2023-04-03,311.71,303.1,311.95,302.0,38523,1172544391.0,3.19,-2.76,-8.61,0.32,0.09334699329609415,310.61,300.51,323.76,0.03725157553200414,304.97,319.3,0.02295299098436618
2023-04-04,303.5,304.12,305.5,300.21,29753,901013017.0,1.75,0.34,1.02,0.25,0.14252537270230417,310.37,300.51,323.76,0.03725157553200414,304.27,318.83,0.02337324377539283
2023-04-06,303.94,303.06,305.0,301.3,20474,619662259.0,1.22,-0.35,-1.06,0.17,0.10737599090784991,310.14,300.74,323.76,0.03686142682738109,304.03,318.59,0.023390879928253602
2023-04-07,300.31,309.0,310.77,300.31,26046,801551476.0,3.45,1.96,5.94,0.21,0.43878224063264537,310.14,300.74,323.53,0.036499018450549515,303.8,318.36,0.023408542715736162
2023-04-10,309.1,311.9,314.8,308.11,27443,859272861.0,2.17,0.94,2.9,0.23,0.6199125637632271,310.14,300.74,323.53,0.036499018450549515,304.03,317.89,0.02228428488488793
2023-04-11,315.5,309.78,315.5,309.67,24108,751476008.0,1.87,-0.68,-2.12,0.2,0.4631159966454408,310.37,300.98,323.53,0.03610915281049577,304.03,317.66,0.021914862378982485
2023-04-12,310.41,308.35,311.94,307.67,24921,770622504.0,1.38,-0.46,-1.43,0.21,0.3674678253675527,310.14,300.98,323.29,0.0357464613690949,304.03,317.42,0.021545160600543033
2023-04-13,307.0,313.36,315.55,304.2,44449,1389135408.0,3.68,1.62,5.01,0.37,0.7257326894386589,310.14,301.21,323.29,0.03535687879361045,304.27,316.95,0.020418922831596777
2023-04-14,315.0,312.5,315.8,311.92,24223,759068662.0,1.24,-0.27,-0.86,0.2,0.6652926872149165,310.37,301.21,323.29,0.03535687879361045,304.27,316.95,0.020418922831596777
2023-04-17,311.88,313.26,315.5,308.19,32793,1024004513.0,2.34,0.24,0.76,0.27,0.7178804740263506,310.37,301.21,323.06,0.03499390428764028,304.5,316.72,0.019662666430426533
2023-04-18,313.0,314.51,316.9,311.69,24104,758254391.0,1.66,0.4,1.25,0.2,0.78191409464277,310.61,301.45,323.06,0.03460460477672513,304.5,316.48,0.019291833015945718
2023-04-19,313.86,317.65,318.5,313.08,33047,1047382751.0,1.72,1.0,3.14,0.27,0.8701232256488874,310.84,301.45,323.06,0.03460460477672513,304.74,316.72,0.01927724895838055
2023-04-20,319.0,309.03,319.2,308.26,31811,992006030.0,3.44,-2.71,-8.62,0.26,0.36143566515410686,310.84,301.45,322.82,0.03424134720618566,304.74,316.48,0.01890641002925629
2023-04-21,309.02,301.5,309.75,298.88,46073,1393133092.0,3.52,-2.44,-7.53,0.38,0.052438102145628385,310.61,301.45,322.82,0.03424134720618566,304.5,316.48,0.019291833015945718
2023-04-24,303.91,301.5,304.28,299.06,34182,1028190374.0,1.73,0.0,0.0,0.28,0.061372380087888104,310.61,301.21,322.59,0.034267135181427606,303.8,316.25,0.020078756351056715
2023-04-25,301.0,302.72,303.87,299.5,28721,868405471.0,1.45,0.4,1.22,0.24,0.11885719897466639,310.37,300.98,322.59,0.03465674751806032,303.33,316.25,0.020852244784772288
2023-04-26,300.0,300.5,304.79,299.13,32172,969391260.0,1.87,-0.73,-2.22,0.27,0.04043006311912014,310.14,300.74,322.59,0.035046653502188996,303.09,316.01,0.02086806827815124
2023-04-27,300.5,309.0,309.99,297.2,37516,1143985646.0,4.26,2.83,8.5,0.31,0.4453262899947461,309.9,300.74,322.35,0.034682877860260385,302.86,316.01,0.02125555247084947
2023-04-28,311.9,311.9,312.0,307.1,46720,1450667830.0,1.59,0.94,2.9,0.39,0.6400313088220151,309.9,300.74,322.35,0.034682877860260385,303.09,315.78,0.020496425596890567
2023-05-04,314.28,315.0,315.0,309.14,38645,1208706562.0,1.88,0.99,3.1,0.32,0.8248192477488098,310.14,300.74,322.12,0.03431882783693337,303.09,315.54,0.020124500684558445
2023-05-05,315.0,314.36,316.51,311.66,27891,876394669.0,1.54,-0.2,-0.64,0.23,0.7856899149965855,310.37,300.74,322.12,0.03431882783693337,303.09,315.54,0.020124500684558445
2023-05-08,315.36,301.14,315.86,298.01,63465,1923258919.0,5.68,-4.21,-13.22,0.52,0.05960293783224445,310.14,300.74,321.88,0.03395450312165843,303.09,315.31,0.01975229321953693
2023-05-09,300.0,304.2,308.0,298.53,43809,1336116897.0,3.14,1.02,3.06,0.36,0.2087309808369442,309.9,300.74,321.88,0.03395450312165843,302.86,315.31,0.020139795149512148
2023-05-10,306.0,307.32,308.85,298.71,33262,1013204250.0,3.33,1.03,3.12,0.27,0.37237416931685113,309.67,300.74,321.65,0.03358990340341743,302.86,315.31,0.020139795149512148
2023-05-11,305.42,304.04,308.5,303.11,21515,655939050.0,1.75,-1.07,-3.28,0.18,0.2120455314791877,309.67,300.74,321.65,0.03358990340341743,302.86,315.07,0.019767310516209155
2023-05-12,305.0,306.79,311.33,303.16,25588,788544159.0,2.69,0.9,2.75,0.21,0.3469135701214992,309.43,300.74,321.65,0.03358990340341743,303.09,315.07,0.019379802879719243
2023-05-15,306.83,309.94,309.99,305.11,22309,687398353.0,1.59,1.03,3.15,0.18,0.5381750819206392,309.43,300.74,321.65,0.03358990340341743,303.09,315.07,0.019379802879719243
2023-05-16,312.0,310.6,312.99,308.25,24577,761502256.0,1.53,0.21,0.66,0.2,0.5680165001322035,309.43,300.74,321.41,0.03322502837072227,303.09,315.07,0.019379802879719243
2023-05-17,310.69,309.55,312.6,308.7,17967,556888310.0,1.26,-0.34,-1.05,0.15,0.49676597378606563,309.67,300.74,321.41,0.03322502837072227,303.09,315.07,0.019379802879719243
2023-05-18,309.55,307.46,311.0,305.9,21214,653158787.0,1.65,-0.68,-2.09,0.17,0.37165036742158386,309.43,300.74,321.41,0.03322502837072227,303.09,314.84,0.01900702934250881
2023-05-19,307.09,311.05,313.77,306.01,24192,751726765.0,2.52,1.17,3.59,0.2,0.6108109529017688,309.43,300.98,321.41,0.032835074113452996,303.09,314.84,0.01900702934250881
2023-05-22,313.45,313.0,315.03,311.05,19532,612477620.0,1.28,0.63,1.95,0.16,0.7491664705059612,309.67,300.98,321.18,0.0324699140895695,303.33,314.84,0.01861981060992634
2023-05-23,315.0,311.38,315.5,311.21,19076,597448495.0,1.37,-0.52,-1.62,0.16,0.6312060326928912,309.67,300.98,321.18,0.0324699140895695,303.33,314.84,0.01861981060992634
2023-05-24,313.2,312.0,314.69,308.58,25654,801832812.0,1.96,0.2,0.62,0.21,0.6608783277440441,309.67,300.98,321.18,0.0324699140895695,303.33,314.84,0.01861981060992634
2023-05-25,311.87,314.71,315.45,309.75,26408,828906751.0,1.83,0.87,2.71,0.22,0.8505438062671551,309.9,300.98,321.18,0.0324699140895695,303.33,314.6,0.018246748168808464
2023-05-26,315.4,317.36,325.0,314.01,33633,1078480040.0,3.49,0.84,2.65,0.28,0.9044872784263576,309.9,300.98,321.41,0.032835074113452996,303.33,315.07,0.018992589634170134
2023-05-29,313.38,312.02,314.3,306.5,38451,1192472150.0,2.46,-1.68,-5.34,0.32,0.6618627371864093,310.14,300.98,321.18,0.0324699140895695,303.56,315.07,0.018605670444214427
2023-05-30,314.2,307.6,314.2,305.0,25685,790678545.0,2.95,-1.42,-4.42,0.21,0.345142467403646,310.14,300.98,321.18,0.0324699140895695,303.56,314.84,0.018232886048803337
2023-05-31,307.61,300.58,307.89,299.0,37904,1141383377.0,2.89,-2.28,-7.02,0.31,0.038894724386863234,309.9,300.98,321.18,0.0324699140895695,303.33,314.84,0.01861981060992634
2023-06-01,300.99,299.04,302.69,297.16,23478,703473730.0,1.84,-0.51,-1.54,0.19,0.016170879217707462,309.9,300.74,320.94,0.03249445111366365,303.09,314.84,0.01900702934250881
2023-06-02,300.5,301.58,303.64,299.5,24893,751804833.0,1.38,0.85,2.54,0.21,0.08570998958752303,309.67,300.74,320.94,0.03249445111366365,302.86,314.84,0.019394542582157857
2023-06-05,302.5,301.4,305.9,300.49,18991,575263461.0,1.79,-0.06,-0.18,0.16,0.07524543198222618,309.67,300.74,320.94,0.03249445111366365,302.86,314.84,0.019394542582157857
2023-06-06,302.98,300.0,303.89,299.08,30264,910940285.0,1.6,-0.46,-1.4,0.25,0.029846472738474464,309.67,300.51,320.94,0.03288471881135511,302.62,314.6,0.019409304722822044
2023-06-07,301.25,294.98,303.5,294.09,34407,1026038130.0,3.14,-1.67,-5.02,0.28,0.0004201708597161221,309.49,300.25,320.87,0.033193652818878545,302.38,314.71,0.019969408343795892
2023-06-08,296.11,294.0,297.88,290.69,28062,824474870.0,2.44,-0.33,-0.98,0.23,0.005044403813538744,309.4,299.78,320.83,0.03390809837004811,302.12,314.59,0.02022065905192479
2023-06-09,295.88,302.0,303.24,293.65,42385,1268565864.0,3.26,2.72,8.0,0.35,0.15833465256272714,309.14,299.0,320.57,0.034803613111878025,301.86,314.59,0.020650622140288018
2023-06-12,300.9,299.35,301.6,298.0,19328,579254179.0,1.19,-0.88,-2.65,0.16,0.0587045795690526,309.14,299.0,320.57,0.034803613111878025,301.6,314.59,0.02108094778982784
2023-06-13,298.88,302.28,303.25,298.11,20973,632231397.0,1.72,0.98,2.93,0.17,0.18714418134614247,309.14,299.0,320.57,0.034803613111878025,301.6,314.33,0.020668042872685692
2023-06-14,303.0,299.61,304.95,299.3,20603,621292899.0,1.87,-0.88,-2.67,0.17,0.06578812268475347,308.88,299.0,320.57,0.034803613111878025,301.6,314.33,0.020668042872685692
2023-06-15,301.64,302.3,303.18,298.29,29028,874221732.0,1.63,0.9,2.69,0.24,0.20086688832286226,308.88,299.0,320.31,0.03439871656381721,301.34,314.33,0.021098739046478732
2023-06-16,302.99,306.21,306.99,301.1,25556,778549007.0,1.95,1.29,3.91,0.21,0.38352593956449005,308.62,299.0,320.31,0.03439871656381721,301.34,314.33,0.021098739046478732
2023-06-19,305.1,303.79,307.77,300.29,20658,626381716.0,2.44,-0.79,-2.42,0.17,0.2812242157296964,308.62,299.0,320.31,0.03439871656381721,301.34,314.33,0.021098739046478732
2023-06-20,303.9,303.13,304.5,301.55,13973,423467284.0,0.97,-0.22,-0.66,0.12,0.2435666240813617,308.62,299.0,320.31,0.03439871656381721,301.34,314.33,0.021098739046478732
2023-06-21,301.45,299.1,303.1,299.0,22347,670333524.0,1.35,-1.33,-4.03,0.18,0.05086558550444997,308.36,299.0,320.31,0.03439871656381721,301.34,314.33,0.021098739046478732
2023-06-26,298.0,298.6,299.9,295.5,22045,657247564.0,1.47,-0.17,-0.5,0.18,0.048575418603856065,308.36,298.74,320.05,0.03442760108312527,301.34,314.07,0.020685493021935487
2023-06-27,300.5,297.62,301.48,296.98,20507,613130081.0,1.51,-0.33,-0.98,0.17,0.03144330642286037,308.36,298.48,320.05,0.034862086681861075,301.08,314.07,0.02111656035834113
2023-06-28,298.03,299.82,301.68,295.78,19542,584688024.0,1.98,0.74,2.2,0.16,0.09555739818234879,308.1,298.48,320.05,0.034862086681861075,301.08,314.07,0.02111656035834113
2023-06-29,300.5,298.78,301.44,298.0,21447,643255474.0,1.15,-0.35,-1.04,0.18,0.06146971518853931,308.1,298.48,320.05,0.034862086681861075,300.82,314.07,0.02154799195496224
2023-06-30,298.5,299.8,302.34,295.6,25264,756793139.0,2.26,0.34,1.02,0.21,0.10752588184278851,307.84,298.22,320.05,0.03529693742371569,300.82,314.07,0.02154799195496224
2023-07-03,299.0,300.2,300.98,296.8,18555,554394070.0,1.39,0.13,0.4,0.15,0.12685494253059382,307.84,298.22,319.79,0.03489139720990886,300.56,314.07,0.02197978827370454
2023-07-04,299.0,297.52,300.98,296.2,25093,746512080.0,1.59,-0.89,-2.68,0.21,0.035638381150943324,307.58,298.22,319.79,0.03489139720990886,300.3,314.07,0.02241194977725475
2023-07-05,297.29,296.32,297.3,294.9,21358,631356498.0,0.81,-0.4,-1.2,0.18,0.02137249058061586,307.58,297.7,319.79,0.03576222109114034,300.3,314.07,0.02241194977725475
2023-07-06,295.5,294.91,297.55,294.06,23848,704270219.0,1.18,-0.48,-1.41,0.2,0.00991355130034216,307.32,297.44,319.79,0.03619818283830391,300.04,313.81,0.022430920368226456
2023-07-07,293.68,291.64,294.92,290.68,27965,817453388.0,1.44,-1.11,-3.27,0.23,0.0013973316188595202,307.31,296.66,319.53,0.03711271575817831,300.04,313.81,0.02243713936094568
2023-07-10,293.5,293.18,297.58,292.8,17398,512616954.0,1.64,0.53,1.54,0.14,0.01012265809661021,307.31,296.4,319.53,0.037550287450257375,299.78,313.81,0.022870163519569026
2023-07-11,295.97,294.71,297.48,293.36,14191,419087564.0,1.41,0.52,1.53,0.12,0.023705175814028808,307.05,296.14,319.53,0.037988228532857306,299.78,313.81,0.022870163519569026
2023-07-12,294.96,297.46,298.2,294.39,20679,614267592.0,1.29,0.93,2.75,0.17,0.08470607714763152,307.05,296.14,319.53,0.037988228532857306,299.52,313.81,0.023303554623724614
2023-07-13,298.64,300.25,300.74,297.02,26220,786339891.0,1.25,0.94,2.79,0.22,0.1882301302372966,306.79,296.14,319.53,0.037988228532857306,299.52,313.81,0.023303554623724614
2023-07-14,300.07,301.45,301.45,298.98,17185,516471682.0,0.82,0.4,1.2,0.14,0.2641996998269141,306.79,296.14,319.27,0.03758200014482803,299.52,313.81,0.023303554623724614
2023-07-17,301.66,299.61,301.77,298.0,8035,240550997.0,1.25,-0.61,-1.84,0.07,0.16155231949361704,306.79,296.14,319.27,0.03758200014482803,299.52,313.81,0.023303554623724614
2023-07-18,301.5,297.9,301.5,296.28,23703,705810273.0,1.74,-0.57,-1.71,0.2,0.0902470529247276,306.53,296.14,319.27,0.03758200014482803,299.26,313.81,0.0237373131400356
2023-07-19,296.0,297.52,299.98,296.0,18036,538741716.0,1.34,-0.13,-0.38,0.15,0.08611522138248384,306.53,296.14,319.27,0.03758200014482803,299.26,313.81,0.0237373131400356
2023-07-20,299.5,300.84,302.0,298.95,19137,575481031.0,1.03,1.12,3.32,0.16,0.253632852730209,306.53,296.14,319.27,0.03758200014482803,299.26,313.81,0.0237373131400356
2023-07-21,299.06,299.91,301.34,298.83,16921,507640776.0,0.83,-0.31,-0.93,0.14,0.18977721465850697,306.27,296.14,319.01,0.03717542853601675,299.26,313.55,0.023323318850445994
2023-07-24,298.01,297.72,301.5,296.61,21071,627409161.0,1.63,-0.73,-2.19,0.17,0.09282638971417985,306.27,296.14,319.01,0.03717542853601675,299.26,313.55,0.023323318850445994
2023-07-25,300.0,300.49,300.5,296.34,33452,999325308.0,1.4,0.93,2.77,0.28,0.24036889968074668,306.01,296.14,319.01,0.03717542853601675,299.0,313.55,0.023757453787176894
2023-07-26,299.02,303.4,304.02,299.0,21756,657804455.0,1.67,0.97,2.91,0.18,0.39936703741822577,306.01,296.14,318.75,0.03676851327126076,299.0,313.55,0.023757453787176894
2023-07-27,304.0,304.2,305.0,300.98,21174,642661962.0,1.32,0.26,0.8,0.17,0.4458614670446425,305.75,296.14,318.75,0.03676851327126076,299.0,313.55,0.023757453787176894
2023-07-28,303.5,308.86,309.68,302.56,32872,1009823405.0,2.34,1.53,4.66,0.27,0.6114878850859127,305.75,296.4,318.75,0.03633053243292544,299.26,313.55,0.023323318850445994
2023-07-31,315.0,296.0,315.03,294.65,109512,3286408467.0,6.6,-4.16,-12.86,0.9,0.04204040820345818,305.75,296.4,318.23,0.03551564335850651,299.26,313.29,0.022908973294777694
2023-08-01,300.0,295.24,302.5,293.11,86624,2581128133.0,3.17,-0.26,-0.76,0.71,0.02955928567397273,305.23,296.14,317.97,0.035545701178649185,298.74,313.29,0.02377762864123449
2023-08-02,295.9,296.04,298.0,294.41,34481,1021368758.0,1.22,0.27,0.8,0.28,0.05125726155528592,305.23,295.88,317.97,0.03598409142793172,298.74,313.29,0.02377762864123449
2023-08-03,295.7,294.55,296.01,294.01,40517,1194251604.0,0.68,-0.5,-1.49,0.33,0.019279505470195583,304.97,295.62,317.97,0.03642285301264698,298.48,313.29,0.02421250979672832
2023-08-04,295.0,286.08,295.8,283.37,114437,3291150246.0,4.22,-2.88,-8.47,0.94,0.0032033936436288856,304.38,293.87,317.66,0.03889776193908139,297.58,313.03,0.025296623936640464
2023-08-07,281.93,268.81,283.0,268.0,176933,4807416615.0,5.24,-6.04,-17.27,1.46,0.00017542726346315047,303.85,279.13,317.04,0.06359227454282634,296.02,312.92,0.027745509292221745
2023-08-08,265.02,270.46,274.66,265.0,107273,2903796945.0,3.59,0.61,1.65,0.88,0.025873143502536843,303.47,273.64,316.87,0.07319346259632217,294.82,312.54,0.029176464348225788
2023-08-09,273.4,271.25,273.4,268.67,87218,2362879700.0,1.75,0.29,0.79,0.72,0.04424194438561001,303.03,271.48,316.87,0.0771354261726593,292.66,312.54,0.03285145870945133
2023-08-10,271.0,270.21,271.86,267.68,59016,1589323360.0,1.54,-0.38,-1.04,0.49,0.043181791833985,302.6,270.62,316.87,0.07872033193503876,290.5,312.54,0.03655279254253588
2023-08-11,270.0,266.3,271.59,266.08,46060,1233691840.0,2.04,-1.45,-3.91,0.38,0.0021508418807097275,302.6,270.19,316.87,0.07951453513629689,287.48,312.54,0.04177945209769718
2023-08-14,263.44,269.62,272.09,263.3,56207,1515967425.0,3.3,1.25,3.32,0.46,0.05391389297935572,302.34,269.51,316.53,0.0802397595990875,279.27,312.54,0.056220167588832394
2023-08-15,268.55,267.93,270.19,266.4,46170,1235251199.0,1.41,-0.63,-1.69,0.38,0.025691548627558437,302.34,269.07,316.53,0.08105809772997903,276.61,312.54,0.060992099882096265
2023-08-16,268.0,271.75,275.8,266.87,65228,1780791946.0,3.33,1.43,3.82,0.54,0.12490980414869716,301.9,269.07,316.53,0.08105809772997903,273.95,312.54,0.06580734641004539
2023-08-17,270.03,273.5,274.17,269.8,46974,1277400347.0,1.61,0.64,1.75,0.39,0.15389958285102753,301.9,269.07,316.53,0.08105809772997903,273.06,312.1,0.06671514395230567
2023-08-18,272.3,271.8,275.34,269.5,42398,1157234954.0,2.14,-0.62,-1.7,0.35,0.1331488606793981,301.45,269.07,316.53,0.08105809772997903,272.62,312.1,0.06752446268185591
2023-08-21,270.46,270.19,274.8,265.62,48618,1322897363.0,3.38,-0.59,-1.61,0.4,0.08596017537054232,301.45,269.07,316.09,0.08036142339709547,272.17,312.1,0.0683350104070464
2023-08-22,273.0,269.75,273.27,267.39,43114,1162187311.0,2.18,-0.16,-0.44,0.36,0.07500754755598935,301.45,269.07,316.09,0.08036142339709547,271.73,312.1,0.06914678992945186
2023-08-23,269.0,266.91,272.01,266.37,37472,1007048861.0,2.09,-1.05,-2.84,0.31,0.012425086651470412,301.01,268.62,316.09,0.08118109558380443,271.73,312.1,0.06914678992945186
2023-08-24,265.52,275.0,275.75,265.52,57968,1578326336.0,3.83,3.03,8.09,0.48,0.2205078916555303,301.01,268.62,316.09,0.08118109558380443,271.29,312.1,0.06995980405916868
2023-08-25,274.9,277.99,282.99,273.9,84102,2355554198.0,3.31,1.09,2.99,0.69,0.24373948255687788,300.56,268.62,316.09,0.08118109558380443,271.29,312.1,0.06995980405916868
2023-08-28,294.03,282.43,294.78,276.05,78446,2215124714.0,6.74,1.6,4.44,0.65,0.2623553210619808,300.56,268.62,315.65,0.08048345670163251,271.73,311.66,0.06843893875353471
2023-08-29,282.38,271.6,282.38,269.89,130279,3565974749.0,4.42,-3.83,-10.83,1.07,0.14337390087999188,300.12,268.62,315.65,0.08048345670163251,271.73,311.66,0.06843893875353471
2023-08-30,273.0,269.0,273.5,266.5,80514,2165631042.0,2.58,-0.96,-2.6,0.66,0.05487955519557771,300.12,268.62,315.65,0.08048345670163251,271.29,311.66,0.06925203291345304
2023-08-31,267.62,270.0,272.0,267.62,49941,1347432608.0,1.63,0.37,1.0,0.41,0.11073163492756138,299.68,268.62,315.65,0.08048345670163251,271.29,311.66,0.06925203291345304
2023-09-01,270.47,269.3,271.0,266.01,36714,984820894.0,1.85,-0.26,-0.7,0.3,0.07935661292633511,299.68,268.62,315.65,0.08048345670163251,270.84,311.21,0.06935759675022105
2023-09-04,271.44,268.6,271.44,268.01,45667,1229310757.0,1.27,-0.26,-0.7,0.38,0.04397813641230079,299.68,268.62,315.65,0.08048345670163251,270.84,311.21,0.06935759675022105
2023-09-05,268.3,267.49,268.4,265.6,46567,1244610964.0,1.04,-0.41,-1.11,0.38,0.027603513168671722,299.23,268.18,315.2,0.0806058611986075,270.4,311.21,0.07017325218844261
2023-09-06,266.88,265.0,267.51,264.01,49646,1315630008.0,1.31,-0.93,-2.49,0.41,0.002257695903862661,299.23,267.74,315.2,0.08142821452460969,270.4,311.21,0.07017325218844261
2023-09-07,264.11,257.68,264.8,256.51,82205,2126264204.0,3.13,-2.76,-7.32,0.68,0.0008201209437572476,299.07,267.27,315.21,0.08230430199851685,269.72,311.3,0.07156669807416254
2023-09-08,257.68,259.75,260.93,256.05,31970,828089247.0,1.89,0.8,2.07,0.26,0.012618688954345522,298.88,266.88,315.12,0.08289225148929982,269.83,311.19,0.0711708995644082
2023-09-11,258.0,269.91,270.0,258.0,108143,2894067300.0,4.62,3.91,10.16,0.89,0.18680631448107604,298.39,265.4,315.12,0.08564710044272414,269.34,310.69,0.07129170658557919
2023-09-12,268.89,267.09,269.3,266.11,33014,883259522.0,1.18,-1.04,-2.82,0.27,0.07907735890269875,298.39,265.4,315.12,0.08564710044272414,269.34,310.69,0.07129170658557919
2023-09-13,268.0,266.58,268.5,264.0,31393,834787423.0,1.68,-0.19,-0.51,0.26,0.07137176891757975,297.89,265.4,315.12,0.08564710044272414,268.85,310.69,0.0722016957366866
2023-09-14,267.2,269.1,270.0,265.58,44847,1202613491.0,1.66,0.95,2.52,0.37,0.1632024449414876,297.89,265.4,315.12,0.08564710044272414,268.85,310.69,0.0722016957366866
2023-09-15,269.1,277.19,278.0,266.5,99963,2748772593.0,4.27,3.01,8.09,0.82,0.3670403014656484,297.4,265.4,315.12,0.08564710044272414,268.85,310.69,0.0722016957366866
2023-09-18,277.0,278.0,281.0,275.1,53069,1472259292.0,2.13,0.29,0.81,0.44,0.38020181117481816,296.91,265.4,314.63,0.08487107926854659,268.85,310.69,0.0722016957366866
2023-09-19,277.0,278.86,279.46,274.9,33984,942421357.0,1.64,0.31,0.86,0.28,0.39720969377721493,296.42,265.4,314.63,0.08487107926854659,268.85,310.69,0.0722016957366866
2023-09-20,277.01,276.12,278.53,273.69,33891,933739120.0,1.74,-0.98,-2.74,0.28,0.3494343930910253,296.42,265.4,314.63,0.08487107926854659,268.85,310.69,0.0722016957366866
2023-09-21,274.01,273.19,275.6,272.25,31183,854323451.0,1.21,-1.06,-2.93,0.26,0.30319819074836785,296.42,265.4,314.63,0.08487107926854659,268.85,310.69,0.0722016957366866
2023-09-22,274.3,273.21,274.3,270.72,36140,986608904.0,1.31,0.01,0.02,0.3,0.30580012863363304,295.92,265.9,314.63,0.08395111825573953,268.85,310.69,0.0722016957366866
2023-09-25,274.21,276.3,277.6,272.9,38793,1070970565.0,1.72,1.13,3.09,0.32,0.3729946524539329,295.92,265.9,314.63,0.08395111825573953,268.85,310.2,0.0714129244249726
2023-09-26,275.0,272.37,275.99,271.56,29914,817110884.0,1.6,-1.42,-3.93,0.25,0.2878562875886072,295.43,265.9,314.63,0.08395111825573953,268.85,310.2,0.0714129244249726
2023-09-27,273.5,270.68,274.7,269.54,49856,1354174010.0,1.89,-0.62,-1.69,0.41,0.21515878668474092,295.43,265.9,314.63,0.08395111825573953,268.85,310.2,0.0714129244249726
2023-09-28,271.57,269.81,271.99,269.2,31750,857814290.0,1.03,-0.32,-0.87,0.26,0.17072495186234446,294.94,265.9,314.63,0.08395111825573953,269.34,310.2,0.07050283230758803
2023-10-09,269.0,272.15,273.99,268.02,35494,963805382.0,2.21,0.87,2.34,0.29,0.28348034236153813,294.94,265.9,314.63,0.08395111825573953,269.34,310.2,0.07050283230758803
2023-10-10,274.15,271.58,276.49,271.58,31113,850514248.0,1.8,-0.21,-0.57,0.26,0.26188963218967093,294.45,265.9,314.63,0.08395111825573953,269.34,310.2,0.07050283230758803
2023-10-11,274.0,271.7,274.88,270.52,40580,1106566433.0,1.61,0.04,0.12,0.33,0.260537040958949,293.46,265.9,314.63,0.08395111825573953,269.34,310.2,0.07050283230758803
2023-10-12,274.4,273.67,274.99,272.02,25042,685485806.0,1.09,0.73,1.97,0.21,0.33736020285225143,292.97,265.9,314.63,0.08395111825573953,269.34,310.2,0.07050283230758803
2023-10-13,272.21,271.21,272.99,270.01,23464,636021373.0,1.09,-0.9,-2.46,0.19,0.23727693088534865,292.48,265.9,314.63,0.08395111825573953,269.34,310.2,0.07050283230758803
2023-10-16,272.15,267.9,272.3,267.5,29356,789212020.0,1.77,-1.22,-3.31,0.24,0.1068868612707632,291.99,265.9,314.63,0.08395111825573953,269.34,310.2,0.07050283230758803
2023-10-17,279.96,266.88,279.96,263.11,37022,992513015.0,6.29,-0.38,-1.02,0.31,0.06242594812593472,291.0,265.9,314.63,0.08395111825573953,269.34,310.2,0.07050283230758803
2023-10-18,264.61,264.53,266.99,262.88,31557,835262577.0,1.54,-0.88,-2.35,0.26,0.03978900470051216,290.02,265.4,314.63,0.08487107926854659,268.85,309.71,0.07062281081814714
2023-10-19,262.48,260.27,264.0,259.6,32387,844809981.0,1.66,-1.61,-4.26,0.27,0.014027863532808795,289.03,264.91,314.63,0.0857926031694746,268.85,309.71,0.07062281081814714
2023-10-20,259.08,257.4,261.34,256.41,24982,643929557.0,1.89,-1.1,-2.87,0.21,0.0013483750183112839,288.54,264.42,314.14,0.08593860111605858,268.85,309.71,0.07062281081814714
2023-10-23,257.29,259.21,261.03,255.52,22046,570543564.0,2.14,0.7,1.81,0.18,0.01566040328434485,287.75,263.95,314.52,0.08742927470373331,268.91,309.57,0.07028627966378558
2023-10-24,259.25,260.0,261.88,257.68,27752,721917357.0,1.62,0.3,0.79,0.23,0.027167879199894992,286.76,262.96,314.52,0.08929665541982275,268.41,309.57,0.07120446230298717
2023-10-25,262.65,257.7,262.68,256.3,30777,796321145.0,2.45,-0.88,-2.3,0.25,0.005017235488950073,285.77,261.97,314.52,0.091170460662709,268.41,309.57,0.07120446230298717
2023-10-26,258.57,256.8,261.7,253.48,34141,879000672.0,3.19,-0.35,-0.9,0.28,0.003111792239121122,284.05,261.12,314.11,0.09212052877646472,268.26,309.53,0.07143135921139206
2023-10-27,255.57,265.85,265.9,255.57,58510,1534225568.0,4.02,3.52,9.05,0.48,0.101079408058411,280.99,260.61,314.11,0.09308875872312991,267.75,309.53,0.07237705489803989
2023-10-30,268.0,283.08,284.25,268.0,97244,2725468300.0,6.11,6.48,17.23,0.8,0.5148803218552936,279.47,261.12,314.11,0.09212052877646472,268.26,309.53,0.07143135921139206
2023-10-31,282.4,286.02,287.33,281.31,52917,1510045057.0,2.13,1.04,2.94,0.44,0.523254336865678,280.49,261.12,314.11,0.09212052877646472,268.26,309.53,0.07143135921139206
2023-11-01,284.06,282.8,285.5,281.1,35547,1004709748.0,1.54,-1.13,-3.22,0.29,0.5083187778391269,280.99,261.12,314.11,0.09212052877646472,268.26,309.53,0.07143135921139206
2023-11-02,284.0,283.4,284.5,281.83,30889,875482878.0,0.94,0.21,0.6,0.25,0.5113576779057057,281.5,261.12,314.11,0.09212052877646472,268.26,309.53,0.07143135921139206
2023-11-03,283.4,282.65,285.35,281.68,31363,889348164.0,1.29,-0.26,-0.75,0.26,0.5045870724895057,282.52,261.12,314.11,0.09212052877646472,268.26,309.02,0.07061176087613644
2023-11-06,284.9,285.22,285.85,282.02,39904,1132925041.0,1.36,0.91,2.57,0.33,0.533699958414391,282.52,261.12,314.11,0.09212052877646472,268.26,309.02,0.07061176087613644
2023-11-07,285.25,282.6,285.25,282.0,24050,680809022.0,1.14,-0.92,-2.62,0.2,0.4990213003404853,283.03,261.12,314.11,0.09212052877646472,268.26,309.02,0.07061176087613644
2023-11-08,282.2,286.7,288.36,282.0,35923,1027880868.0,2.25,1.45,4.1,0.3,0.5448767046888543,283.03,261.12,314.11,0.09212052877646472,268.26,309.02,0.07061176087613644
2023-11-09,284.5,284.0,285.69,282.25,24793,704582560.0,1.2,-0.94,-2.7,0.2,0.5135336926476395,283.03,261.12,314.11,0.09212052877646472,268.26,309.02,0.07061176087613644
2023-11-10,283.0,285.21,287.0,282.5,20571,586865276.0,1.58,0.43,1.21,0.17,0.5393670919657225,283.03,261.12,314.11,0.09212052877646472,268.26,309.02,0.07061176087613644
2023-11-13,285.22,282.79,286.9,280.8,37000,1044350132.0,2.14,-0.85,-2.42,0.31,0.4893335051680372,283.54,261.12,314.11,0.09212052877646472,268.26,309.02,0.07061176087613644
2023-11-14,283.86,286.47,289.98,283.1,32712,939126352.0,2.43,1.3,3.68,0.27,0.5495411782259788,283.54,261.12,314.11,0.09212052877646472,268.26,309.02,0.07061176087613644
2023-11-15,289.4,290.95,291.64,285.0,34255,993570695.0,2.32,1.56,4.48,0.28,0.5717303171989833,283.54,261.12,314.11,0.09212052877646472,268.26,309.02,0.07061176087613644
2023-11-16,290.1,288.08,291.73,287.2,19576,564932806.0,1.56,-0.99,-2.87,0.16,0.5541934811262054,283.54,261.12,314.11,0.09212052877646472,268.26,309.02,0.07061176087613644
2023-11-17,287.01,285.5,288.9,284.5,20014,572020421.0,1.53,-0.9,-2.58,0.17,0.5325402554298135,283.54,261.12,314.11,0.09212052877646472,268.26,308.51,0.06979071443066914
2023-11-20,286.0,287.5,287.83,284.22,17171,491577606.0,1.26,0.7,2.0,0.14,0.5533658422903195,284.05,261.12,314.11,0.09212052877646472,268.26,308.51,0.06979071443066914
2023-11-21,288.46,287.2,290.45,284.22,24870,716124471.0,2.17,-0.1,-0.3,0.21,0.5529494649172526,284.05,261.12,314.11,0.09212052877646472,268.26,308.51,0.06979071443066914
2023-11-22,283.0,282.89,285.49,281.25,20307,575726480.0,1.48,-1.5,-4.31,0.17,0.4745390471071883,284.05,261.12,314.11,0.09212052877646472,268.26,308.51,0.06979071443066914
2023-11-23,283.67,282.33,284.8,278.0,19055,537564506.0,2.4,-0.2,-0.56,0.16,0.46829516611903865,284.05,261.12,314.11,0.09212052877646472,268.77,308.51,0.06884646685423305
2023-11-24,282.76,283.2,283.54,280.7,19035,537621120.0,1.01,0.31,0.87,0.16,0.48843747671432347,283.54,261.12,313.6,0.09131563950935603,268.77,308.51,0.06884646685423305
2023-11-27,285.0,281.27,285.96,279.0,23288,654505506.0,2.46,-0.68,-1.93,0.19,0.45835466338157355,283.54,261.63,313.6,0.09034898014614812,268.77,308.51,0.06884646685423305
2023-11-28,281.77,284.58,284.77,280.01,22474,636405380.0,1.69,1.18,3.31,0.19,0.5296531894715405,283.54,261.63,313.6,0.09034898014614812,268.77,308.51,0.06884646685423305
2023-11-29,286.0,286.28,290.0,284.2,28170,807884788.0,2.04,0.6,1.7,0.23,0.5501042904584915,283.54,261.63,313.6,0.09034898014614812,268.77,308.51,0.06884646685423305
2023-11-30,287.73,290.87,291.99,285.03,40156,1168227604.0,2.43,1.6,4.59,0.33,0.5917645268988189,284.05,261.63,313.6,0.09034898014614812,268.77,308.51,0.06884646685423305
2023-12-01,292.59,290.1,293.9,286.21,35367,1023479334.0,2.64,-0.26,-0.77,0.29,0.5842135617761811,284.05,261.63,313.6,0.09034898014614812,268.77,308.51,0.06884646685423305
2023-12-04,293.0,293.05,296.95,290.49,45947,1349468347.0,2.23,1.02,2.95,0.38,0.5999842329840399,284.05,261.63,313.6,0.09034898014614812,268.77,308.0,0.06802386090077882
2023-12-05,294.48,288.84,294.63,288.0,35804,1045328547.0,2.26,-1.44,-4.21,0.3,0.5648926899693796,284.05,261.63,313.6,0.09034898014614812,268.77,308.0,0.06802386090077882
2023-12-06,288.77,281.85,288.8,281.2,44667,1264169303.0,2.63,-2.42,-6.99,0.37,0.44165138814657195,284.56,261.63,313.6,0.09034898014614812,268.77,308.0,0.06802386090077882
2023-12-07,281.75,283.0,283.31,279.56,37310,1051617839.0,1.33,0.41,1.15,0.31,0.46135196071241064,284.05,261.63,313.6,0.09034898014614812,268.77,308.0,0.06802386090077882
2023-12-08,282.9,296.0,297.68,282.1,88031,2578324092.0,5.51,4.59,13.0,0.73,0.6443632377382706,284.56,261.63,313.6,0.09034898014614812,268.77,308.0,0.06802386090077882
2023-12-11,293.9,297.84,300.0,291.29,43600,1290264242.0,2.94,0.62,1.84,0.36,0.6733752580195987,284.56,261.63,313.6,0.09034898014614812,268.77,307.49,0.06719980023796285
2023-12-12,296.91,297.79,299.88,295.35,24146,718107599.0,1.52,-0.02,-0.05,0.2,0.6648369622055358,284.56,261.63,313.6,0.09034898014614812,268.77,307.49,0.06719980023796285
2023-12-13,301.41,297.89,301.41,297.03,27894,833302957.0,1.47,0.03,0.1,0.23,0.6705775491550331,285.07,261.63,313.6,0.09034898014614812,268.77,307.49,0.06719980023796285
2023-12-14,299.88,295.0,301.0,293.88,24728,731949592.0,2.39,-0.97,-2.89,0.2,0.6194792041710301,285.07,262.14,313.6,0.08938403175147905,268.77,307.49,0.06719980023796285
2023-12-15,297.99,293.0,299.05,288.0,38539,1122104347.0,3.75,-0.68,-2.0,0.32,0.5968839437492512,285.07,262.14,313.6,0.08938403175147905,268.77,307.49,0.06719980023796285
2023-12-18,294.5,290.97,294.5,289.5,25607,747088072.0,1.71,-0.69,-2.03,0.21,0.5745074287227945,285.58,262.14,313.6,0.08938403175147905,269.28,307.49,0.0662570073708884
2023-12-19,289.98,289.08,291.68,286.0,23229,669874760.0,1.95,-0.65,-1.89,0.19,0.549486776250551,285.58,262.14,313.6,0.08938403175147905,269.28,307.49,0.0662570073708884
2023-12-20,290.15,290.35,293.8,289.08,18851,549965137.0,1.63,0.44,1.27,0.16,0.5689020407493287,285.58,262.14,313.6,0.08938403175147905,269.28,307.49,0.0662570073708884
2023-12-21,292.36,289.18,292.94,288.3,11864,343419652.59,1.6,-0.4,-1.17,0.1,0.5539222154001815,285.58,262.14,313.6,0.08938403175147905,269.28,307.49,0.0662570073708884
